0.100000  0.060000  0.012941  0.027059  0.024706  0.051765  0.078824  0.080000  0.035294  0.111765  0.034118  0.044706  0.057647  0.022353  0.107059  0.100000  0.101176  0.016471  0.000000  0.047059  0.008235  0.045882  0.067059  0.021176  0.096471  0.010588  0.054118  0.114118  0.096471  0.098824  0.065882  0.054118  0.034118  0.064706  0.012941  
0.388235  0.100000  0.435294  0.488235  0.364706  0.352941  0.476471  0.194118  0.329412  0.129412  0.011765  0.535294  0.088235  0.100000  0.294118  0.117647  0.105882  0.176471  0.470588  0.294118  0.200000  0.317647  0.335294  0.176471  0.388235  0.376471  0.447059  0.241176  0.358824  0.158824  0.441176  0.029412  0.417647  0.070588  0.423529  
0.101087  0.040217  0.100000  0.005435  0.094565  0.002174  0.053261  0.038043  0.041304  0.029348  0.003261  0.040217  0.008696  0.004348  0.092391  0.084783  0.046739  0.051087  0.100000  0.060870  0.089130  0.004348  0.021739  0.031522  0.039130  0.021739  0.093478  0.028261  0.083696  0.003261  0.106522  0.073913  0.047826  0.079348  0.027174  
0.097561  0.097561  0.170732  0.100000  0.021951  0.121951  0.007317  0.073171  0.026829  0.051220  0.170732  0.226829  0.107317  0.090244  0.121951  0.231707  0.058537  0.085366  0.151220  0.173171  0.129268  0.153659  0.141463  0.060976  0.102439  0.158537  0.126829  0.026829  0.117073  0.185366  0.102439  0.124390  0.129268  0.187805  0.146341  
0.881818  0.245455  0.054545  0.709091  0.100000  0.545455  0.009091  0.227273  0.045455  0.372727  0.627273  0.300000  0.409091  0.218182  0.645455  0.581818  0.563636  0.363636  0.300000  0.800000  0.027273  0.381818  0.900000  0.354545  0.645455  0.563636  0.045455  0.818182  0.100000  0.754545  0.127273  0.854545  0.027273  0.145455  0.781818  
0.064948  0.062887  0.025773  0.032990  0.089691  0.100000  0.061856  0.012371  0.026804  0.034021  0.009278  0.052577  0.018557  0.044330  0.056701  0.031959  0.012371  0.071134  0.045361  0.040206  0.022680  0.016495  0.098969  0.098969  0.018557  0.025773  0.054639  0.071134  0.039175  0.025773  0.048454  0.050515  0.077320  0.034021  0.063918  
0.200000  3.200000  1.200000  1.900000  1.466667  1.033333  0.100000  2.633333  1.333333  1.166667  2.766667  2.166667  3.166667  1.066667  0.800000  0.166667  0.000000  0.300000  0.233333  0.500000  0.700000  0.166667  2.333333  0.633333  1.466667  0.533333  2.733333  3.100000  0.866667  0.933333  2.866667  0.466667  1.800000  2.800000  3.166667  
0.409524  0.261905  0.461905  0.409524  0.285714  0.119048  0.114286  0.100000  0.100000  0.290476  0.380952  0.295238  0.100000  0.414286  0.152381  0.276190  0.333333  0.452381  0.071429  0.028571  0.476190  0.000000  0.028571  0.061905  0.295238  0.152381  0.252381  0.242857  0.352381  0.200000  0.142857  0.042857  0.109524  0.285714  0.209524  
0.933333  1.044444  0.322222  0.144444  0.555556  0.244444  0.777778  0.677778  0.100000  0.888889  0.055556  0.677778  0.855556  0.933333  0.144444  1.033333  0.555556  1.055556  0.911111  0.833333  0.344444  0.055556  0.711111  0.477778  0.944444  0.877778  1.088889  0.555556  0.655556  0.555556  0.188889  0.966667  0.244444  0.411111  0.611111  
0.122785  0.065823  0.107595  0.050633  0.045570  0.096203  0.065823  0.013924  0.041772  0.100000  0.044304  0.040506  0.007595  0.040506  0.089873  0.049367  0.097468  0.115190  0.101266  0.078481  0.078481  0.102532  0.041772  0.048101  0.011392  0.063291  0.034177  0.108861  0.105063  0.122785  0.044304  0.091139  0.035443  0.056962  0.125316  
0.088235  0.091176  0.008824  0.185294  0.079412  0.123529  0.085294  0.008824  0.191176  0.070588  0.100000  0.041176  0.138235  0.017647  0.150000  0.097059  0.250000  0.238235  0.067647  0.064706  0.094118  0.235294  0.000000  0.150000  0.076471  0.247059  0.244118  0.047059  0.000000  0.208824  0.188235  0.267647  0.052941  0.050000  0.220588  
0.234211  0.210526  0.189474  0.086842  0.157895  0.136842  0.039474  0.115789  0.139474  0.073684  0.023684  0.100000  0.218421  0.107895  0.134211  0.097368  0.223684  0.055263  0.028947  0.257895  0.134211  0.260526  0.028947  0.157895  0.039474  0.160526  0.242105  0.234211  0.057895  0.007895  0.157895  0.107895  0.092105  0.076316  0.110526  
0.032530  0.060241  0.098795  0.114458  0.110843  0.095181  0.057831  0.116867  0.080723  0.091566  0.019277  0.039759  0.100000  0.065060  0.106024  0.059036  0.098795  0.007229  0.061446  0.020482  0.078313  0.027711  0.075904  0.044578  0.028916  0.069880  0.075904  0.032530  0.087952  0.001205  0.089157  0.112048  0.010843  0.110843  0.090361  
0.133333  0.111111  0.046296  0.105556  0.072222  0.018519  0.114815  0.066667  0.035185  0.053704  0.185185  0.012963  0.094444  0.100000  0.055556  0.020370  0.061111  0.151852  0.114815  0.085185  0.177778  0.068519  0.107407  0.101852  0.111111  0.142593  0.079630  0.122222  0.155556  0.079630  0.003704  0.138889  0.159259  0.014815  0.092593  
0.078873  0.066197  0.042254  0.063380  0.136620  0.095775  0.036620  0.057746  0.133803  0.109859  0.057746  0.088732  0.112676  0.061972  0.100000  0.109859  0.076056  0.053521  0.040845  0.085915  0.097183  0.026761  0.071831  0.128169  0.004225  0.007042  0.026761  0.107042  0.136620  0.047887  0.112676  0.053521  0.001408  0.114085  0.102817  
0.155932  0.088136  0.132203  0.079661  0.155932  0.027119  0.162712  0.023729  0.116949  0.001695  0.001695  0.101695  0.125424  0.130508  0.106780  0.100000  0.025424  0.064407  0.130508  0.101695  0.027119  0.150847  0.020339  0.018644  0.067797  0.069492  0.162712  0.020339  0.105085  0.050847  0.035593  0.083051  0.064407  0.054237  0.030508  
0.069697  0.063636  0.148485  0.100000  0.075758  0.124242  0.148485  0.083333  0.051515  0.004545  0.031818  0.139394  0.043939  0.021212  0.131818  0.092424  0.100000  0.130303  0.071212  0.103030  0.028788  0.068182  0.048485  0.122727  0.018182  0.150000  0.086364  0.124242  0.109091  0.016667  0.010606  0.009091  0.148485  0.133333  0.024242  
0.100000  0.395652  0.052174  0.069565  0.134783  0.339130  0.200000  0.078261  0.260870  0.408696  0.352174  0.382609  0.178261  0.239130  0.421739  0.121739  0.282609  0.100000  0.186957  0.065217  0.256522  0.217391  0.304348  0.239130  0.386957  0.152174  0.113043  0.056522  0.026087  0.343478  0.252174  0.226087  0.330435  0.286957  0.404348  
0.039759  0.040964  0.036145  0.116867  0.028916  0.024096  0.097590  0.059036  0.079518  0.037349  0.020482  0.032530  0.096386  0.021687  0.104819  0.039759  0.075904  0.031325  0.100000  0.031325  0.000000  0.098795  0.119277  0.087952  0.083133  0.056627  0.028916  0.091566  0.098795  0.092771  0.107229  0.110843  0.036145  0.030120  0.096386  
0.200000  0.145455  0.156818  0.188636  0.213636  0.084091  0.163636  0.047727  0.065909  0.070455  0.047727  0.172727  0.177273  0.097727  0.120455  0.215909  0.086364  0.022727  0.204545  0.100000  0.052273  0.063636  0.120455  0.054545  0.081818  0.036364  0.154545  0.084091  0.161364  0.054545  0.081818  0.125000  0.125000  0.145455  0.190909  
0.131081  0.131081  0.097297  0.075676  0.125676  0.113514  0.097297  0.060811  0.028378  0.037838  0.120270  0.062162  0.089189  0.062162  0.109459  0.051351  0.006757  0.079730  0.071622  0.039189  0.100000  0.120270  0.095946  0.110811  0.050000  0.124324  0.114865  0.127027  0.075676  0.044595  0.094595  0.116216  0.095946  0.102703  0.050000  
0.017742  0.032258  0.108065  0.070968  0.082258  0.104839  0.030645  0.129032  0.104839  0.040323  0.004839  0.079032  0.066129  0.012903  0.112903  0.106452  0.008065  0.140323  0.112903  0.093548  0.009677  0.100000  0.024194  0.135484  0.127419  0.067742  0.046774  0.070968  0.138710  0.020968  0.090323  0.059677  0.090323  0.025806  0.062903  
0.088235  0.194118  0.045098  0.186275  0.113725  0.064706  0.190196  0.045098  0.009804  0.045098  0.049020  0.186275  0.123529  0.005882  0.129412  0.170588  0.049020  0.139216  0.174510  0.043137  0.088235  0.123529  0.100000  0.135294  0.092157  0.037255  0.068627  0.080392  0.164706  0.147059  0.139216  0.156863  0.123529  0.082353  0.070588  
0.114286  0.019643  0.008929  0.085714  0.039286  0.019643  0.144643  0.087500  0.144643  0.096429  0.055357  0.050000  0.132143  0.101786  0.112500  0.103571  0.003571  0.141071  0.003571  0.008929  0.133929  0.010714  0.053571  0.100000  0.089286  0.048214  0.139286  0.021429  0.075000  0.173214  0.125000  0.080357  0.142857  0.162500  0.175000  
0.150877  0.001754  0.070175  0.000000  0.115789  0.098246  0.115789  0.173684  0.059649  0.085965  0.031579  0.105263  0.168421  0.114035  0.043860  0.159649  0.014035  0.152632  0.171930  0.166667  0.066667  0.166667  0.077193  0.050877  0.100000  0.043860  0.078947  0.031579  0.161404  0.173684  0.022807  0.091228  0.170175  0.047368  0.094737  
0.097368  0.044737  0.127632  0.111842  0.025000  0.044737  0.119737  0.035526  0.002632  0.072368  0.002632  0.075000  0.044737  0.036842  0.017105  0.048684  0.075000  0.114474  0.122368  0.109211  0.084211  0.115789  0.023684  0.117105  0.089474  0.100000  0.106579  0.121053  0.014474  0.056579  0.052632  0.026316  0.088158  0.080263  0.035526  
0.007692  0.102564  0.083333  0.079487  0.085897  0.093590  0.082051  0.038462  0.093590  0.051282  0.114103  0.097436  0.088462  0.014103  0.117949  0.001282  0.050000  0.112821  0.050000  0.082051  0.073077  0.008974  0.097436  0.074359  0.041026  0.112821  0.100000  0.046154  0.101282  0.087179  0.102564  0.105128  0.088462  0.082051  0.046154  
0.079730  0.106757  0.064865  0.054054  0.068919  0.043243  0.064865  0.117568  0.016216  0.002703  0.121622  0.040541  0.097297  0.048649  0.070270  0.082432  0.062162  0.071622  0.129730  0.114865  0.095946  0.005405  0.097297  0.002703  0.027027  0.013514  0.027027  0.100000  0.086486  0.060811  0.116216  0.037838  0.120270  0.068919  0.091892  
0.464286  0.200000  0.300000  0.335714  0.135714  0.057143  0.285714  0.385714  0.007143  0.478571  0.635714  0.242857  0.471429  0.050000  0.150000  0.157143  0.321429  0.335714  0.428571  0.607143  0.321429  0.392857  0.085714  0.671429  0.285714  0.314286  0.192857  0.071429  0.100000  0.128571  0.621429  0.285714  0.457143  0.035714  0.057143  
0.124138  0.220690  0.268966  0.006897  0.048276  0.165517  0.144828  0.251724  0.286207  0.120690  0.334483  0.117241  0.175862  0.120690  0.075862  0.313793  0.286207  0.141379  0.058621  0.337931  0.231034  0.227586  0.037931  0.175862  0.062069  0.158621  0.213793  0.010345  0.055172  0.100000  0.096552  0.303448  0.179310  0.272414  0.268966  
0.009195  0.002299  0.101149  0.063218  0.055172  0.065517  0.070115  0.082759  0.081609  0.083908  0.027586  0.009195  0.087356  0.109195  0.003448  0.063218  0.080460  0.039080  0.047126  0.096552  0.078161  0.060920  0.080460  0.086207  0.010345  0.072414  0.016092  0.033333  0.070115  0.041379  0.100000  0.055172  0.049425  0.033333  0.035632  
0.040909  0.395455  0.177273  0.272727  0.300000  0.363636  0.381818  0.318182  0.113636  0.236364  0.390909  0.204545  0.350000  0.031818  0.400000  0.295455  0.068182  0.209091  0.109091  0.068182  0.222727  0.409091  0.072727  0.040909  0.390909  0.118182  0.427273  0.313636  0.013636  0.059091  0.450000  0.100000  0.350000  0.418182  0.063636  
0.137500  0.083333  0.191667  0.183333  0.000000  0.025000  0.395833  0.000000  0.408333  0.054167  0.041667  0.150000  0.045833  0.358333  0.400000  0.375000  0.362500  0.037500  0.308333  0.287500  0.045833  0.345833  0.083333  0.237500  0.325000  0.212500  0.070833  0.216667  0.391667  0.370833  0.375000  0.066667  0.100000  0.291667  0.350000  
0.100000  0.094949  0.090909  0.046465  0.045455  0.051515  0.064646  0.018182  0.089899  0.007071  0.041414  0.040404  0.015152  0.068687  0.100000  0.010101  0.026263  0.021212  0.050505  0.050505  0.071717  0.067677  0.051515  0.093939  0.046465  0.014141  0.027273  0.082828  0.067677  0.009091  0.088889  0.096970  0.057576  0.100000  0.042424  
0.054839  0.015054  0.080645  0.001075  0.049462  0.082796  0.049462  0.077419  0.058065  0.046237  0.053763  0.012903  0.081720  0.100000  0.050538  0.049462  0.056989  0.076344  0.018280  0.026882  0.061290  0.066667  0.097849  0.022581  0.053763  0.064516  0.021505  0.107527  0.060215  0.039785  0.031183  0.087097  0.046237  0.034409  0.100000  
0.000342  0.000765  0.000329  0.000493  0.000951  0.000320  0.001821  0.000688  0.001052  0.000355  0.000541  0.000512  0.000346  0.000429  0.000374  0.000411  0.000388  0.000658  0.000346  0.000476  0.000367  0.000401  0.000442  0.000422  0.000418  0.000362  0.000357  0.000367  0.000843  0.000586  0.000338  0.000673  0.000644  0.000317  0.000327  