0.100000  0.120988  0.009877  0.003704  0.049383  0.001235  0.014815  0.109877  0.109877  0.055556  0.083951  0.107407  0.060494  0.118519  0.095062  0.046914  0.111111  0.112346  0.039506  0.012346  0.112346  0.033333  0.095062  0.035802  0.119753  0.071605  0.111111  0.072840  0.117284  0.043210  0.006173  0.048148  0.038272  0.069136  0.003704  
0.091304  0.100000  0.273913  0.195652  0.273913  0.269565  0.034783  0.108696  0.195652  0.339130  0.043478  0.100000  0.047826  0.304348  0.034783  0.221739  0.213043  0.108696  0.178261  0.143478  0.239130  0.308696  0.395652  0.091304  0.043478  0.408696  0.313043  0.339130  0.247826  0.156522  0.017391  0.391304  0.147826  0.352174  0.013043  
0.013265  0.025510  0.100000  0.097959  0.037755  0.060204  0.096939  0.065306  0.077551  0.001020  0.005102  0.098980  0.077551  0.050000  0.091837  0.018367  0.087755  0.016327  0.101020  0.034694  0.101020  0.081633  0.087755  0.071429  0.071429  0.089796  0.073469  0.060204  0.034694  0.092857  0.072449  0.098980  0.008163  0.043878  0.084694  
0.004348  0.291304  0.208696  0.100000  0.247826  0.195652  0.269565  0.260870  0.417391  0.204348  0.000000  0.373913  0.391304  0.373913  0.239130  0.413043  0.313043  0.169565  0.156522  0.013043  0.060870  0.313043  0.369565  0.343478  0.008696  0.278261  0.386957  0.413043  0.252174  0.300000  0.417391  0.069565  0.165217  0.265217  0.191304  
0.129688  0.040625  0.137500  0.046875  0.100000  0.087500  0.046875  0.007812  0.025000  0.071875  0.103125  0.009375  0.112500  0.128125  0.010937  0.071875  0.087500  0.107813  0.067188  0.017188  0.128125  0.048437  0.079687  0.112500  0.089062  0.020312  0.114063  0.090625  0.153125  0.001563  0.018750  0.029687  0.045313  0.123438  0.134375  
0.020879  0.090110  0.025275  0.032967  0.098901  0.100000  0.010989  0.098901  0.109890  0.028571  0.062637  0.036264  0.084615  0.028571  0.106593  0.048352  0.027473  0.103297  0.029670  0.018681  0.079121  0.035165  0.018681  0.068132  0.043956  0.014286  0.039560  0.047253  0.103297  0.108791  0.090110  0.021978  0.059341  0.010989  0.028571  
0.300000  0.273913  0.117391  0.060870  0.100000  0.308696  0.100000  0.086957  0.065217  0.434783  0.113043  0.295652  0.413043  0.260870  0.165217  0.386957  0.234783  0.204348  0.282609  0.421739  0.226087  0.113043  0.126087  0.134783  0.169565  0.347826  0.352174  0.208696  0.400000  0.034783  0.260870  0.373913  0.130435  0.313043  0.252174  
0.089655  0.002299  0.065517  0.073563  0.059770  0.089655  0.009195  0.100000  0.104598  0.045977  0.078161  0.010345  0.036782  0.042529  0.111494  0.071264  0.006897  0.036782  0.106897  0.041379  0.021839  0.014943  0.083908  0.050575  0.024138  0.018391  0.043678  0.113793  0.103448  0.093103  0.088506  0.035632  0.000000  0.093103  0.028736  
0.100000  0.080000  0.500000  1.860000  1.100000  1.060000  1.560000  1.040000  0.100000  1.220000  0.780000  0.300000  0.320000  0.320000  0.240000  1.680000  1.520000  0.520000  0.300000  1.420000  1.600000  0.020000  1.500000  0.780000  1.380000  0.780000  1.300000  0.580000  1.100000  1.360000  0.920000  0.680000  1.280000  0.780000  0.000000  
0.612500  0.356250  0.543750  0.568750  0.006250  0.262500  0.018750  0.062500  0.318750  0.100000  0.000000  0.150000  0.606250  0.500000  0.568750  0.062500  0.068750  0.412500  0.231250  0.200000  0.487500  0.525000  0.593750  0.131250  0.181250  0.481250  0.256250  0.337500  0.468750  0.187500  0.100000  0.143750  0.043750  0.343750  0.331250  
0.069643  0.078571  0.085714  0.150000  0.001786  0.058929  0.173214  0.123214  0.042857  0.176786  0.100000  0.178571  0.146429  0.060714  0.112500  0.039286  0.128571  0.171429  0.142857  0.033929  0.144643  0.125000  0.091071  0.133929  0.148214  0.125000  0.069643  0.175000  0.087500  0.016071  0.046429  0.166071  0.098214  0.128571  0.048214  
0.844444  0.922222  0.988889  0.055556  0.322222  0.644444  0.766667  1.044444  1.066667  0.000000  0.800000  0.100000  0.355556  0.300000  0.877778  1.055556  0.655556  0.477778  0.066667  0.400000  0.488889  0.644444  0.200000  0.744444  0.255556  0.922222  0.866667  0.222222  0.011111  0.388889  0.422222  1.044444  0.155556  0.666667  0.833333  
0.584615  0.569231  0.100000  0.469231  0.676923  0.576923  0.453846  0.330769  0.576923  0.015385  0.392308  0.530769  0.100000  0.269231  0.738462  0.569231  0.007692  0.223077  0.469231  0.376923  0.284615  0.538462  0.300000  0.038462  0.623077  0.400000  0.192308  0.738462  0.038462  0.007692  0.207692  0.576923  0.092308  0.307692  0.200000  
0.042105  0.228947  0.168421  0.228947  0.128947  0.121053  0.055263  0.121053  0.244737  0.113158  0.028947  0.013158  0.221053  0.100000  0.231579  0.197368  0.152632  0.010526  0.126316  0.102632  0.213158  0.000000  0.189474  0.092105  0.144737  0.065789  0.044737  0.144737  0.255263  0.115789  0.147368  0.157895  0.226316  0.200000  0.218421  
0.107407  0.041975  0.041975  0.062963  0.011111  0.011111  0.037037  0.095062  0.071605  0.027160  0.100000  0.081481  0.040741  0.045679  0.100000  0.025926  0.055556  0.103704  0.111111  0.053086  0.106173  0.045679  0.112346  0.054321  0.116049  0.111111  0.065432  0.038272  0.034568  0.113580  0.077778  0.035802  0.009877  0.002469  0.029630  
0.073196  0.036082  0.004124  0.000000  0.041237  0.102062  0.061856  0.067010  0.021649  0.041237  0.087629  0.079381  0.082474  0.026804  0.100000  0.100000  0.095876  0.042268  0.028866  0.018557  0.083505  0.072165  0.028866  0.011340  0.098969  0.017526  0.086598  0.024742  0.019588  0.004124  0.071134  0.070103  0.041237  0.077320  0.031959  
0.279310  0.217241  0.131034  0.289655  0.203448  0.072414  0.324138  0.034483  0.100000  0.227586  0.265517  0.220690  0.062069  0.068966  0.251724  0.306897  0.100000  0.106897  0.237931  0.048276  0.258621  0.055172  0.258621  0.248276  0.027586  0.293103  0.124138  0.144828  0.103448  0.093103  0.137931  0.062069  0.175862  0.279310  0.010345  
0.980000  0.300000  1.400000  1.620000  1.560000  1.680000  1.080000  0.860000  1.560000  1.920000  1.080000  0.100000  0.180000  1.680000  0.900000  1.080000  0.780000  0.100000  0.900000  1.920000  0.140000  1.880000  1.060000  0.080000  1.460000  1.480000  1.660000  0.480000  1.300000  0.420000  1.640000  1.640000  0.800000  0.000000  0.520000  
0.018182  0.081818  0.022727  0.259091  0.245455  0.340909  0.222727  0.331818  0.331818  0.040909  0.013636  0.345455  0.063636  0.190909  0.350000  0.104545  0.336364  0.031818  0.100000  0.013636  0.218182  0.368182  0.095455  0.395455  0.445455  0.027273  0.340909  0.450000  0.345455  0.368182  0.027273  0.045455  0.313636  0.409091  0.154545  
0.237500  0.131250  0.268750  0.493750  0.475000  0.556250  0.243750  0.050000  0.300000  0.625000  0.225000  0.206250  0.306250  0.143750  0.618750  0.362500  0.431250  0.243750  0.075000  0.100000  0.400000  0.037500  0.193750  0.368750  0.006250  0.018750  0.587500  0.125000  0.606250  0.012500  0.237500  0.568750  0.387500  0.525000  0.281250  
0.134921  0.026984  0.030159  0.087302  0.065079  0.147619  0.001587  0.106349  0.142857  0.039683  0.001587  0.044444  0.050794  0.052381  0.085714  0.158730  0.050794  0.082540  0.155556  0.020635  0.100000  0.039683  0.009524  0.096825  0.138095  0.092063  0.014286  0.147619  0.006349  0.025397  0.019048  0.003175  0.150794  0.023810  0.115873  
0.322581  0.158065  0.080645  0.219355  0.103226  0.103226  0.277419  0.045161  0.096774  0.261290  0.087097  0.003226  0.061290  0.090323  0.032258  0.322581  0.164516  0.067742  0.316129  0.083871  0.103226  0.100000  0.019355  0.061290  0.032258  0.067742  0.003226  0.025806  0.141935  0.306452  0.080645  0.119355  0.048387  0.138710  0.067742  
0.130556  0.055556  0.216667  0.194444  0.055556  0.063889  0.022222  0.208333  0.052778  0.061111  0.091667  0.197222  0.155556  0.047222  0.230556  0.016667  0.027778  0.102778  0.205556  0.052778  0.036111  0.222222  0.100000  0.097222  0.244444  0.250000  0.230556  0.044444  0.211111  0.263889  0.205556  0.061111  0.188889  0.047222  0.125000  
0.088506  0.041379  0.028736  0.032184  0.082759  0.110345  0.031034  0.109195  0.043678  0.040230  0.036782  0.059770  0.003448  0.104598  0.075862  0.047126  0.025287  0.060920  0.080460  0.087356  0.086207  0.040230  0.043678  0.100000  0.013793  0.094253  0.082759  0.113793  0.093103  0.110345  0.082759  0.047126  0.012644  0.056322  0.052874  
0.350000  1.450000  0.483333  1.250000  1.166667  1.466667  1.233333  0.583333  1.183333  0.716667  0.166667  1.516667  1.466667  1.566667  1.483333  0.783333  1.650000  0.183333  1.266667  0.200000  1.433333  1.400000  0.166667  1.483333  0.100000  1.566667  0.883333  0.016667  0.183333  1.100000  0.516667  1.100000  1.500000  1.616667  0.066667  
0.210000  0.740000  0.080000  0.630000  0.020000  0.770000  0.490000  0.820000  0.520000  0.250000  0.980000  0.070000  0.420000  0.580000  0.650000  0.660000  0.590000  0.210000  0.130000  0.590000  0.660000  0.430000  0.450000  0.080000  0.950000  0.100000  0.790000  0.920000  0.410000  0.170000  0.930000  0.960000  0.800000  0.840000  0.880000  
0.014493  0.123188  0.057971  0.100000  0.126087  0.139130  0.102899  0.063768  0.092754  0.121739  0.004348  0.020290  0.088406  0.042029  0.085507  0.086957  0.024638  0.011594  0.082609  0.013043  0.072464  0.100000  0.091304  0.139130  0.056522  0.095652  0.100000  0.079710  0.021739  0.026087  0.144928  0.088406  0.011594  0.004348  0.065217  
0.083505  0.095876  0.102062  0.054639  0.060825  0.009278  0.019588  0.101031  0.065979  0.000000  0.054639  0.007216  0.061856  0.088660  0.098969  0.007216  0.014433  0.025773  0.094845  0.068041  0.027835  0.086598  0.030928  0.005155  0.072165  0.011340  0.004124  0.100000  0.086598  0.030928  0.004124  0.060825  0.048454  0.047423  0.034021  
0.131343  0.004478  0.034328  0.065672  0.028358  0.040299  0.104478  0.058209  0.046269  0.094030  0.095522  0.016418  0.034328  0.077612  0.138806  0.041791  0.079104  0.123881  0.050746  0.001493  0.076119  0.041791  0.000000  0.005970  0.132836  0.020896  0.047761  0.101493  0.100000  0.146269  0.092537  0.041791  0.092537  0.108955  0.098507  
0.289474  0.268421  0.452632  0.421053  0.168421  0.215789  0.231579  0.242105  0.300000  0.373684  0.505263  0.231579  0.005263  0.194737  0.515789  0.068421  0.226316  0.247368  0.010526  0.231579  0.052632  0.431579  0.078947  0.173684  0.526316  0.063158  0.189474  0.063158  0.505263  0.100000  0.457895  0.331579  0.457895  0.194737  0.494737  
0.006593  0.054945  0.032967  0.041758  0.068132  0.109890  0.083516  0.105495  0.083516  0.097802  0.101099  0.079121  0.029670  0.092308  0.051648  0.012088  0.087912  0.030769  0.075824  0.048352  0.054945  0.003297  0.090110  0.082418  0.040659  0.091209  0.057143  0.031868  0.052747  0.079121  0.100000  0.052747  0.051648  0.085714  0.012088  
0.127869  0.036066  0.159016  0.091803  0.081967  0.134426  0.018033  0.145902  0.040984  0.027869  0.113115  0.134426  0.001639  0.026230  0.059016  0.072131  0.018033  0.083607  0.068852  0.036066  0.065574  0.091803  0.103279  0.024590  0.032787  0.067213  0.145902  0.050820  0.059016  0.060656  0.101639  0.100000  0.096721  0.054098  0.065574  
0.027551  0.035714  0.087755  0.013265  0.000000  0.088776  0.047959  0.078571  0.059184  0.093878  0.062245  0.094898  0.102041  0.009184  0.086735  0.071429  0.073469  0.029592  0.069388  0.073469  0.004082  0.006122  0.014286  0.042857  0.072449  0.048980  0.090816  0.050000  0.052041  0.014286  0.011224  0.041837  0.100000  0.045918  0.090816  
0.791667  0.208333  0.791667  0.666667  0.758333  0.800000  0.816667  0.766667  0.833333  0.183333  0.683333  0.141667  0.458333  0.075000  0.750000  0.275000  0.141667  0.741667  0.191667  0.300000  0.450000  0.608333  0.008333  0.016667  0.266667  0.741667  0.183333  0.500000  0.450000  0.158333  0.116667  0.666667  0.575000  0.100000  0.533333  
0.275758  0.242424  0.112121  0.075758  0.290909  0.133333  0.203030  0.151515  0.260606  0.236364  0.172727  0.115152  0.036364  0.251515  0.015152  0.106061  0.033333  0.248485  0.127273  0.166667  0.103030  0.081818  0.206061  0.230303  0.251515  0.200000  0.039394  0.293939  0.215152  0.172727  0.272727  0.081818  0.057576  0.215152  0.100000  
0.000351  0.000658  0.000319  0.000658  0.000394  0.000331  0.000658  0.000338  0.001411  0.000789  0.000422  0.001052  0.000875  0.000512  0.000351  0.000320  0.000586  0.001411  0.000673  0.000789  0.000397  0.000567  0.000526  0.000338  0.001288  0.000998  0.000380  0.000320  0.000385  0.000724  0.000331  0.000404  0.000319  0.000911  0.000549  