0.100000  0.200000  0.269697  0.257576  0.012121  0.290909  0.160606  0.300000  0.284848  0.181818  0.045455  0.024242  0.227273  0.078788  0.096970  0.130303  0.215152  0.284848  0.021212  0.018182  0.145455  0.266667  0.045455  0.242424  0.084848  0.266667  0.054545  0.287879  0.130303  0.100000  0.003030  0.190909  0.172727  0.012121  0.057576  
0.012791  0.100000  0.031395  0.090698  0.006977  0.047674  0.112791  0.087209  0.015116  0.068605  0.105814  0.002326  0.023256  0.083721  0.100000  0.115116  0.109302  0.081395  0.026744  0.091860  0.054651  0.098837  0.094186  0.041860  0.044186  0.000000  0.008140  0.081395  0.058140  0.016279  0.061628  0.116279  0.061628  0.031395  0.039535  
0.004688  0.132812  0.100000  0.075000  0.014062  0.059375  0.076563  0.084375  0.000000  0.137500  0.009375  0.135937  0.035937  0.018750  0.056250  0.014062  0.078125  0.139062  0.009375  0.078125  0.054688  0.059375  0.056250  0.000000  0.126563  0.135937  0.153125  0.081250  0.115625  0.098438  0.053125  0.075000  0.117188  0.101562  0.028125  
0.114035  0.133333  0.159649  0.100000  0.094737  0.084211  0.026316  0.029825  0.089474  0.070175  0.085965  0.005263  0.089474  0.068421  0.082456  0.156140  0.131579  0.143860  0.092982  0.010526  0.150877  0.100000  0.052632  0.022807  0.012281  0.101754  0.024561  0.143860  0.000000  0.017544  0.156140  0.117544  0.091228  0.021053  0.054386  
0.053061  0.177551  0.181633  0.177551  0.100000  0.120408  0.008163  0.161224  0.110204  0.022449  0.167347  0.138776  0.063265  0.095918  0.134694  0.173469  0.167347  0.071429  0.112245  0.089796  0.046939  0.081633  0.020408  0.016327  0.002041  0.091837  0.181633  0.077551  0.024490  0.157143  0.004082  0.155102  0.008163  0.136735  0.177551  
0.058000  0.016000  0.054000  0.098000  0.081000  0.100000  0.036000  0.004000  0.069000  0.014000  0.011000  0.087000  0.026000  0.080000  0.075000  0.018000  0.093000  0.065000  0.081000  0.095000  0.009000  0.074000  0.076000  0.099000  0.054000  0.015000  0.016000  0.010000  0.021000  0.068000  0.005000  0.041000  0.085000  0.046000  0.014000  
0.010769  0.112308  0.004615  0.149231  0.112308  0.075385  0.100000  0.044615  0.046154  0.061538  0.127692  0.013846  0.050769  0.047692  0.078462  0.010769  0.012308  0.095385  0.109231  0.061538  0.066154  0.116923  0.127692  0.112308  0.067692  0.027692  0.147692  0.107692  0.109231  0.080000  0.147692  0.118462  0.129231  0.101538  0.153846  
0.004839  0.132258  0.125806  0.059677  0.045161  0.054839  0.048387  0.100000  0.100000  0.024194  0.114516  0.043548  0.069355  0.106452  0.000000  0.009677  0.022581  0.062903  0.009677  0.019355  0.083871  0.148387  0.008065  0.032258  0.020968  0.022581  0.096774  0.104839  0.111290  0.153226  0.058065  0.098387  0.154839  0.032258  0.058065  
2.150000  0.100000  1.675000  1.100000  0.850000  0.000000  0.425000  2.375000  0.100000  2.000000  0.950000  0.325000  1.400000  0.700000  0.150000  1.475000  2.200000  0.000000  0.425000  1.075000  1.350000  1.775000  1.700000  2.400000  0.400000  1.375000  1.350000  2.000000  2.400000  1.975000  2.050000  1.900000  0.400000  2.200000  0.350000  
0.089796  0.079592  0.124490  0.077551  0.075510  0.173469  0.132653  0.175510  0.024490  0.100000  0.142857  0.065306  0.093878  0.026531  0.204082  0.193878  0.171429  0.110204  0.142857  0.169388  0.112245  0.159184  0.100000  0.189796  0.126531  0.104082  0.130612  0.126531  0.108163  0.153061  0.042857  0.167347  0.087755  0.095918  0.053061  
0.132558  0.148837  0.232558  0.127907  0.065116  0.002326  0.225581  0.116279  0.227907  0.153488  0.100000  0.158140  0.006977  0.204651  0.011628  0.153488  0.146512  0.032558  0.206977  0.046512  0.232558  0.020930  0.069767  0.023256  0.102326  0.062791  0.160465  0.048837  0.188372  0.006977  0.186047  0.111628  0.141860  0.120930  0.181395  
0.086747  0.025301  0.051807  0.078313  0.055422  0.103614  0.068675  0.048193  0.004819  0.085542  0.112048  0.100000  0.031325  0.030120  0.098795  0.037349  0.006024  0.108434  0.009639  0.115663  0.060241  0.071084  0.043373  0.049398  0.002410  0.033735  0.036145  0.019277  0.009639  0.049398  0.025301  0.028916  0.073494  0.115663  0.019277  
0.088889  0.046465  0.082828  0.062626  0.039394  0.011111  0.059596  0.039394  0.089899  0.000000  0.085859  0.076768  0.100000  0.089899  0.027273  0.049495  0.061616  0.087879  0.075758  0.055556  0.069697  0.029293  0.005051  0.008081  0.087879  0.093939  0.053535  0.015152  0.071717  0.060606  0.053535  0.022222  0.007071  0.029293  0.035354  
0.310345  0.134483  0.075862  0.313793  0.310345  0.293103  0.148276  0.103448  0.158621  0.124138  0.196552  0.106897  0.124138  0.100000  0.117241  0.320690  0.234483  0.286207  0.282759  0.020690  0.017241  0.337931  0.006897  0.341379  0.262069  0.000000  0.131034  0.034483  0.268966  0.334483  0.158621  0.089655  0.275862  0.220690  0.110345  
0.165714  0.102857  0.157143  0.277143  0.257143  0.031429  0.074286  0.117143  0.031429  0.071429  0.054286  0.140000  0.168571  0.017143  0.100000  0.251429  0.120000  0.137143  0.217143  0.242857  0.234286  0.145714  0.131429  0.080000  0.128571  0.282857  0.022857  0.060000  0.220000  0.214286  0.285714  0.100000  0.200000  0.088571  0.134286  
0.144000  0.136000  0.036000  0.044000  0.138000  0.020000  0.008000  0.062000  0.142000  0.118000  0.004000  0.192000  0.160000  0.020000  0.096000  0.100000  0.068000  0.060000  0.032000  0.058000  0.188000  0.050000  0.060000  0.086000  0.076000  0.068000  0.084000  0.114000  0.112000  0.178000  0.034000  0.198000  0.102000  0.156000  0.126000  
0.220000  0.435000  0.090000  0.400000  0.255000  0.345000  0.250000  0.060000  0.390000  0.480000  0.230000  0.375000  0.450000  0.095000  0.230000  0.280000  0.100000  0.140000  0.480000  0.480000  0.105000  0.300000  0.335000  0.400000  0.345000  0.420000  0.275000  0.260000  0.050000  0.350000  0.310000  0.140000  0.455000  0.380000  0.080000  
0.004651  0.013953  0.018605  0.102326  0.116279  0.004651  0.062791  0.002326  0.081395  0.069767  0.134884  0.020930  0.097674  0.162791  0.111628  0.009302  0.058140  0.100000  0.058140  0.041860  0.011628  0.213953  0.030233  0.211628  0.002326  0.018605  0.200000  0.095349  0.069767  0.155814  0.211628  0.211628  0.179070  0.174419  0.002326  
0.131111  0.108889  0.135556  0.108889  0.180000  0.137778  0.068889  0.066667  0.073333  0.033333  0.075556  0.106667  0.182222  0.040000  0.104444  0.220000  0.173333  0.180000  0.100000  0.155556  0.080000  0.011111  0.091111  0.051111  0.106667  0.044444  0.004444  0.100000  0.211111  0.128889  0.095556  0.124444  0.164444  0.040000  0.222222  
0.075325  0.092208  0.032468  0.123377  0.033766  0.068831  0.094805  0.090909  0.075325  0.027273  0.025974  0.036364  0.057143  0.042857  0.107792  0.092208  0.111688  0.005195  0.003896  0.100000  0.101299  0.005195  0.028571  0.046753  0.036364  0.100000  0.124675  0.012987  0.094805  0.020779  0.022078  0.112987  0.020779  0.090909  0.006494  
0.113846  0.024615  0.038462  0.015385  0.093846  0.110769  0.007692  0.113846  0.030769  0.049231  0.084615  0.113846  0.086154  0.089231  0.096923  0.083077  0.070769  0.135385  0.064615  0.063077  0.100000  0.109231  0.012308  0.049231  0.038462  0.016923  0.052308  0.127692  0.018462  0.130769  0.146154  0.121538  0.064615  0.044615  0.116923  
0.116667  0.075000  0.129167  0.126389  0.018056  0.009722  0.076389  0.072222  0.079167  0.006944  0.016667  0.012500  0.115278  0.087500  0.105556  0.038889  0.069444  0.051389  0.108333  0.083333  0.043056  0.100000  0.052778  0.033333  0.070833  0.072222  0.018056  0.008333  0.066667  0.056944  0.016667  0.086111  0.033333  0.022222  0.077778  
0.045000  0.126667  0.151667  0.158333  0.156667  0.155000  0.156667  0.088333  0.113333  0.123333  0.001667  0.103333  0.156667  0.050000  0.106667  0.076667  0.136667  0.145000  0.020000  0.088333  0.138333  0.145000  0.100000  0.058333  0.075000  0.140000  0.135000  0.021667  0.115000  0.153333  0.046667  0.091667  0.016667  0.118333  0.096667  
0.084043  0.074468  0.075532  0.091489  0.063830  0.045745  0.044681  0.093617  0.073404  0.052128  0.042553  0.079787  0.061702  0.042553  0.035106  0.101064  0.096809  0.085106  0.080851  0.038298  0.098936  0.026596  0.082979  0.100000  0.015957  0.036170  0.057447  0.064894  0.063830  0.039362  0.024468  0.069149  0.103191  0.102128  0.029787  
0.124561  0.036842  0.045614  0.029825  0.103509  0.000000  0.129825  0.149123  0.159649  0.096491  0.100000  0.124561  0.008772  0.035088  0.168421  0.150877  0.112281  0.054386  0.077193  0.043860  0.024561  0.128070  0.014035  0.157895  0.100000  0.108772  0.092982  0.068421  0.017544  0.175439  0.121053  0.028070  0.121053  0.159649  0.103509  
0.229630  0.200000  0.288889  0.070370  0.348148  0.362963  0.259259  0.314815  0.355556  0.003704  0.185185  0.144444  0.229630  0.033333  0.311111  0.233333  0.081481  0.314815  0.007407  0.048148  0.244444  0.070370  0.214815  0.277778  0.359259  0.100000  0.000000  0.022222  0.162963  0.029630  0.225926  0.018519  0.066667  0.096296  0.248148  
0.650000  1.650000  0.900000  1.300000  0.025000  1.475000  1.825000  1.150000  0.325000  1.325000  0.400000  0.275000  1.700000  1.950000  0.275000  2.225000  2.325000  0.300000  0.050000  2.050000  0.425000  2.175000  1.725000  0.025000  0.800000  2.450000  0.100000  1.550000  0.550000  1.925000  0.775000  2.075000  0.275000  2.500000  1.125000  
0.209091  0.095455  0.204545  0.263636  0.231818  0.272727  0.431818  0.363636  0.213636  0.345455  0.322727  0.213636  0.209091  0.009091  0.309091  0.195455  0.290909  0.031818  0.245455  0.381818  0.104545  0.427273  0.345455  0.163636  0.031818  0.177273  0.000000  0.100000  0.168182  0.195455  0.327273  0.200000  0.031818  0.413636  0.036364  
0.138235  0.285294  0.252941  0.144118  0.138235  0.182353  0.173529  0.105882  0.226471  0.055882  0.267647  0.191176  0.117647  0.223529  0.055882  0.258824  0.220588  0.202941  0.114706  0.188235  0.179412  0.208824  0.220588  0.252941  0.179412  0.194118  0.067647  0.182353  0.100000  0.291176  0.252941  0.235294  0.011765  0.241176  0.279412  
0.149206  0.107937  0.009524  0.030159  0.007937  0.028571  0.123810  0.144444  0.050794  0.044444  0.106349  0.142857  0.042857  0.109524  0.034921  0.019048  0.087302  0.071429  0.149206  0.138095  0.150794  0.025397  0.074603  0.082540  0.033333  0.065079  0.136508  0.107937  0.090476  0.100000  0.141270  0.020635  0.034921  0.092063  0.093651  
0.070000  0.074000  0.046000  0.019000  0.067000  0.092000  0.074000  0.034000  0.072000  0.007000  0.076000  0.063000  0.045000  0.079000  0.048000  0.042000  0.009000  0.091000  0.043000  0.061000  0.041000  0.027000  0.051000  0.034000  0.054000  0.018000  0.061000  0.024000  0.079000  0.052000  0.100000  0.067000  0.030000  0.028000  0.022000  
0.311538  0.365385  0.288462  0.030769  0.303846  0.365385  0.146154  0.292308  0.203846  0.350000  0.223077  0.165385  0.223077  0.123077  0.138462  0.042308  0.250000  0.073077  0.353846  0.326923  0.253846  0.219231  0.084615  0.157692  0.176923  0.065385  0.365385  0.196154  0.323077  0.207692  0.330769  0.100000  0.253846  0.119231  0.242308  
0.082955  0.039773  0.086364  0.004545  0.052273  0.057955  0.063636  0.061364  0.037500  0.042045  0.012500  0.064773  0.021591  0.007955  0.102273  0.044318  0.031818  0.022727  0.017045  0.106818  0.038636  0.064773  0.038636  0.014773  0.023864  0.057955  0.088636  0.079545  0.100000  0.027273  0.052273  0.078409  0.100000  0.013636  0.103409  
0.101754  0.112281  0.036842  0.098246  0.068421  0.161404  0.075439  0.029825  0.126316  0.001754  0.040351  0.026316  0.036842  0.075439  0.007018  0.017544  0.108772  0.142105  0.171930  0.052632  0.129825  0.119298  0.114035  0.008772  0.007018  0.068421  0.061404  0.168421  0.149123  0.107018  0.031579  0.026316  0.133333  0.100000  0.129825  
5.600000  6.900000  6.000000  9.100000  5.400000  8.900000  6.600000  7.600000  8.800000  6.400000  3.000000  4.000000  1.500000  0.500000  6.600000  7.900000  6.900000  7.600000  7.800000  7.600000  7.900000  3.700000  0.000000  2.200000  5.000000  0.100000  9.300000  6.800000  3.300000  1.700000  6.000000  5.000000  9.500000  3.000000  0.100000  
0.000549  0.000340  0.000394  0.000418  0.000451  0.000315  0.000391  0.000401  0.001577  0.000451  0.000481  0.000346  0.000317  0.000586  0.000533  0.000446  0.000705  0.000481  0.000470  0.000360  0.000391  0.000372  0.000407  0.000325  0.000418  0.000607  0.001577  0.000673  0.000541  0.000397  0.000315  0.000619  0.000336  0.000418  0.003155  