0.100000  0.153333  0.323333  0.083333  0.076667  0.106667  0.316667  0.246667  0.033333  0.286667  0.026667  0.166667  0.160000  0.043333  0.290000  0.090000  0.086667  0.053333  0.026667  0.090000  0.190000  0.306667  0.116667  0.180000  0.060000  0.253333  0.236667  0.096667  0.190000  0.080000  0.320000  0.033333  0.270000  0.263333  0.026667  
0.089873  0.100000  0.002532  0.075949  0.034177  0.107595  0.124051  0.020253  0.064557  0.044304  0.034177  0.041772  0.036709  0.029114  0.002532  0.003797  0.117722  0.089873  0.096203  0.049367  0.073418  0.060759  0.118987  0.003797  0.008861  0.026582  0.087342  0.110127  0.093671  0.082278  0.081013  0.072152  0.115190  0.092405  0.120253  
0.012500  0.107143  0.100000  0.096429  0.160714  0.033929  0.050000  0.087500  0.089286  0.173214  0.062500  0.117857  0.133929  0.071429  0.130357  0.175000  0.130357  0.067857  0.162500  0.141071  0.137500  0.128571  0.100000  0.005357  0.028571  0.137500  0.155357  0.016071  0.155357  0.076786  0.160714  0.137500  0.069643  0.041071  0.148214  
0.452381  0.180952  0.100000  0.100000  0.333333  0.271429  0.290476  0.238095  0.323810  0.423810  0.409524  0.114286  0.309524  0.461905  0.042857  0.138095  0.028571  0.261905  0.095238  0.161905  0.219048  0.033333  0.057143  0.447619  0.271429  0.304762  0.100000  0.166667  0.061905  0.133333  0.323810  0.266667  0.157143  0.042857  0.285714  
0.654545  0.372727  0.863636  0.072727  0.100000  0.763636  0.281818  0.218182  0.618182  0.200000  0.518182  0.072727  0.436364  0.518182  0.127273  0.027273  0.890909  0.036364  0.200000  0.281818  0.336364  0.581818  0.172727  0.272727  0.763636  0.200000  0.809091  0.872727  0.663636  0.790909  0.545455  0.527273  0.072727  0.736364  0.200000  
0.121795  0.102564  0.080769  0.042308  0.070513  0.100000  0.119231  0.078205  0.082051  0.001282  0.112821  0.002564  0.048718  0.056410  0.087179  0.082051  0.035897  0.065385  0.062821  0.102564  0.125641  0.110256  0.123077  0.005128  0.046154  0.017949  0.123077  0.050000  0.038462  0.079487  0.052564  0.073077  0.005128  0.088462  0.103846  
0.237500  1.062500  0.412500  1.225000  0.162500  1.125000  0.100000  1.025000  0.475000  0.950000  0.675000  0.712500  1.225000  0.287500  0.350000  0.962500  0.912500  0.150000  0.225000  1.100000  0.850000  0.687500  0.762500  0.075000  0.287500  0.400000  1.075000  0.262500  0.312500  1.037500  0.075000  1.050000  0.600000  0.887500  0.287500  
0.084416  0.128571  0.042857  0.023377  0.054545  0.012987  0.092208  0.100000  0.068831  0.007792  0.007792  0.107792  0.100000  0.058442  0.048052  0.107792  0.062338  0.015584  0.059740  0.123377  0.003896  0.054545  0.032468  0.041558  0.089610  0.085714  0.087013  0.077922  0.080519  0.075325  0.107792  0.031169  0.076623  0.002597  0.028571  
0.052308  0.046154  0.044615  0.004615  0.036923  0.040000  0.083077  0.006154  0.100000  0.001538  0.052308  0.007692  0.150769  0.112308  0.153846  0.003077  0.115385  0.063077  0.035385  0.083077  0.040000  0.096923  0.081538  0.153846  0.089231  0.043077  0.015385  0.069231  0.063077  0.106154  0.016923  0.012308  0.124615  0.121538  0.152308  
0.090789  0.089474  0.122368  0.028947  0.106579  0.040789  0.046053  0.081579  0.014474  0.100000  0.100000  0.015789  0.110526  0.050000  0.044737  0.109211  0.011842  0.096053  0.068421  0.081579  0.085526  0.057895  0.090789  0.100000  0.128947  0.123684  0.056579  0.025000  0.039474  0.080263  0.094737  0.056579  0.013158  0.096053  0.126316  
0.075000  0.108333  0.200000  0.450000  0.033333  0.158333  0.358333  0.616667  0.816667  0.300000  0.100000  0.175000  0.758333  0.033333  0.233333  0.575000  0.475000  0.075000  0.425000  0.433333  0.400000  0.625000  0.650000  0.483333  0.058333  0.341667  0.750000  0.308333  0.100000  0.150000  0.575000  0.450000  0.541667  0.250000  0.591667  
0.145614  0.054386  0.108772  0.154386  0.008772  0.115789  0.012281  0.171930  0.119298  0.056140  0.001754  0.100000  0.031579  0.147368  0.135088  0.043860  0.042105  0.147368  0.154386  0.128070  0.070175  0.135088  0.096491  0.049123  0.049123  0.124561  0.061404  0.147368  0.087719  0.028070  0.024561  0.031579  0.000000  0.140351  0.156140  
0.076923  0.105495  0.109890  0.084615  0.084615  0.080220  0.000000  0.040659  0.004396  0.078022  0.071429  0.007692  0.100000  0.005495  0.056044  0.084615  0.061538  0.092308  0.045055  0.075824  0.004396  0.029670  0.000000  0.052747  0.064835  0.090110  0.040659  0.073626  0.098901  0.084615  0.069231  0.070330  0.100000  0.052747  0.017582  
0.014458  0.018072  0.014458  0.056627  0.018072  0.108434  0.101205  0.018072  0.083133  0.007229  0.034940  0.046988  0.089157  0.100000  0.049398  0.053012  0.015663  0.085542  0.077108  0.056627  0.006024  0.053012  0.033735  0.031325  0.118072  0.018072  0.075904  0.019277  0.055422  0.042169  0.069880  0.027711  0.021687  0.055422  0.075904  
0.096250  0.120000  0.092500  0.038750  0.090000  0.056250  0.090000  0.066250  0.116250  0.111250  0.060000  0.033750  0.102500  0.021250  0.100000  0.005000  0.090000  0.088750  0.047500  0.008750  0.006250  0.111250  0.100000  0.077500  0.098750  0.096250  0.110000  0.022500  0.070000  0.108750  0.023750  0.106250  0.110000  0.050000  0.052500  
0.058586  0.018182  0.035354  0.030303  0.097980  0.054545  0.090909  0.033333  0.095960  0.080808  0.004040  0.019192  0.008081  0.029293  0.060606  0.100000  0.076768  0.076768  0.032323  0.015152  0.049495  0.042424  0.090909  0.017172  0.003030  0.055556  0.065657  0.030303  0.032323  0.087879  0.090909  0.041414  0.001010  0.023232  0.101010  
0.209524  0.207143  0.069048  0.183333  0.142857  0.200000  0.002381  0.221429  0.119048  0.014286  0.104762  0.088095  0.107143  0.157143  0.116667  0.130952  0.100000  0.007143  0.183333  0.152381  0.169048  0.207143  0.133333  0.011905  0.180952  0.207143  0.166667  0.171429  0.042857  0.023810  0.090476  0.171429  0.040476  0.092857  0.054762  
0.019512  0.039024  0.100000  0.112195  0.175610  0.187805  0.192683  0.121951  0.070732  0.051220  0.051220  0.014634  0.060976  0.160976  0.146341  0.153659  0.095122  0.100000  0.219512  0.134146  0.151220  0.058537  0.168293  0.134146  0.043902  0.031707  0.178049  0.148780  0.087805  0.056098  0.146341  0.073171  0.175610  0.090244  0.034146  
0.116981  0.069811  0.179245  0.137736  0.030189  0.071698  0.150943  0.060377  0.109434  0.043396  0.045283  0.154717  0.152830  0.181132  0.077358  0.139623  0.009434  0.137736  0.100000  0.160377  0.094340  0.077358  0.026415  0.035849  0.037736  0.032075  0.120755  0.064151  0.094340  0.116981  0.024528  0.160377  0.103774  0.132075  0.033962  
1.414286  0.671429  1.185714  1.085714  0.957143  0.314286  0.585714  1.057143  0.685714  1.342857  1.314286  1.114286  0.000000  1.257143  1.300000  0.757143  0.957143  0.657143  0.842857  0.100000  0.828571  0.728571  1.328571  0.371429  0.242857  0.271429  0.514286  1.028571  1.314286  1.242857  0.285714  0.414286  0.885714  0.528571  0.071429  
0.315385  0.115385  0.623077  0.600000  0.346154  0.230769  0.207692  0.100000  0.076923  0.338462  0.392308  0.561538  0.238462  0.169231  0.307692  0.400000  0.638462  0.076923  0.015385  0.484615  0.100000  0.100000  0.076923  0.638462  0.230769  0.676923  0.123077  0.561538  0.653846  0.369231  0.530769  0.430769  0.653846  0.200000  0.107692  
0.091667  0.025000  0.028333  0.155000  0.155000  0.006667  0.106667  0.110000  0.150000  0.068333  0.053333  0.141667  0.078333  0.166667  0.113333  0.155000  0.063333  0.133333  0.011667  0.031667  0.030000  0.100000  0.026667  0.131667  0.165000  0.165000  0.163333  0.100000  0.125000  0.145000  0.046667  0.108333  0.040000  0.141667  0.075000  
0.031579  0.059649  0.014035  0.163158  0.038596  0.092982  0.021053  0.094737  0.098246  0.168421  0.154386  0.017544  0.063158  0.096491  0.003509  0.015789  0.175439  0.149123  0.019298  0.059649  0.152632  0.143860  0.100000  0.124561  0.059649  0.003509  0.136842  0.071930  0.040351  0.073684  0.031579  0.135088  0.096491  0.015789  0.100000  
0.052174  0.100000  0.426087  0.160870  0.313043  0.417391  0.052174  0.369565  0.095652  0.400000  0.169565  0.000000  0.195652  0.273913  0.147826  0.265217  0.408696  0.256522  0.186957  0.243478  0.321739  0.121739  0.169565  0.100000  0.378261  0.069565  0.108696  0.391304  0.208696  0.086957  0.230435  0.334783  0.426087  0.143478  0.069565  
0.141379  0.027586  0.234483  0.337931  0.044828  0.234483  0.058621  0.231034  0.165517  0.013793  0.244828  0.196552  0.182759  0.313793  0.000000  0.013793  0.075862  0.034483  0.241379  0.196552  0.010345  0.286207  0.075862  0.172414  0.100000  0.275862  0.168966  0.334483  0.265517  0.175862  0.144828  0.058621  0.003448  0.020690  0.241379  
0.006250  0.212500  0.600000  0.568750  0.156250  0.056250  0.231250  0.375000  0.231250  0.000000  0.543750  0.150000  0.443750  0.225000  0.268750  0.550000  0.075000  0.093750  0.331250  0.162500  0.443750  0.537500  0.506250  0.581250  0.268750  0.100000  0.137500  0.243750  0.475000  0.143750  0.618750  0.368750  0.493750  0.393750  0.375000  
0.038462  0.307692  0.400000  0.138462  0.469231  0.476923  0.661538  0.400000  0.546154  0.384615  0.115385  0.461538  0.769231  0.207692  0.500000  0.646154  0.023077  0.276923  0.684615  0.292308  0.576923  0.315385  0.769231  0.576923  0.392308  0.676923  0.100000  0.100000  0.546154  0.661538  0.453846  0.238462  0.507692  0.607692  0.453846  
0.071429  0.046429  0.214286  0.178571  0.317857  0.089286  0.132143  0.246429  0.217857  0.146429  0.192857  0.178571  0.203571  0.307143  0.242857  0.032143  0.260714  0.239286  0.139286  0.132143  0.075000  0.042857  0.214286  0.085714  0.203571  0.160714  0.214286  0.100000  0.307143  0.025000  0.175000  0.125000  0.200000  0.128571  0.264286  
0.079452  0.135616  0.067123  0.057534  0.094521  0.106849  0.004110  0.116438  0.032877  0.020548  0.089041  0.030137  0.091781  0.079452  0.023288  0.000000  0.106849  0.083562  0.036986  0.124658  0.071233  0.075342  0.136986  0.058904  0.121918  0.023288  0.113699  0.052055  0.100000  0.060274  0.064384  0.017808  0.120548  0.106849  0.108219  
0.028571  0.044286  0.037143  0.021429  0.108571  0.070000  0.101429  0.058571  0.071429  0.058571  0.032857  0.022857  0.081429  0.111429  0.078571  0.044286  0.137143  0.041429  0.058571  0.021429  0.021429  0.124286  0.122857  0.030000  0.047143  0.030000  0.047143  0.075714  0.088571  0.100000  0.074286  0.014286  0.107143  0.082857  0.020000  
0.105376  0.094624  0.007527  0.066667  0.083871  0.086022  0.061290  0.075269  0.037634  0.078495  0.079570  0.048387  0.024731  0.020430  0.052688  0.054839  0.016129  0.107527  0.087097  0.083871  0.067742  0.092473  0.041935  0.012903  0.095699  0.006452  0.021505  0.010753  0.084946  0.004301  0.100000  0.004301  0.024731  0.041935  0.060215  
0.010843  0.006024  0.044578  0.095181  0.050602  0.073494  0.113253  0.110843  0.014458  0.034940  0.083133  0.093976  0.022892  0.031325  0.038554  0.019277  0.080723  0.087952  0.071084  0.090361  0.030120  0.062651  0.050602  0.108434  0.114458  0.112048  0.037349  0.119277  0.075904  0.050602  0.069880  0.100000  0.066265  0.072289  0.048193  
0.560000  0.606667  0.133333  0.586667  0.653333  0.333333  0.566667  0.180000  0.626667  0.606667  0.426667  0.386667  0.386667  0.280000  0.360000  0.040000  0.493333  0.273333  0.206667  0.020000  0.413333  0.313333  0.620000  0.306667  0.540000  0.333333  0.566667  0.373333  0.226667  0.460000  0.013333  0.406667  0.100000  0.546667  0.040000  
0.273077  0.303846  0.257692  0.350000  0.284615  0.323077  0.311538  0.030769  0.138462  0.357692  0.061538  0.307692  0.088462  0.230769  0.119231  0.350000  0.123077  0.169231  0.123077  0.007692  0.038462  0.123077  0.311538  0.011538  0.050000  0.311538  0.150000  0.384615  0.273077  0.311538  0.038462  0.169231  0.284615  0.100000  0.288462  
0.089412  0.063529  0.061176  0.115294  0.030588  0.098824  0.009412  0.078824  0.061176  0.101176  0.102353  0.100000  0.063529  0.032941  0.105882  0.060000  0.032941  0.107059  0.065882  0.048235  0.061176  0.052941  0.116471  0.100000  0.061176  0.095294  0.075294  0.054118  0.103529  0.078824  0.109412  0.020000  0.020000  0.075294  0.100000  
0.000576  0.000355  0.000422  0.000688  0.000951  0.000357  0.001115  0.000360  0.000391  0.000362  0.000911  0.000418  0.000331  0.000346  0.000353  0.000317  0.000487  0.000493  0.000433  0.001192  0.000875  0.000407  0.000418  0.000658  0.000586  0.000789  0.000875  0.000596  0.000369  0.000377  0.000327  0.000346  0.000815  0.000619  0.000342  