0.100000  0.061957  0.018478  0.007609  0.083696  0.008696  0.075000  0.084783  0.057609  0.043478  0.095652  0.048913  0.078261  0.069565  0.030435  0.039130  0.108696  0.046739  0.061957  0.089130  0.048913  0.050000  0.106522  0.088043  0.005435  0.040217  0.039130  0.102174  0.044565  0.105435  0.011957  0.103261  0.096739  0.092391  0.022826  
0.014634  0.100000  0.109756  0.079268  0.047561  0.045122  0.015854  0.008537  0.096341  0.029268  0.101220  0.012195  0.047561  0.057317  0.075610  0.107317  0.024390  0.102439  0.025610  0.030488  0.050000  0.118293  0.079268  0.075610  0.037805  0.009756  0.021951  0.079268  0.081707  0.009756  0.041463  0.090244  0.001220  0.050000  0.076829  
0.041837  0.047959  0.100000  0.015306  0.045918  0.068367  0.060204  0.022449  0.007143  0.032653  0.076531  0.033673  0.074490  0.025510  0.028571  0.082653  0.015306  0.066327  0.025510  0.083673  0.056122  0.097959  0.081633  0.050000  0.009184  0.079592  0.068367  0.036735  0.092857  0.059184  0.026531  0.054082  0.010204  0.086735  0.079592  
0.018280  0.107527  0.103226  0.100000  0.048387  0.051613  0.034409  0.069892  0.107527  0.107527  0.095699  0.055914  0.090323  0.093548  0.015054  0.105376  0.056989  0.013978  0.080645  0.047312  0.032258  0.021505  0.041935  0.041935  0.033333  0.093548  0.106452  0.031183  0.070968  0.090323  0.012903  0.047312  0.002151  0.058065  0.005376  
0.056471  0.094118  0.101176  0.094118  0.100000  0.090588  0.040000  0.104706  0.111765  0.056471  0.045882  0.045882  0.056471  0.061176  0.095294  0.022353  0.091765  0.029412  0.014118  0.041176  0.096471  0.023529  0.028235  0.014118  0.009412  0.058824  0.034118  0.109412  0.068235  0.078824  0.016471  0.004706  0.038824  0.111765  0.018824  
1.633333  2.800000  3.133333  3.166667  1.333333  0.100000  3.200000  2.300000  0.100000  2.533333  2.066667  3.300000  2.800000  1.866667  2.166667  0.800000  1.100000  1.700000  0.300000  2.800000  2.066667  0.100000  2.100000  1.300000  2.933333  0.933333  1.500000  1.900000  1.966667  2.100000  1.833333  3.000000  0.933333  0.566667  1.933333  
0.018293  0.100000  0.119512  0.110976  0.007317  0.076829  0.100000  0.031707  0.080488  0.009756  0.100000  0.098780  0.086585  0.029268  0.102439  0.036585  0.052439  0.062195  0.087805  0.115854  0.028049  0.029268  0.047561  0.063415  0.045122  0.020732  0.106098  0.098780  0.082927  0.053659  0.118293  0.054878  0.120732  0.097561  0.012195  
0.031818  0.103409  0.085227  0.067045  0.102273  0.109091  0.055682  0.100000  0.100000  0.087500  0.000000  0.071591  0.030682  0.082955  0.081818  0.002273  0.039773  0.001136  0.097727  0.080682  0.048864  0.018182  0.090909  0.110227  0.012500  0.048864  0.030682  0.005682  0.012500  0.088636  0.103409  0.000000  0.057955  0.064773  0.047727  
0.216216  0.218919  0.035135  0.235135  0.170270  0.129730  0.143243  0.094595  0.100000  0.002703  0.162162  0.237838  0.040541  0.027027  0.243243  0.175676  0.016216  0.262162  0.235135  0.251351  0.000000  0.045946  0.027027  0.135135  0.270270  0.183784  0.194595  0.172973  0.102703  0.132432  0.029730  0.200000  0.024324  0.251351  0.032432  
0.064789  0.016901  0.070423  0.022535  0.005634  0.119718  0.084507  0.042254  0.018310  0.100000  0.042254  0.064789  0.132394  0.112676  0.133803  0.009859  0.087324  0.129577  0.052113  0.140845  0.118310  0.076056  0.061972  0.111268  0.054930  0.046479  0.136620  0.001408  0.043662  0.061972  0.059155  0.114085  0.047887  0.018310  0.077465  
0.692857  0.142857  0.135714  0.192857  0.628571  0.442857  0.335714  0.478571  0.178571  0.692857  0.100000  0.714286  0.114286  0.264286  0.528571  0.150000  0.550000  0.242857  0.692857  0.207143  0.335714  0.535714  0.350000  0.071429  0.350000  0.185714  0.564286  0.228571  0.078571  0.542857  0.414286  0.314286  0.021429  0.464286  0.564286  
1.357143  1.185714  0.442857  0.014286  0.842857  0.214286  1.200000  1.342857  0.828571  0.671429  0.528571  0.100000  0.857143  0.928571  0.757143  0.657143  0.300000  1.342857  0.514286  0.300000  0.900000  0.914286  0.885714  1.200000  1.200000  0.300000  1.342857  0.185714  1.342857  1.157143  0.642857  0.400000  1.157143  1.357143  1.028571  
0.039241  0.035443  0.106329  0.093671  0.101266  0.017722  0.089873  0.113924  0.077215  0.001266  0.002532  0.037975  0.100000  0.121519  0.093671  0.000000  0.122785  0.108861  0.000000  0.024051  0.088608  0.026582  0.018987  0.025316  0.108861  0.049367  0.037975  0.106329  0.058228  0.067089  0.079747  0.015190  0.112658  0.091139  0.046835  
0.325000  0.875000  0.012500  0.287500  1.162500  0.900000  1.087500  1.037500  1.225000  0.912500  1.187500  0.837500  0.062500  0.100000  0.350000  0.225000  0.187500  1.175000  0.362500  0.062500  1.125000  0.950000  0.437500  1.175000  0.025000  0.825000  0.362500  0.537500  1.200000  1.100000  1.087500  0.937500  0.700000  0.300000  0.025000  
0.327586  0.320690  0.151724  0.089655  0.286207  0.110345  0.224138  0.117241  0.158621  0.006897  0.062069  0.134483  0.003448  0.337931  0.100000  0.024138  0.113793  0.148276  0.141379  0.013793  0.006897  0.258621  0.327586  0.186207  0.320690  0.331034  0.103448  0.134483  0.344828  0.013793  0.344828  0.282759  0.234483  0.110345  0.117241  
1.200000  0.175000  0.875000  2.400000  1.825000  2.025000  1.425000  0.775000  1.725000  1.475000  0.225000  1.500000  1.025000  1.050000  2.425000  0.100000  0.475000  0.150000  1.875000  2.000000  0.650000  1.575000  2.225000  1.050000  1.050000  1.250000  1.125000  0.575000  1.150000  1.700000  1.600000  2.225000  0.050000  1.350000  0.900000  
0.026374  0.018681  0.005495  0.062637  0.043956  0.072527  0.056044  0.002198  0.016484  0.024176  0.068132  0.097802  0.074725  0.052747  0.100000  0.026374  0.100000  0.056044  0.092308  0.046154  0.102198  0.089011  0.005495  0.097802  0.054945  0.038462  0.049451  0.018681  0.081319  0.095604  0.060440  0.069231  0.035165  0.037363  0.092308  
0.346667  0.546667  0.393333  0.146667  0.313333  0.646667  0.333333  0.646667  0.100000  0.140000  0.286667  0.453333  0.226667  0.113333  0.593333  0.133333  0.473333  0.100000  0.040000  0.266667  0.213333  0.340000  0.566667  0.180000  0.286667  0.480000  0.340000  0.293333  0.640000  0.453333  0.013333  0.166667  0.226667  0.493333  0.146667  
0.089744  0.043590  0.120513  0.074359  0.241026  0.105128  0.215385  0.046154  0.174359  0.007692  0.038462  0.233333  0.069231  0.012821  0.005128  0.117949  0.038462  0.153846  0.100000  0.089744  0.169231  0.187179  0.161538  0.135897  0.141026  0.079487  0.079487  0.033333  0.141026  0.023077  0.215385  0.100000  0.225641  0.058974  0.164103  
0.061702  0.129787  0.185106  0.000000  0.112766  0.019149  0.087234  0.200000  0.112766  0.023404  0.187234  0.193617  0.065957  0.212766  0.070213  0.189362  0.172340  0.089362  0.170213  0.100000  0.112766  0.185106  0.002128  0.010638  0.136170  0.187234  0.014894  0.117021  0.159574  0.176596  0.157447  0.108511  0.076596  0.174468  0.151064  
0.147059  0.126471  0.026471  0.041176  0.205882  0.020588  0.150000  0.152941  0.167647  0.291176  0.232353  0.100000  0.211765  0.008824  0.135294  0.114706  0.244118  0.044118  0.085294  0.194118  0.100000  0.105882  0.141176  0.035294  0.182353  0.050000  0.279412  0.082353  0.211765  0.185294  0.108824  0.076471  0.161765  0.020588  0.135294  
0.303704  0.355556  0.044444  0.218519  0.048148  0.300000  0.222222  0.100000  0.051852  0.185185  0.203704  0.288889  0.314815  0.351852  0.307407  0.151852  0.262963  0.051852  0.222222  0.233333  0.174074  0.100000  0.014815  0.177778  0.285185  0.251852  0.262963  0.322222  0.300000  0.007407  0.170370  0.085185  0.192593  0.081481  0.288889  
0.129630  0.083333  0.112963  0.009259  0.183333  0.153704  0.009259  0.059259  0.059259  0.164815  0.172222  0.038889  0.059259  0.150000  0.070370  0.138889  0.183333  0.116667  0.007407  0.174074  0.009259  0.020370  0.100000  0.068519  0.077778  0.096296  0.079630  0.107407  0.000000  0.037037  0.066667  0.057407  0.027778  0.129630  0.066667  
0.078889  0.096667  0.024444  0.080000  0.091111  0.063333  0.108889  0.081111  0.072222  0.000000  0.102222  0.076667  0.002222  0.108889  0.098889  0.061111  0.071111  0.003333  0.088889  0.072222  0.022222  0.054444  0.070000  0.100000  0.036667  0.027778  0.107778  0.107778  0.048889  0.101111  0.026667  0.016667  0.082222  0.008889  0.098889  
0.047312  0.088172  0.077419  0.017204  0.012903  0.035484  0.092473  0.010753  0.076344  0.038710  0.009677  0.068817  0.018280  0.000000  0.052688  0.080645  0.083871  0.045161  0.041935  0.033333  0.010753  0.018280  0.034409  0.107527  0.100000  0.098925  0.046237  0.104301  0.038710  0.039785  0.023656  0.000000  0.060215  0.103226  0.077419  
0.069792  0.059375  0.077083  0.050000  0.036458  0.002083  0.001042  0.100000  0.022917  0.013542  0.086458  0.011458  0.098958  0.018750  0.082292  0.091667  0.006250  0.035417  0.030208  0.013542  0.019792  0.100000  0.050000  0.094792  0.026042  0.100000  0.012500  0.028125  0.091667  0.042708  0.033333  0.083333  0.085417  0.095833  0.084375  
0.105970  0.089552  0.016418  0.131343  0.002985  0.089552  0.089552  0.031343  0.068657  0.000000  0.011940  0.141791  0.107463  0.083582  0.138806  0.037313  0.086567  0.011940  0.131343  0.026866  0.059701  0.125373  0.134328  0.110448  0.088060  0.128358  0.100000  0.070149  0.120896  0.135821  0.107463  0.086567  0.094030  0.010448  0.053731  
0.116418  0.022388  0.098507  0.088060  0.120896  0.041791  0.059701  0.128358  0.083582  0.092537  0.058209  0.105970  0.059701  0.017910  0.140299  0.123881  0.005970  0.005970  0.032836  0.004478  0.079104  0.077612  0.055224  0.108955  0.007463  0.061194  0.089552  0.100000  0.086567  0.059701  0.020896  0.119403  0.050746  0.132836  0.071642  
0.108889  0.106667  0.186667  0.106667  0.051111  0.037778  0.135556  0.004444  0.128889  0.022222  0.208889  0.002222  0.062222  0.011111  0.140000  0.155556  0.164444  0.117778  0.064444  0.213333  0.202222  0.066667  0.015556  0.164444  0.168889  0.153333  0.184444  0.071111  0.100000  0.068889  0.075556  0.055556  0.013333  0.126667  0.148889  
0.034722  0.088889  0.095833  0.094444  0.061111  0.027778  0.062500  0.116667  0.095833  0.106944  0.091667  0.009722  0.118056  0.027778  0.072222  0.126389  0.005556  0.126389  0.065278  0.051389  0.056944  0.093056  0.009722  0.020833  0.073611  0.102778  0.100000  0.127778  0.001389  0.100000  0.129167  0.051389  0.081944  0.025000  0.070833  
0.069565  0.067391  0.046739  0.076087  0.033696  0.068478  0.008696  0.043478  0.071739  0.036957  0.046739  0.007609  0.061957  0.073913  0.059783  0.053261  0.053261  0.102174  0.094565  0.078261  0.008696  0.098913  0.020652  0.090217  0.095652  0.100000  0.005435  0.048913  0.102174  0.072826  0.100000  0.104348  0.006522  0.068478  0.002174  
0.075258  0.000000  0.095876  0.003093  0.079381  0.037113  0.050515  0.020619  0.029897  0.023711  0.016495  0.024742  0.101031  0.017526  0.001031  0.095876  0.103093  0.044330  0.084536  0.050515  0.072165  0.055670  0.052577  0.103093  0.043299  0.062887  0.045361  0.081443  0.046392  0.079381  0.048454  0.100000  0.091753  0.075258  0.062887  
0.131746  0.133333  0.123810  0.138095  0.096825  0.004762  0.046032  0.007937  0.025397  0.017460  0.065079  0.131746  0.144444  0.076190  0.034921  0.119048  0.074603  0.052381  0.076190  0.134921  0.019048  0.093651  0.109524  0.153968  0.069841  0.082540  0.109524  0.131746  0.033333  0.066667  0.065079  0.009524  0.100000  0.079365  0.061905  
0.141791  0.070149  0.088060  0.022388  0.086567  0.126866  0.047761  0.064179  0.052239  0.047761  0.031343  0.073134  0.026866  0.123881  0.102985  0.146269  0.107463  0.097015  0.120896  0.038806  0.117910  0.134328  0.129851  0.058209  0.129851  0.061194  0.005970  0.023881  0.007463  0.116418  0.037313  0.131343  0.035821  0.100000  0.082090  
0.295833  0.070833  0.345833  0.395833  0.383333  0.016667  0.350000  0.200000  0.116667  0.000000  0.179167  0.037500  0.125000  0.212500  0.112500  0.154167  0.354167  0.191667  0.412500  0.237500  0.408333  0.262500  0.191667  0.045833  0.029167  0.312500  0.075000  0.070833  0.320833  0.095833  0.129167  0.233333  0.208333  0.112500  0.100000  
0.000329  0.000348  0.000319  0.000327  0.000342  0.001821  0.000348  0.000336  0.000519  0.000374  0.000843  0.001192  0.000355  0.001115  0.000586  0.001577  0.000331  0.000815  0.000505  0.000460  0.000541  0.000607  0.000429  0.000333  0.000327  0.000322  0.000385  0.000385  0.000470  0.000372  0.000329  0.000320  0.000397  0.000385  0.000644  