0.100000  0.436364  0.054545  0.254545  0.563636  0.209091  0.463636  0.081818  0.490909  0.163636  0.245455  0.609091  0.472727  0.418182  0.036364  0.809091  0.409091  0.045455  0.618182  0.718182  0.300000  0.609091  0.327273  0.127273  0.463636  0.127273  0.163636  0.327273  0.627273  0.490909  0.136364  0.018182  0.163636  0.427273  0.054545  
0.308000  0.100000  0.264000  0.184000  0.268000  0.060000  0.108000  0.256000  0.296000  0.324000  0.208000  0.396000  0.348000  0.056000  0.164000  0.324000  0.096000  0.276000  0.044000  0.276000  0.268000  0.340000  0.256000  0.388000  0.176000  0.056000  0.000000  0.124000  0.168000  0.044000  0.344000  0.368000  0.140000  0.012000  0.140000  
0.002857  0.121429  0.100000  0.004286  0.067143  0.020000  0.111429  0.107143  0.057143  0.041429  0.027143  0.000000  0.057143  0.047143  0.064286  0.135714  0.067143  0.084286  0.081429  0.000000  0.005714  0.007143  0.058571  0.038571  0.015714  0.040000  0.065714  0.051429  0.135714  0.081429  0.108571  0.108571  0.018571  0.092857  0.132857  
0.037662  0.076623  0.003896  0.100000  0.106494  0.002597  0.055844  0.070130  0.007792  0.070130  0.012987  0.127273  0.023377  0.077922  0.103896  0.088312  0.064935  0.111688  0.120779  0.037662  0.079221  0.102597  0.098701  0.112987  0.061039  0.050649  0.032468  0.015584  0.064935  0.080519  0.011688  0.110390  0.124675  0.019481  0.092208  
0.101538  0.112308  0.136923  0.143077  0.100000  0.013846  0.087692  0.098462  0.150769  0.118462  0.038462  0.044615  0.063077  0.032308  0.090769  0.135385  0.087692  0.060000  0.041538  0.080000  0.078462  0.130769  0.010769  0.103077  0.006154  0.144615  0.041538  0.144615  0.010769  0.072308  0.015385  0.010769  0.064615  0.016923  0.098462  
0.006977  0.067442  0.090698  0.111628  0.011628  0.100000  0.005814  0.110465  0.040698  0.058140  0.011628  0.067442  0.039535  0.106977  0.009302  0.094186  0.053488  0.073256  0.022093  0.062791  0.045349  0.055814  0.067442  0.084884  0.006977  0.095349  0.086047  0.062791  0.093023  0.054651  0.039535  0.012791  0.087209  0.051163  0.005814  
0.188571  0.125714  0.074286  0.177143  0.071429  0.254286  0.100000  0.114286  0.194286  0.185714  0.091429  0.120000  0.054286  0.165714  0.194286  0.134286  0.114286  0.254286  0.217143  0.242857  0.200000  0.117143  0.188571  0.020000  0.222857  0.111429  0.031429  0.220000  0.268571  0.174286  0.254286  0.042857  0.222857  0.208571  0.057143  
0.024211  0.013684  0.073684  0.094737  0.067368  0.055789  0.063158  0.100000  0.092632  0.016842  0.103158  0.071579  0.062105  0.006316  0.098947  0.018947  0.054737  0.037895  0.008421  0.091579  0.047368  0.067368  0.016842  0.083158  0.045263  0.047368  0.014737  0.011579  0.072632  0.043158  0.007368  0.053684  0.077895  0.009474  0.016842  
0.086207  0.024138  0.320690  0.296552  0.062069  0.251724  0.227586  0.113793  0.100000  0.189655  0.048276  0.268966  0.206897  0.282759  0.310345  0.010345  0.272414  0.034483  0.241379  0.258621  0.279310  0.006897  0.158621  0.268966  0.234483  0.258621  0.213793  0.017241  0.196552  0.131034  0.272414  0.203448  0.106897  0.313793  0.075862  
0.079775  0.070787  0.021348  0.000000  0.034831  0.024719  0.007865  0.043820  0.017978  0.100000  0.071910  0.073034  0.026966  0.096629  0.076404  0.061798  0.040449  0.000000  0.043820  0.058427  0.051685  0.077528  0.098876  0.088764  0.053933  0.095506  0.033708  0.032584  0.052809  0.083146  0.067416  0.102247  0.052809  0.085393  0.059551  
0.085000  0.145000  0.435000  0.415000  0.280000  0.490000  0.040000  0.490000  0.305000  0.345000  0.100000  0.140000  0.250000  0.245000  0.255000  0.075000  0.405000  0.435000  0.070000  0.365000  0.040000  0.140000  0.235000  0.180000  0.345000  0.035000  0.175000  0.325000  0.230000  0.285000  0.335000  0.390000  0.175000  0.460000  0.335000  
0.027174  0.022826  0.043478  0.046739  0.004348  0.070652  0.052174  0.020652  0.103261  0.107609  0.093478  0.100000  0.015217  0.076087  0.075000  0.082609  0.091304  0.027174  0.077174  0.057609  0.057609  0.084783  0.066304  0.045652  0.107609  0.000000  0.089130  0.013043  0.102174  0.032609  0.067391  0.017391  0.064130  0.017391  0.015217  
0.033333  0.455556  0.177778  0.255556  0.377778  0.600000  0.400000  0.933333  0.555556  1.022222  0.622222  0.533333  0.100000  0.166667  0.444444  0.844444  1.000000  0.888889  0.333333  0.244444  0.355556  0.900000  0.022222  1.022222  0.333333  0.033333  0.844444  0.688889  0.555556  0.844444  0.955556  0.544444  0.677778  0.500000  0.688889  
0.022727  0.074242  0.083333  0.130303  0.081818  0.136364  0.080303  0.042424  0.019697  0.106061  0.081818  0.051515  0.133333  0.100000  0.000000  0.068182  0.030303  0.042424  0.003030  0.071212  0.121212  0.012121  0.142424  0.089394  0.050000  0.128788  0.016667  0.022727  0.074242  0.003030  0.046970  0.012121  0.145455  0.000000  0.022727  
0.206977  0.218605  0.100000  0.200000  0.027907  0.120930  0.055814  0.037209  0.039535  0.160465  0.151163  0.125581  0.167442  0.053488  0.100000  0.190698  0.104651  0.013953  0.037209  0.109302  0.102326  0.151163  0.032558  0.025581  0.086047  0.148837  0.111628  0.016279  0.132558  0.046512  0.202326  0.230233  0.153488  0.072093  0.232558  
0.069072  0.009278  0.101031  0.013402  0.092784  0.030928  0.039175  0.005155  0.022680  0.093814  0.006186  0.083505  0.045361  0.100000  0.050515  0.100000  0.064948  0.030928  0.019588  0.091753  0.013402  0.078351  0.061856  0.032990  0.057732  0.044330  0.043299  0.015464  0.086598  0.003093  0.087629  0.006186  0.022680  0.014433  0.089691  
0.436842  0.068421  0.347368  0.410526  0.078947  0.389474  0.215789  0.389474  0.252632  0.378947  0.184211  0.131579  0.015789  0.252632  0.478947  0.268421  0.100000  0.152632  0.089474  0.336842  0.257895  0.105263  0.121053  0.110526  0.142105  0.115789  0.000000  0.084211  0.189474  0.289474  0.015789  0.357895  0.215789  0.273684  0.284211  
0.066667  0.019697  0.115152  0.131818  0.109091  0.013636  0.095455  0.006061  0.118182  0.034848  0.069697  0.121212  0.148485  0.039394  0.119697  0.057576  0.128788  0.100000  0.122727  0.124242  0.119697  0.100000  0.025758  0.031818  0.125758  0.069697  0.080303  0.046970  0.100000  0.053030  0.048485  0.033333  0.075758  0.004545  0.074242  
0.094898  0.053061  0.092857  0.061224  0.063265  0.052041  0.031633  0.068367  0.001020  0.020408  0.082653  0.072449  0.004082  0.038776  0.002041  0.040816  0.050000  0.090816  0.100000  0.060204  0.075510  0.026531  0.089796  0.032653  0.089796  0.000000  0.101020  0.033673  0.072449  0.031633  0.012245  0.052041  0.005102  0.101020  0.084694  
0.089157  0.103614  0.098795  0.039759  0.003614  0.060241  0.108434  0.113253  0.103614  0.022892  0.093976  0.021687  0.069880  0.074699  0.091566  0.013253  0.075904  0.062651  0.049398  0.100000  0.081928  0.071084  0.078313  0.108434  0.034940  0.093976  0.050602  0.034940  0.001205  0.031325  0.002410  0.033735  0.034940  0.083133  0.083133  
0.108772  0.007018  0.098246  0.031579  0.035088  0.157895  0.163158  0.054386  0.038596  0.063158  0.115789  0.021053  0.098246  0.145614  0.100000  0.031579  0.166667  0.038596  0.143860  0.108772  0.100000  0.008772  0.159649  0.145614  0.133333  0.091228  0.164912  0.054386  0.029825  0.105263  0.108772  0.007018  0.161404  0.091228  0.166667  
0.010526  0.013158  0.028947  0.155263  0.142105  0.142105  0.078947  0.165789  0.034211  0.073684  0.171053  0.102632  0.050000  0.192105  0.226316  0.042105  0.063158  0.236842  0.260526  0.015789  0.165789  0.100000  0.039474  0.063158  0.007895  0.194737  0.078947  0.089474  0.239474  0.247368  0.207895  0.107895  0.173684  0.194737  0.026316  
0.022222  0.016667  0.533333  0.394444  0.472222  0.100000  0.227778  0.005556  0.244444  0.483333  0.194444  0.205556  0.433333  0.522222  0.527778  0.172222  0.383333  0.177778  0.138889  0.127778  0.350000  0.127778  0.100000  0.372222  0.088889  0.483333  0.488889  0.400000  0.133333  0.327778  0.244444  0.466667  0.166667  0.427778  0.188889  
0.072727  0.281818  0.340909  0.268182  0.018182  0.400000  0.122727  0.095455  0.127273  0.445455  0.172727  0.390909  0.359091  0.336364  0.040909  0.409091  0.304545  0.259091  0.418182  0.245455  0.386364  0.045455  0.209091  0.100000  0.063636  0.377273  0.054545  0.154545  0.427273  0.286364  0.145455  0.086364  0.390909  0.059091  0.045455  
0.014062  0.046875  0.017188  0.067188  0.096875  0.118750  0.032812  0.100000  0.054688  0.062500  0.109375  0.039062  0.006250  0.003125  0.087500  0.010937  0.048437  0.039062  0.045313  0.154687  0.104687  0.139062  0.053125  0.042188  0.100000  0.042188  0.032812  0.075000  0.081250  0.089062  0.087500  0.060938  0.012500  0.081250  0.060938  
0.090000  0.050000  0.300000  0.360000  0.065000  0.175000  0.095000  0.500000  0.295000  0.370000  0.385000  0.130000  0.145000  0.335000  0.130000  0.325000  0.315000  0.050000  0.335000  0.365000  0.170000  0.240000  0.075000  0.375000  0.440000  0.100000  0.060000  0.320000  0.145000  0.060000  0.275000  0.075000  0.350000  0.440000  0.275000  
0.075758  0.116667  0.109091  0.080303  0.139394  0.145455  0.110606  0.021212  0.006061  0.000000  0.004545  0.146970  0.137879  0.115152  0.057576  0.001515  0.015152  0.140909  0.046970  0.007576  0.115152  0.140909  0.037879  0.027273  0.146970  0.066667  0.100000  0.128788  0.131818  0.024242  0.148485  0.050000  0.048485  0.033333  0.106061  
0.787500  0.550000  0.350000  0.237500  0.450000  0.550000  0.937500  0.062500  1.125000  1.237500  0.050000  0.200000  0.912500  1.025000  0.700000  0.075000  0.925000  0.737500  0.487500  0.412500  0.512500  0.012500  0.425000  0.737500  0.100000  0.512500  1.200000  0.100000  0.225000  0.950000  0.187500  0.125000  0.150000  0.300000  0.975000  
0.089744  0.091026  0.039744  0.098718  0.084615  0.070513  0.065385  0.079487  0.019231  0.012821  0.111538  0.076923  0.096154  0.001282  0.015385  0.094872  0.016667  0.035897  0.069231  0.114103  0.100000  0.103846  0.064103  0.057692  0.100000  0.105128  0.050000  0.007692  0.100000  0.044872  0.128205  0.032051  0.124359  0.012821  0.034615  
0.142623  0.075410  0.144262  0.031148  0.098361  0.045902  0.075410  0.029508  0.155738  0.109836  0.104918  0.052459  0.027869  0.039344  0.011475  0.075410  0.055738  0.068852  0.078689  0.062295  0.124590  0.034426  0.073770  0.036066  0.050820  0.063934  0.036066  0.095082  0.018033  0.100000  0.083607  0.026230  0.147541  0.134426  0.113115  
0.029348  0.061957  0.093478  0.077174  0.018478  0.025000  0.053261  0.048913  0.054348  0.084783  0.009783  0.070652  0.052174  0.004348  0.018478  0.089130  0.086957  0.063043  0.011957  0.030435  0.077174  0.010870  0.025000  0.067391  0.030435  0.047826  0.023913  0.001087  0.054348  0.004348  0.100000  0.010870  0.027174  0.057609  0.048913  
0.210870  0.013043  0.093478  0.078261  0.200000  0.141304  0.095652  0.028261  0.067391  0.030435  0.147826  0.073913  0.204348  0.119565  0.128261  0.152174  0.041304  0.034783  0.095652  0.100000  0.134783  0.056522  0.045652  0.119565  0.089130  0.113043  0.000000  0.056522  0.158696  0.069565  0.039130  0.100000  0.013043  0.019565  0.086957  
0.127869  0.077049  0.121311  0.095082  0.140984  0.059016  0.096721  0.065574  0.022951  0.157377  0.026230  0.126230  0.060656  0.149180  0.096721  0.075410  0.062295  0.044262  0.155738  0.109836  0.113115  0.159016  0.047541  0.063934  0.060656  0.068852  0.042623  0.027869  0.040984  0.145902  0.101639  0.098361  0.100000  0.039344  0.127869  
1.240000  1.720000  0.800000  1.460000  0.220000  0.120000  0.320000  0.300000  0.580000  0.200000  1.940000  0.920000  0.420000  1.380000  1.800000  0.860000  1.960000  0.760000  1.520000  1.620000  1.340000  0.760000  0.900000  0.240000  0.980000  1.600000  0.560000  0.320000  0.540000  0.940000  2.000000  0.540000  1.720000  0.100000  1.620000  
0.092553  0.009574  0.090426  0.006383  0.062766  0.038298  0.059574  0.051064  0.007447  0.102128  0.071277  0.039362  0.086170  0.026596  0.019149  0.087234  0.103191  0.094681  0.082979  0.095745  0.098936  0.063830  0.014894  0.001064  0.043617  0.089362  0.061702  0.005319  0.045745  0.038298  0.091489  0.105319  0.061702  0.098936  0.100000  
0.000951  0.000631  0.000377  0.000360  0.000391  0.000340  0.000533  0.000324  0.000586  0.000334  0.000705  0.000329  0.001052  0.000388  0.000481  0.000320  0.000724  0.000388  0.000319  0.000346  0.000418  0.000512  0.000744  0.000673  0.000394  0.000705  0.000388  0.001115  0.000357  0.000404  0.000329  0.000465  0.000404  0.001411  0.000325  