0.100000  0.120000  0.146667  0.386667  0.086667  0.033333  0.180000  0.200000  0.266667  0.333333  0.413333  0.466667  0.400000  0.460000  0.633333  0.433333  0.666667  0.320000  0.100000  0.393333  0.086667  0.060000  0.446667  0.160000  0.260000  0.093333  0.520000  0.460000  0.120000  0.146667  0.446667  0.193333  0.320000  0.266667  0.166667  
0.066667  0.100000  0.600000  1.766667  2.966667  0.800000  2.200000  1.233333  2.366667  0.833333  0.100000  0.666667  1.800000  2.066667  0.866667  0.200000  3.300000  0.833333  1.566667  0.000000  0.233333  2.500000  3.333333  2.933333  0.500000  2.033333  1.500000  0.833333  2.000000  3.100000  2.000000  3.133333  2.233333  1.433333  1.700000  
0.125373  0.138806  0.100000  0.025373  0.129851  0.026866  0.019403  0.077612  0.147761  0.025373  0.104478  0.104478  0.088060  0.119403  0.002985  0.026866  0.010448  0.028358  0.144776  0.102985  0.035821  0.094030  0.020896  0.007463  0.026866  0.076119  0.029851  0.059701  0.080597  0.092537  0.089552  0.019403  0.091045  0.138806  0.102985  
0.103226  0.079570  0.105376  0.100000  0.095699  0.081720  0.015054  0.054839  0.016129  0.104301  0.024731  0.075269  0.106452  0.006452  0.065591  0.081720  0.011828  0.037634  0.103226  0.049462  0.064516  0.012903  0.033333  0.072043  0.065591  0.097849  0.012903  0.061290  0.022581  0.021505  0.009677  0.072043  0.083871  0.002151  0.101075  
0.112500  0.125000  0.144643  0.116071  0.100000  0.169643  0.173214  0.089286  0.042857  0.053571  0.019643  0.119643  0.101786  0.037500  0.025000  0.160714  0.076786  0.101786  0.016071  0.082143  0.016071  0.005357  0.137500  0.037500  0.050000  0.008929  0.117857  0.014286  0.057143  0.158929  0.173214  0.126786  0.142857  0.117857  0.132143  
0.030526  0.002105  0.085263  0.051579  0.088421  0.100000  0.029474  0.104211  0.000000  0.028421  0.011579  0.030526  0.091579  0.062105  0.078947  0.013684  0.062105  0.045263  0.010526  0.069474  0.056842  0.053684  0.092632  0.086316  0.034737  0.051579  0.004211  0.091579  0.097895  0.057895  0.073684  0.072632  0.086316  0.027368  0.025263  
0.095000  0.035000  0.400000  0.295000  0.375000  0.010000  0.100000  0.445000  0.265000  0.265000  0.175000  0.375000  0.380000  0.035000  0.450000  0.385000  0.260000  0.470000  0.410000  0.080000  0.120000  0.250000  0.315000  0.495000  0.105000  0.160000  0.225000  0.420000  0.395000  0.220000  0.205000  0.045000  0.285000  0.030000  0.300000  
0.102564  0.033333  0.046154  0.071795  0.023077  0.021795  0.092308  0.100000  0.044872  0.039744  0.056410  0.082051  0.051282  0.102564  0.092308  0.114103  0.076923  0.111538  0.105128  0.007692  0.019231  0.015385  0.117949  0.084615  0.061538  0.053846  0.088462  0.003846  0.066667  0.058974  0.066667  0.043590  0.110256  0.080769  0.114103  
0.102062  0.046392  0.090722  0.058763  0.032990  0.059794  0.055670  0.101031  0.100000  0.096907  0.015464  0.059794  0.056701  0.073196  0.102062  0.070103  0.077320  0.051546  0.027835  0.075258  0.032990  0.074227  0.031959  0.085567  0.048454  0.017526  0.046392  0.083505  0.093814  0.074227  0.022680  0.060825  0.092784  0.083505  0.055670  
0.045714  0.134286  0.122857  0.282857  0.214286  0.077143  0.231429  0.145714  0.282857  0.100000  0.074286  0.022857  0.228571  0.065714  0.080000  0.077143  0.248571  0.125714  0.105714  0.277143  0.071429  0.242857  0.071429  0.271429  0.240000  0.111429  0.225714  0.140000  0.245714  0.120000  0.217143  0.191429  0.157143  0.048571  0.080000  
0.064000  0.074000  0.019000  0.010000  0.020000  0.076000  0.055000  0.091000  0.084000  0.064000  0.100000  0.014000  0.063000  0.029000  0.099000  0.036000  0.079000  0.078000  0.082000  0.050000  0.077000  0.083000  0.013000  0.019000  0.032000  0.045000  0.061000  0.081000  0.032000  0.072000  0.004000  0.067000  0.052000  0.099000  0.019000  
0.207692  0.738462  0.469231  0.607692  0.023077  0.146154  0.030769  0.346154  0.384615  0.661538  0.538462  0.100000  0.646154  0.700000  0.523077  0.669231  0.146154  0.407692  0.123077  0.607692  0.292308  0.384615  0.423077  0.661538  0.030769  0.223077  0.592308  0.161538  0.084615  0.707692  0.430769  0.246154  0.000000  0.569231  0.084615  
0.124242  0.006061  0.104545  0.027273  0.025758  0.151515  0.124242  0.083333  0.150000  0.066667  0.060606  0.148485  0.100000  0.000000  0.006061  0.053030  0.113636  0.060606  0.119697  0.045455  0.100000  0.089394  0.003030  0.065152  0.130303  0.007576  0.056061  0.100000  0.000000  0.034848  0.050000  0.134848  0.096970  0.131818  0.103030  
0.119512  0.006098  0.093902  0.045122  0.080488  0.054878  0.002439  0.095122  0.048780  0.051220  0.090244  0.028049  0.063415  0.100000  0.064634  0.059756  0.045122  0.074390  0.114634  0.023171  0.106098  0.079268  0.113415  0.040244  0.121951  0.057317  0.017073  0.007317  0.076829  0.047561  0.030488  0.086585  0.000000  0.068293  0.096341  
0.103846  0.176923  0.025000  0.003846  0.061538  0.069231  0.144231  0.175000  0.023077  0.103846  0.107692  0.140385  0.005769  0.069231  0.100000  0.080769  0.038462  0.111538  0.034615  0.146154  0.155769  0.088462  0.140385  0.146154  0.169231  0.021154  0.009615  0.115385  0.092308  0.144231  0.055769  0.180769  0.021154  0.109615  0.073077  
0.295833  0.304167  0.191667  0.266667  0.012500  0.279167  0.050000  0.283333  0.195833  0.108333  0.016667  0.329167  0.166667  0.400000  0.158333  0.100000  0.304167  0.208333  0.075000  0.175000  0.279167  0.150000  0.375000  0.120833  0.304167  0.408333  0.087500  0.016667  0.412500  0.125000  0.262500  0.158333  0.083333  0.241667  0.358333  
0.107609  0.084783  0.059783  0.013043  0.047826  0.007609  0.016304  0.053261  0.001087  0.013043  0.080435  0.092391  0.083696  0.045652  0.001087  0.047826  0.100000  0.057609  0.079348  0.061957  0.107609  0.043478  0.104348  0.028261  0.008696  0.064130  0.094565  0.083696  0.007609  0.066304  0.107609  0.075000  0.056522  0.051087  0.006522  
0.628571  0.328571  1.342857  0.057143  0.785714  0.528571  0.771429  0.600000  0.071429  1.171429  0.728571  1.257143  1.414286  0.142857  0.500000  0.857143  0.742857  0.100000  0.157143  1.371429  1.328571  0.928571  1.385714  0.542857  1.314286  1.228571  0.914286  1.271429  0.014286  1.085714  0.242857  0.771429  0.271429  0.342857  1.157143  
0.900000  0.600000  0.400000  1.380000  1.220000  0.240000  0.020000  1.800000  1.160000  0.620000  0.220000  0.720000  1.900000  1.800000  0.300000  0.040000  1.880000  0.880000  0.100000  0.400000  1.100000  0.020000  0.500000  1.180000  1.580000  1.100000  0.000000  0.760000  0.580000  0.360000  0.580000  1.620000  1.860000  1.200000  0.700000  
0.119444  0.161111  0.250000  0.019444  0.205556  0.197222  0.180556  0.252778  0.138889  0.233333  0.250000  0.072222  0.152778  0.163889  0.205556  0.066667  0.272222  0.027778  0.072222  0.100000  0.088889  0.141667  0.277778  0.111111  0.227778  0.058333  0.116667  0.080556  0.138889  0.225000  0.147222  0.233333  0.247222  0.233333  0.252778  
0.113636  0.077273  0.195455  0.059091  0.047727  0.193182  0.013636  0.122727  0.013636  0.163636  0.111364  0.202273  0.079545  0.179545  0.018182  0.159091  0.065909  0.020455  0.156818  0.159091  0.100000  0.129545  0.075000  0.184091  0.193182  0.145455  0.206818  0.129545  0.111364  0.102273  0.020455  0.159091  0.054545  0.100000  0.140909  
0.044681  0.040426  0.178723  0.029787  0.121277  0.006383  0.136170  0.059574  0.104255  0.202128  0.176596  0.125532  0.155319  0.074468  0.000000  0.070213  0.121277  0.197872  0.055319  0.106383  0.027660  0.100000  0.182979  0.080851  0.172340  0.134043  0.123404  0.127660  0.197872  0.168085  0.070213  0.185106  0.097872  0.038298  0.193617  
0.154167  0.085417  0.114583  0.095833  0.060417  0.122917  0.158333  0.033333  0.066667  0.116667  0.052083  0.141667  0.047917  0.133333  0.106250  0.047917  0.104167  0.054167  0.127083  0.052083  0.041667  0.043750  0.100000  0.058333  0.066667  0.158333  0.064583  0.195833  0.064583  0.125000  0.175000  0.116667  0.050000  0.185417  0.006250  
0.061538  0.723077  0.553846  0.515385  0.576923  0.107692  0.407692  0.738462  0.261538  0.500000  0.723077  0.546154  0.376923  0.292308  0.592308  0.038462  0.338462  0.007692  0.030769  0.361538  0.238462  0.338462  0.176923  0.100000  0.361538  0.630769  0.246154  0.723077  0.723077  0.753846  0.361538  0.330769  0.023077  0.661538  0.092308  
0.073333  0.500000  0.433333  0.286667  0.173333  0.300000  0.260000  0.266667  0.560000  0.133333  0.413333  0.480000  0.313333  0.446667  0.606667  0.226667  0.180000  0.300000  0.573333  0.480000  0.206667  0.353333  0.253333  0.540000  0.100000  0.493333  0.306667  0.500000  0.013333  0.126667  0.153333  0.500000  0.433333  0.213333  0.206667  
0.250000  0.900000  1.900000  4.950000  4.900000  4.400000  1.000000  0.550000  4.350000  1.150000  2.000000  3.000000  2.050000  1.650000  4.100000  2.000000  4.650000  3.200000  0.750000  2.400000  4.650000  4.250000  2.350000  1.950000  4.450000  0.100000  1.450000  3.150000  3.050000  0.350000  3.850000  2.750000  2.250000  1.400000  2.950000  
0.008333  0.015000  0.043333  0.018333  0.046667  0.056667  0.080000  0.161667  0.090000  0.063333  0.020000  0.093333  0.130000  0.053333  0.000000  0.028333  0.036667  0.013333  0.103333  0.010000  0.141667  0.131667  0.065000  0.073333  0.048333  0.100000  0.100000  0.085000  0.030000  0.020000  0.065000  0.110000  0.038333  0.076667  0.028333  
0.166667  0.216667  0.119048  0.092857  0.216667  0.197619  0.090476  0.014286  0.209524  0.228571  0.045238  0.054762  0.219048  0.052381  0.142857  0.169048  0.209524  0.107143  0.169048  0.226190  0.064286  0.080952  0.088095  0.080952  0.166667  0.169048  0.173810  0.100000  0.088095  0.178571  0.157143  0.157143  0.035714  0.202381  0.145238  
0.052000  0.097333  0.025333  0.120000  0.080000  0.069333  0.080000  0.122667  0.025333  0.118667  0.072000  0.025333  0.100000  0.042667  0.097333  0.014667  0.033333  0.054667  0.110667  0.054667  0.073333  0.057333  0.104000  0.117333  0.022667  0.002667  0.082667  0.052000  0.100000  0.133333  0.105333  0.118667  0.060000  0.074667  0.042667  
0.007692  0.082051  0.023077  0.194872  0.007692  0.084615  0.007692  0.148718  0.215385  0.182051  0.076923  0.176923  0.005128  0.128205  0.102564  0.238462  0.230769  0.228205  0.046154  0.251282  0.253846  0.115385  0.192308  0.066667  0.069231  0.238462  0.130769  0.125641  0.046154  0.100000  0.092308  0.153846  0.176923  0.166667  0.251282  
0.037662  0.038961  0.061039  0.001299  0.031169  0.076623  0.123377  0.002597  0.037662  0.081818  0.055844  0.093506  0.000000  0.080519  0.045455  0.016883  0.061039  0.066234  0.044156  0.071429  0.011688  0.077922  0.048052  0.074026  0.077922  0.027273  0.067532  0.092208  0.119481  0.040260  0.100000  0.019481  0.114286  0.005195  0.070130  
0.286207  0.000000  0.331034  0.310345  0.272414  0.072414  0.141379  0.206897  0.162069  0.320690  0.110345  0.186207  0.055172  0.151724  0.255172  0.127586  0.337931  0.141379  0.286207  0.275862  0.003448  0.103448  0.262069  0.258621  0.231034  0.072414  0.317241  0.193103  0.334483  0.220690  0.072414  0.100000  0.289655  0.117241  0.258621  
0.126923  0.108974  0.015385  0.058974  0.046154  0.012821  0.117949  0.120513  0.039744  0.050000  0.014103  0.007692  0.033333  0.033333  0.101282  0.044872  0.023077  0.097436  0.117949  0.037179  0.057692  0.105128  0.119231  0.043590  0.106410  0.071795  0.051282  0.032051  0.108974  0.012821  0.007692  0.085897  0.100000  0.106410  0.112821  
0.018333  0.063333  0.050000  0.043333  0.001667  0.000000  0.120000  0.035000  0.158333  0.140000  0.050000  0.020000  0.125000  0.075000  0.048333  0.071667  0.133333  0.146667  0.085000  0.110000  0.125000  0.013333  0.023333  0.110000  0.095000  0.006667  0.090000  0.148333  0.035000  0.040000  0.008333  0.070000  0.091667  0.100000  0.161667  
0.115278  0.104167  0.043056  0.073611  0.022222  0.015278  0.125000  0.125000  0.034722  0.063889  0.098611  0.065278  0.054167  0.134722  0.119444  0.095833  0.009722  0.072222  0.036111  0.004167  0.002778  0.026389  0.063889  0.068056  0.118056  0.048611  0.134722  0.101389  0.129167  0.100000  0.001389  0.090278  0.097222  0.138889  0.100000  
0.000815  0.001821  0.000385  0.000327  0.000422  0.000324  0.000705  0.000357  0.000320  0.000533  0.000315  0.000875  0.000388  0.000348  0.000437  0.000644  0.000329  0.001192  0.001411  0.000526  0.000476  0.000460  0.000455  0.000875  0.000815  0.002231  0.000407  0.000487  0.000364  0.000505  0.000360  0.000586  0.000357  0.000407  0.000372  