0.100000  0.002000  0.008000  0.050000  0.005000  0.042000  0.037000  0.077000  0.010000  0.010000  0.029000  0.097000  0.056000  0.028000  0.067000  0.058000  0.025000  0.089000  0.056000  0.090000  0.062000  0.058000  0.073000  0.012000  0.021000  0.007000  0.084000  0.048000  0.092000  0.020000  0.089000  0.043000  0.099000  0.067000  0.080000  
0.173333  0.100000  0.106667  0.135556  0.088889  0.102222  0.137778  0.042222  0.026667  0.173333  0.051111  0.217778  0.020000  0.120000  0.111111  0.097778  0.015556  0.142222  0.211111  0.084444  0.124444  0.082222  0.051111  0.040000  0.066667  0.008889  0.102222  0.155556  0.002222  0.162222  0.071111  0.062222  0.126667  0.171111  0.088889  
0.119403  0.041791  0.100000  0.058209  0.149254  0.131343  0.079104  0.011940  0.123881  0.071642  0.023881  0.010448  0.028358  0.131343  0.061194  0.094030  0.082090  0.007463  0.149254  0.016418  0.077612  0.037313  0.026866  0.119403  0.119403  0.114925  0.049254  0.135821  0.116418  0.000000  0.140299  0.149254  0.037313  0.132836  0.070149  
0.164865  0.127027  0.213514  0.100000  0.045946  0.167568  0.013514  0.067568  0.067568  0.259459  0.008108  0.240541  0.243243  0.197297  0.143243  0.043243  0.156757  0.237838  0.162162  0.040541  0.064865  0.102703  0.145946  0.108108  0.232432  0.032432  0.218919  0.243243  0.005405  0.062162  0.259459  0.045946  0.056757  0.259459  0.116216  
0.264516  0.177419  0.212903  0.300000  0.100000  0.119355  0.219355  0.067742  0.012903  0.051613  0.193548  0.209677  0.009677  0.016129  0.025806  0.003226  0.038710  0.029032  0.087097  0.016129  0.132258  0.119355  0.303226  0.145161  0.006452  0.174194  0.151613  0.064516  0.264516  0.322581  0.232258  0.225806  0.012903  0.248387  0.229032  
0.159649  0.150877  0.085965  0.100000  0.059649  0.100000  0.166667  0.129825  0.098246  0.149123  0.022807  0.122807  0.059649  0.008772  0.068421  0.021053  0.019298  0.008772  0.094737  0.103509  0.052632  0.071930  0.152632  0.096491  0.010526  0.047368  0.159649  0.005263  0.149123  0.100000  0.150877  0.128070  0.040351  0.150877  0.024561  
0.214286  0.082857  0.188571  0.274286  0.257143  0.025714  0.100000  0.214286  0.071429  0.011429  0.185714  0.057143  0.194286  0.060000  0.045714  0.180000  0.231429  0.100000  0.042857  0.028571  0.265714  0.262857  0.285714  0.031429  0.140000  0.034286  0.277143  0.162857  0.240000  0.242857  0.011429  0.051429  0.020000  0.034286  0.134286  
0.068687  0.027273  0.100000  0.067677  0.017172  0.042424  0.097980  0.100000  0.018182  0.069697  0.078788  0.047475  0.021212  0.056566  0.019192  0.100000  0.012121  0.095960  0.059596  0.021212  0.051515  0.031313  0.083838  0.015152  0.095960  0.016162  0.024242  0.076768  0.007071  0.041414  0.076768  0.087879  0.030303  0.030303  0.043434  
0.107527  0.090323  0.004301  0.019355  0.064516  0.076344  0.006452  0.073118  0.100000  0.034409  0.105376  0.050538  0.062366  0.069892  0.106452  0.082796  0.031183  0.087097  0.101075  0.017204  0.073118  0.104301  0.103226  0.048387  0.093548  0.031183  0.040860  0.010753  0.010753  0.026882  0.069892  0.052688  0.038710  0.101075  0.031183  
0.129851  0.073134  0.140299  0.022388  0.077612  0.047761  0.040299  0.046269  0.143284  0.100000  0.029851  0.101493  0.125373  0.019403  0.100000  0.138806  0.059701  0.065672  0.049254  0.062687  0.005970  0.132836  0.046269  0.016418  0.116418  0.123881  0.062687  0.102985  0.123881  0.005970  0.001493  0.002985  0.044776  0.125373  0.108955  
0.124490  0.153061  0.110204  0.091837  0.177551  0.187755  0.055102  0.028571  0.151020  0.087755  0.100000  0.069388  0.169388  0.095918  0.100000  0.089796  0.071429  0.014286  0.163265  0.126531  0.069388  0.028571  0.191837  0.004082  0.075510  0.071429  0.036735  0.030612  0.048980  0.063265  0.075510  0.085714  0.087755  0.091837  0.022449  
0.016000  0.018667  0.061333  0.010667  0.064000  0.072000  0.073333  0.089333  0.024000  0.040000  0.082667  0.100000  0.074667  0.113333  0.118667  0.022667  0.092000  0.116000  0.028000  0.032000  0.040000  0.012000  0.045333  0.061333  0.088000  0.122667  0.082667  0.092000  0.074667  0.105333  0.081333  0.112000  0.106667  0.014667  0.076000  
0.200000  0.135556  0.140000  0.053333  0.124444  0.080000  0.188889  0.137778  0.042222  0.002222  0.095556  0.042222  0.100000  0.100000  0.151111  0.195556  0.086667  0.013333  0.142222  0.208889  0.153333  0.186667  0.035556  0.117778  0.115556  0.077778  0.088889  0.066667  0.008889  0.100000  0.124444  0.184444  0.157778  0.151111  0.124444  
0.021538  0.067692  0.140000  0.129231  0.027692  0.010769  0.093846  0.016923  0.038462  0.146154  0.109231  0.123077  0.129231  0.100000  0.146154  0.113846  0.141538  0.072308  0.041538  0.046154  0.049231  0.066154  0.098462  0.100000  0.080000  0.038462  0.075385  0.106154  0.003077  0.104615  0.063077  0.013846  0.009231  0.027692  0.043077  
0.104301  0.087097  0.101075  0.017204  0.102151  0.003226  0.050538  0.075269  0.060215  0.045161  0.039785  0.059140  0.078495  0.081720  0.100000  0.097849  0.003226  0.029032  0.047312  0.001075  0.010753  0.037634  0.001075  0.077419  0.054839  0.015054  0.055914  0.067742  0.037634  0.055914  0.047312  0.031183  0.052688  0.088172  0.012903  
0.022472  0.012360  0.091011  0.061798  0.095506  0.005618  0.091011  0.004494  0.102247  0.001124  0.024719  0.060674  0.029213  0.043820  0.066292  0.100000  0.065169  0.041573  0.102247  0.065169  0.073034  0.104494  0.088764  0.101124  0.002247  0.093258  0.042697  0.057303  0.048315  0.064045  0.040449  0.012360  0.112360  0.106742  0.017978  
0.288889  0.433333  0.988889  0.755556  0.688889  0.800000  0.600000  0.344444  0.388889  0.522222  0.811111  0.088889  0.088889  0.100000  0.277778  1.044444  0.100000  0.777778  1.033333  1.100000  0.588889  1.066667  0.711111  0.733333  0.488889  0.833333  1.077778  0.433333  0.088889  0.266667  0.711111  0.355556  0.000000  0.022222  0.066667  
0.157143  0.204762  0.395238  0.200000  0.452381  0.352381  0.157143  0.176190  0.090476  0.457143  0.185714  0.157143  0.042857  0.242857  0.457143  0.404762  0.033333  0.100000  0.190476  0.433333  0.128571  0.133333  0.442857  0.338095  0.461905  0.228571  0.109524  0.276190  0.057143  0.338095  0.352381  0.171429  0.009524  0.285714  0.147619  
4.800000  7.500000  2.000000  7.000000  7.000000  8.400000  7.500000  1.800000  10.000000  6.800000  9.000000  4.900000  7.800000  5.000000  1.800000  7.900000  2.200000  9.600000  0.000000  4.200000  3.100000  7.200000  9.100000  8.100000  6.700000  2.500000  5.900000  2.000000  4.900000  5.600000  7.000000  6.700000  1.200000  1.600000  8.100000  
0.050746  0.098507  0.059701  0.086567  0.126866  0.008955  0.007463  0.088060  0.071642  0.144776  0.116418  0.058209  0.031343  0.129851  0.085075  0.091045  0.126866  0.128358  0.113433  0.100000  0.058209  0.026866  0.035821  0.038806  0.105970  0.062687  0.086567  0.149254  0.034328  0.074627  0.019403  0.079104  0.000000  0.034328  0.080597  
0.002062  0.015464  0.048454  0.028866  0.020619  0.025773  0.089691  0.084536  0.062887  0.022680  0.001031  0.003093  0.067010  0.076289  0.056701  0.026804  0.041237  0.013402  0.027835  0.078351  0.100000  0.049485  0.064948  0.069072  0.080412  0.042268  0.085567  0.045361  0.016495  0.078351  0.070103  0.057732  0.051546  0.035052  0.097938  
0.008333  0.084524  0.084524  0.028571  0.096429  0.063095  0.011905  0.119048  0.063095  0.113095  0.113095  0.058333  0.051190  0.066667  0.011905  0.009524  0.084524  0.016667  0.053571  0.096429  0.080952  0.100000  0.059524  0.084524  0.082143  0.050000  0.117857  0.117857  0.007143  0.026190  0.017857  0.005952  0.067857  0.030952  0.022619  
0.066216  0.047297  0.017568  0.043243  0.035135  0.020270  0.027027  0.047297  0.083784  0.131081  0.082432  0.036486  0.071622  0.002703  0.060811  0.005405  0.024324  0.004054  0.008108  0.066216  0.059459  0.029730  0.100000  0.018919  0.086486  0.116216  0.075676  0.014865  0.027027  0.051351  0.005405  0.075676  0.124324  0.094595  0.066216  
0.228571  0.142857  0.161905  0.085714  0.280952  0.095238  0.028571  0.371429  0.038095  0.009524  0.328571  0.347619  0.219048  0.438095  0.104762  0.223810  0.352381  0.442857  0.395238  0.300000  0.009524  0.052381  0.123810  0.100000  0.038095  0.347619  0.152381  0.452381  0.071429  0.438095  0.071429  0.419048  0.204762  0.119048  0.080952  
0.034615  0.169231  0.026923  0.038462  0.338462  0.003846  0.173077  0.115385  0.376923  0.373077  0.123077  0.050000  0.100000  0.223077  0.100000  0.334615  0.157692  0.365385  0.123077  0.023077  0.323077  0.330769  0.165385  0.023077  0.100000  0.023077  0.315385  0.088462  0.019231  0.103846  0.042308  0.026923  0.119231  0.107692  0.192308  
0.563636  0.290909  0.409091  0.236364  0.890909  0.254545  0.209091  0.609091  0.545455  0.900000  0.390909  0.281818  0.600000  0.700000  0.527273  0.254545  0.000000  0.672727  0.500000  0.890909  0.236364  0.272727  0.581818  0.081818  0.836364  0.100000  0.345455  0.545455  0.463636  0.536364  0.718182  0.509091  0.372727  0.790909  0.654545  
0.073684  0.050526  0.098947  0.069474  0.084211  0.087368  0.030526  0.105263  0.009474  0.030526  0.013684  0.012632  0.086316  0.053684  0.009474  0.020000  0.015789  0.038947  0.024211  0.024211  0.092632  0.005263  0.061053  0.023158  0.032632  0.028421  0.100000  0.077895  0.054737  0.068421  0.052632  0.087368  0.070526  0.098947  0.066316  
0.129333  0.049333  0.060000  0.052000  0.132000  0.049333  0.102667  0.052000  0.001333  0.085333  0.077333  0.128000  0.052000  0.041333  0.058667  0.034667  0.033333  0.110667  0.002667  0.018667  0.101333  0.078667  0.086667  0.118667  0.096000  0.009333  0.000000  0.100000  0.053333  0.102667  0.016000  0.108000  0.086667  0.106667  0.110667  
0.145238  0.235714  0.138095  0.173810  0.028571  0.064286  0.092857  0.219048  0.142857  0.080952  0.054762  0.150000  0.061905  0.114286  0.028571  0.228571  0.052381  0.109524  0.211905  0.228571  0.233333  0.221429  0.052381  0.114286  0.083333  0.192857  0.228571  0.066667  0.100000  0.152381  0.104762  0.190476  0.173810  0.176190  0.045238  
0.300000  0.725000  0.750000  0.237500  0.550000  0.962500  1.150000  0.062500  0.012500  1.237500  0.525000  0.650000  1.025000  0.875000  1.075000  0.725000  0.400000  1.225000  0.587500  0.525000  0.462500  1.037500  1.100000  0.262500  0.337500  1.087500  0.837500  0.487500  1.062500  0.100000  0.612500  0.962500  0.187500  1.250000  1.075000  
0.045652  0.213043  0.117391  0.010870  0.126087  0.019565  0.043478  0.191304  0.017391  0.169565  0.039130  0.189130  0.189130  0.082609  0.019565  0.021739  0.156522  0.169565  0.213043  0.130435  0.071739  0.202174  0.104348  0.158696  0.017391  0.106522  0.184783  0.182609  0.052174  0.167391  0.100000  0.017391  0.189130  0.178261  0.206522  
0.095349  0.045349  0.066279  0.051163  0.030233  0.106977  0.076744  0.076744  0.100000  0.105814  0.054651  0.051163  0.080233  0.046512  0.111628  0.013953  0.065116  0.069767  0.027907  0.100000  0.079070  0.030233  0.017442  0.002326  0.058140  0.100000  0.089535  0.096512  0.053488  0.036047  0.037209  0.100000  0.048837  0.087209  0.093023  
2.566667  2.600000  1.600000  1.933333  3.033333  2.533333  0.466667  1.000000  3.066667  0.800000  0.200000  3.033333  0.666667  0.600000  0.566667  2.333333  1.100000  0.866667  1.100000  3.033333  3.000000  0.933333  0.933333  1.766667  0.633333  2.666667  0.666667  2.566667  0.400000  2.433333  2.833333  2.266667  0.100000  2.633333  3.233333  
0.120253  0.050633  0.055696  0.075949  0.073418  0.020253  0.035443  0.098734  0.035443  0.075949  0.122785  0.078481  0.000000  0.008861  0.000000  0.120253  0.001266  0.093671  0.094937  0.100000  0.010127  0.113924  0.053165  0.062025  0.016456  0.082278  0.054430  0.111392  0.120253  0.048101  0.126582  0.010127  0.121519  0.100000  0.082278  
0.016667  0.057778  0.052222  0.078889  0.078889  0.005556  0.044444  0.041111  0.027778  0.074444  0.031111  0.037778  0.093333  0.064444  0.081111  0.005556  0.091111  0.107778  0.065556  0.058889  0.024444  0.060000  0.013333  0.004444  0.051111  0.105556  0.062222  0.017778  0.075556  0.096667  0.085556  0.012222  0.020000  0.058889  0.100000  
0.000315  0.000470  0.000385  0.000519  0.000567  0.000418  0.000533  0.000317  0.000327  0.000385  0.000451  0.000364  0.000470  0.000391  0.000327  0.000334  0.001052  0.000688  0.003155  0.000385  0.000320  0.000344  0.000367  0.000688  0.000619  0.000951  0.000324  0.000364  0.000487  0.001115  0.000465  0.000340  0.001821  0.000355  0.000333  