0.100000  0.850000  0.033333  0.100000  1.200000  0.050000  1.083333  1.216667  0.883333  0.550000  0.316667  0.266667  1.616667  0.616667  1.233333  1.066667  0.983333  1.066667  0.616667  1.050000  1.366667  0.633333  0.733333  0.316667  0.783333  0.000000  0.833333  0.466667  1.400000  0.866667  1.466667  1.666667  0.233333  1.083333  1.500000  
0.147059  0.100000  0.068627  0.064706  0.007843  0.168627  0.119608  0.003922  0.174510  0.084314  0.080392  0.129412  0.186275  0.150980  0.082353  0.172549  0.072549  0.158824  0.068627  0.011765  0.041176  0.107843  0.039216  0.101961  0.007843  0.168627  0.066667  0.105882  0.003922  0.158824  0.045098  0.000000  0.119608  0.135294  0.041176  
0.027368  0.087368  0.100000  0.029474  0.035789  0.020000  0.073684  0.054737  0.102105  0.069474  0.046316  0.035789  0.051579  0.012632  0.081053  0.083158  0.040000  0.074737  0.008421  0.056842  0.061053  0.091579  0.043158  0.062105  0.090526  0.053684  0.063158  0.072632  0.073684  0.036842  0.033684  0.096842  0.032632  0.036842  0.024211  
0.026923  0.051282  0.048718  0.100000  0.108974  0.015385  0.091026  0.041026  0.124359  0.070513  0.098718  0.084615  0.005128  0.078205  0.021795  0.011538  0.026923  0.069231  0.042308  0.100000  0.005128  0.006410  0.043590  0.106410  0.073077  0.080769  0.002564  0.093590  0.065385  0.103846  0.057692  0.070513  0.114103  0.005128  0.038462  
0.115584  0.044156  0.087013  0.110390  0.100000  0.111688  0.120779  0.125974  0.123377  0.059740  0.053247  0.032468  0.088312  0.054545  0.072727  0.007792  0.077922  0.032468  0.032468  0.041558  0.077922  0.059740  0.032468  0.128571  0.119481  0.009091  0.040260  0.001299  0.059740  0.049351  0.014286  0.037662  0.062338  0.123377  0.000000  
0.035849  0.186792  0.084906  0.052830  0.045283  0.100000  0.115094  0.071698  0.032075  0.160377  0.035849  0.179245  0.028302  0.171698  0.039623  0.079245  0.145283  0.043396  0.143396  0.047170  0.122642  0.001887  0.054717  0.001887  0.162264  0.098113  0.016981  0.083019  0.173585  0.018868  0.069811  0.039623  0.016981  0.103774  0.020755  
0.014286  0.097143  0.054286  0.032857  0.105714  0.032857  0.100000  0.024286  0.065714  0.102857  0.058571  0.085714  0.125714  0.112857  0.121429  0.008571  0.114286  0.094286  0.095714  0.124286  0.004286  0.014286  0.061429  0.028571  0.035714  0.042857  0.141429  0.050000  0.120000  0.060000  0.084286  0.052857  0.130000  0.014286  0.040000  
0.088372  0.003488  0.010465  0.084884  0.041860  0.070930  0.029070  0.100000  0.113953  0.058140  0.086047  0.068605  0.094186  0.012791  0.044186  0.023256  0.077907  0.111628  0.110465  0.096512  0.074419  0.038372  0.089535  0.116279  0.102326  0.068605  0.069767  0.097674  0.003488  0.018605  0.036047  0.063953  0.080233  0.053488  0.025581  
0.023529  0.084314  0.117647  0.139216  0.098039  0.064706  0.001961  0.098039  0.100000  0.000000  0.162745  0.190196  0.123529  0.101961  0.192157  0.088235  0.086275  0.050980  0.127451  0.015686  0.121569  0.196078  0.088235  0.178431  0.025490  0.113725  0.060784  0.054902  0.056863  0.086275  0.076471  0.135294  0.062745  0.103922  0.143137  
0.300000  0.067857  0.246429  0.285714  0.017857  0.039286  0.135714  0.157143  0.221429  0.100000  0.167857  0.050000  0.010714  0.275000  0.128571  0.132143  0.242857  0.210714  0.260714  0.189286  0.135714  0.035714  0.032143  0.082143  0.135714  0.289286  0.146429  0.317857  0.057143  0.039286  0.232143  0.339286  0.046429  0.239286  0.221429  
1.042857  1.414286  1.371429  0.514286  0.114286  0.214286  0.400000  0.257143  1.171429  1.314286  0.100000  0.200000  0.257143  0.771429  1.071429  0.757143  1.414286  0.042857  0.985714  1.300000  0.714286  0.371429  0.657143  1.114286  0.114286  0.914286  0.614286  0.742857  0.942857  0.414286  0.714286  0.200000  0.657143  0.571429  1.414286  
0.006818  0.064773  0.057955  0.037500  0.059091  0.000000  0.046591  0.093182  0.012500  0.011364  0.030682  0.100000  0.011364  0.005682  0.035227  0.089773  0.026136  0.106818  0.111364  0.032955  0.035227  0.068182  0.070455  0.110227  0.069318  0.064773  0.068182  0.026136  0.055682  0.035227  0.043182  0.022727  0.022727  0.100000  0.010227  
0.024324  0.164865  0.062162  0.156757  0.218919  0.175676  0.159459  0.186486  0.178378  0.029730  0.097297  0.137838  0.100000  0.124324  0.162162  0.005405  0.132432  0.221622  0.040541  0.210811  0.248649  0.151351  0.056757  0.175676  0.259459  0.043243  0.116216  0.118919  0.091892  0.186486  0.167568  0.224324  0.210811  0.027027  0.178378  
0.010976  0.009756  0.042683  0.070732  0.040244  0.114634  0.096341  0.052439  0.081707  0.076829  0.065854  0.013415  0.007317  0.100000  0.013415  0.013415  0.087805  0.003659  0.076829  0.103659  0.056098  0.010976  0.113415  0.014634  0.081707  0.045122  0.043902  0.000000  0.021951  0.080488  0.045122  0.042683  0.109756  0.067073  0.034146  
0.064000  0.180000  0.002000  0.064000  0.156000  0.094000  0.194000  0.050000  0.016000  0.186000  0.092000  0.010000  0.160000  0.050000  0.100000  0.146000  0.168000  0.044000  0.098000  0.014000  0.194000  0.078000  0.114000  0.136000  0.138000  0.136000  0.166000  0.192000  0.044000  0.192000  0.056000  0.196000  0.114000  0.090000  0.136000  
0.027632  0.025000  0.057895  0.131579  0.086842  0.125000  0.117105  0.069737  0.030263  0.078947  0.109211  0.053947  0.059211  0.072368  0.038158  0.100000  0.114474  0.080263  0.071053  0.022368  0.057895  0.050000  0.121053  0.010526  0.081579  0.003947  0.123684  0.031579  0.030263  0.023684  0.031579  0.072368  0.118421  0.110526  0.035526  
0.092708  0.019792  0.037500  0.004167  0.072917  0.072917  0.082292  0.027083  0.028125  0.096875  0.094792  0.061458  0.066667  0.025000  0.051042  0.086458  0.100000  0.008333  0.103125  0.000000  0.084375  0.020833  0.048958  0.026042  0.048958  0.082292  0.010417  0.100000  0.050000  0.013542  0.046875  0.025000  0.014583  0.051042  0.005208  
0.387500  0.725000  1.250000  0.925000  0.362500  0.875000  1.212500  1.162500  0.712500  1.050000  0.737500  0.975000  1.175000  0.800000  0.025000  1.062500  1.000000  0.100000  0.787500  0.537500  0.087500  0.625000  0.887500  1.100000  0.062500  0.625000  0.775000  0.662500  0.775000  0.850000  0.162500  0.800000  0.000000  0.650000  0.837500  
0.150000  0.516667  0.058333  0.458333  0.608333  0.191667  0.658333  0.591667  0.366667  0.533333  0.258333  0.558333  0.825000  0.208333  0.066667  0.166667  0.191667  0.433333  0.100000  0.725000  0.375000  0.091667  0.650000  0.458333  0.200000  0.741667  0.741667  0.358333  0.125000  0.041667  0.541667  0.691667  0.000000  0.016667  0.808333  
0.019355  0.075269  0.072043  0.101075  0.055914  0.072043  0.022581  0.063441  0.055914  0.001075  0.006452  0.044086  0.016129  0.086022  0.100000  0.016129  0.049462  0.053763  0.096774  0.100000  0.029032  0.062366  0.041935  0.027957  0.098925  0.064516  0.095699  0.060215  0.103226  0.004301  0.087097  0.005376  0.019355  0.061290  0.025806  
2.500000  3.033333  1.300000  1.366667  1.500000  2.500000  0.633333  3.166667  1.933333  1.200000  2.500000  0.833333  1.333333  1.133333  2.033333  1.733333  0.400000  1.100000  2.500000  0.933333  0.100000  3.300000  2.400000  2.600000  2.000000  3.000000  1.533333  2.266667  2.333333  0.300000  0.100000  2.366667  2.100000  2.400000  2.433333  
0.473333  0.400000  0.240000  0.466667  0.000000  0.473333  0.120000  0.420000  0.426667  0.593333  0.420000  0.040000  0.313333  0.000000  0.133333  0.133333  0.133333  0.420000  0.513333  0.053333  0.286667  0.100000  0.606667  0.286667  0.200000  0.520000  0.626667  0.306667  0.640000  0.326667  0.620000  0.620000  0.626667  0.180000  0.100000  
0.012500  0.218750  0.431250  0.375000  0.537500  0.287500  0.137500  0.443750  0.118750  0.075000  0.406250  0.618750  0.443750  0.556250  0.550000  0.462500  0.550000  0.275000  0.387500  0.187500  0.031250  0.062500  0.100000  0.050000  0.600000  0.306250  0.237500  0.012500  0.275000  0.056250  0.531250  0.212500  0.500000  0.325000  0.293750  
0.076000  0.088000  0.042000  0.048000  0.166000  0.186000  0.078000  0.040000  0.060000  0.146000  0.080000  0.110000  0.136000  0.000000  0.054000  0.024000  0.108000  0.164000  0.042000  0.122000  0.144000  0.006000  0.076000  0.100000  0.150000  0.048000  0.176000  0.150000  0.032000  0.164000  0.012000  0.108000  0.038000  0.016000  0.148000  
0.303125  0.168750  0.312500  0.056250  0.146875  0.231250  0.253125  0.212500  0.162500  0.275000  0.275000  0.062500  0.081250  0.243750  0.240625  0.131250  0.253125  0.225000  0.059375  0.025000  0.259375  0.121875  0.150000  0.012500  0.100000  0.025000  0.056250  0.025000  0.303125  0.146875  0.200000  0.115625  0.287500  0.106250  0.178125  
0.216216  0.132432  0.062162  0.202703  0.213514  0.078378  0.259459  0.010811  0.000000  0.100000  0.064865  0.048649  0.067568  0.135135  0.183784  0.054054  0.251351  0.254054  0.070270  0.167568  0.229730  0.151351  0.075676  0.086486  0.200000  0.100000  0.181081  0.232432  0.024324  0.167568  0.270270  0.018919  0.240541  0.064865  0.108108  
0.052000  0.050000  0.110000  0.140000  0.184000  0.172000  0.072000  0.148000  0.074000  0.132000  0.144000  0.148000  0.058000  0.012000  0.008000  0.060000  0.190000  0.006000  0.026000  0.020000  0.166000  0.134000  0.074000  0.048000  0.106000  0.120000  0.100000  0.094000  0.140000  0.118000  0.144000  0.072000  0.084000  0.114000  0.044000  
0.028571  0.041429  0.062857  0.028571  0.092857  0.077143  0.140000  0.118571  0.081429  0.095714  0.001429  0.027143  0.001429  0.137143  0.042857  0.058571  0.105714  0.108571  0.101429  0.072857  0.052857  0.007143  0.084286  0.095714  0.110000  0.077143  0.134286  0.100000  0.062857  0.038571  0.135714  0.014286  0.128571  0.020000  0.088571  
0.168750  0.312500  0.093750  0.106250  0.500000  0.443750  0.256250  0.356250  0.331250  0.150000  0.406250  0.200000  0.506250  0.150000  0.056250  0.587500  0.075000  0.000000  0.568750  0.412500  0.200000  0.575000  0.368750  0.031250  0.525000  0.543750  0.612500  0.600000  0.100000  0.418750  0.356250  0.450000  0.331250  0.487500  0.443750  
0.126415  0.009434  0.028302  0.088679  0.098113  0.160377  0.066038  0.066038  0.149057  0.009434  0.164151  0.081132  0.162264  0.069811  0.075472  0.056604  0.115094  0.107547  0.083019  0.122642  0.188679  0.160377  0.150943  0.069811  0.156604  0.073585  0.175472  0.135849  0.115094  0.100000  0.077358  0.045283  0.164151  0.028302  0.186792  
0.271875  0.003125  0.053125  0.296875  0.153125  0.243750  0.062500  0.184375  0.150000  0.193750  0.065625  0.028125  0.137500  0.065625  0.246875  0.228125  0.296875  0.015625  0.018750  0.171875  0.050000  0.281250  0.243750  0.231250  0.084375  0.246875  0.009375  0.078125  0.034375  0.262500  0.100000  0.165625  0.140625  0.303125  0.050000  
0.058140  0.066279  0.069767  0.063953  0.017442  0.056977  0.023256  0.074419  0.075581  0.095349  0.113953  0.097674  0.088372  0.003488  0.058140  0.095349  0.112791  0.009302  0.029070  0.103488  0.004651  0.004651  0.037209  0.041860  0.091860  0.048837  0.068605  0.113953  0.063953  0.080233  0.095349  0.100000  0.053488  0.033721  0.096512  
0.202564  0.217949  0.115385  0.015385  0.128205  0.197436  0.210256  0.000000  0.151282  0.220513  0.230769  0.192308  0.223077  0.048718  0.097436  0.230769  0.043590  0.007692  0.164103  0.117949  0.051282  0.102564  0.082051  0.256410  0.030769  0.000000  0.048718  0.053846  0.166667  0.046154  0.058974  0.097436  0.100000  0.051282  0.156410  
0.100000  0.138235  0.020588  0.185294  0.235294  0.205882  0.217647  0.023529  0.288235  0.170588  0.055882  0.176471  0.058824  0.091176  0.120588  0.035294  0.088235  0.241176  0.108824  0.141176  0.055882  0.023529  0.073529  0.041176  0.291176  0.279412  0.235294  0.164706  0.023529  0.279412  0.294118  0.273529  0.055882  0.100000  0.264706  
0.072414  0.313793  0.013793  0.220690  0.148276  0.251724  0.100000  0.155172  0.165517  0.117241  0.203448  0.206897  0.041379  0.206897  0.034483  0.306897  0.027586  0.251724  0.058621  0.227586  0.313793  0.210345  0.206897  0.062069  0.168966  0.279310  0.189655  0.286207  0.179310  0.000000  0.248276  0.296552  0.168966  0.213793  0.100000  
0.001288  0.000442  0.000324  0.000357  0.000360  0.000433  0.000377  0.000340  0.000442  0.000596  0.001192  0.000336  0.000519  0.000348  0.000446  0.000362  0.000322  0.001115  0.000911  0.000327  0.001821  0.000815  0.000789  0.000446  0.000558  0.000519  0.000446  0.000377  0.000789  0.000433  0.000558  0.000340  0.000505  0.000541  0.000586  