0.000000  4.000000  9.300000  3.500000  6.500000  8.200000  8.300000  6.800000  2.900000  0.500000  9.700000  1.900000  5.100000  3.700000  4.800000  4.700000  4.400000  9.100000  3.700000  2.700000  3.300000  0.600000  3.700000  4.800000  3.200000  1.800000  7.200000  9.500000  0.100000  7.600000  0.000000  5.200000  9.100000  5.100000  9.000000  
0.121429  0.100000  0.105714  0.042857  0.120000  0.044286  0.067143  0.071429  0.032857  0.040000  0.031429  0.035714  0.010000  0.117143  0.091429  0.035714  0.000000  0.095714  0.034286  0.127143  0.008571  0.071429  0.054286  0.140000  0.087143  0.124286  0.007143  0.075714  0.088571  0.074286  0.078571  0.007143  0.058571  0.062857  0.118571  
0.149123  0.038596  0.100000  0.110526  0.064912  0.173684  0.168421  0.031579  0.136842  0.078947  0.050877  0.142105  0.149123  0.084211  0.147368  0.110526  0.038596  0.026316  0.036842  0.078947  0.029825  0.052632  0.143860  0.101754  0.117544  0.107018  0.036842  0.082456  0.029825  0.119298  0.100000  0.024561  0.049123  0.168421  0.147368  
0.228571  1.285714  0.857143  0.100000  0.657143  0.471429  0.157143  0.985714  0.728571  1.285714  1.414286  0.300000  0.742857  0.000000  0.157143  0.528571  1.042857  1.157143  1.028571  0.385714  0.814286  1.300000  0.985714  0.614286  0.057143  1.100000  1.071429  1.228571  1.428571  1.285714  0.214286  1.342857  0.571429  1.171429  0.857143  
0.122388  0.141791  0.141791  0.120896  0.100000  0.002985  0.014925  0.120896  0.125373  0.085075  0.134328  0.131343  0.026866  0.129851  0.076119  0.013433  0.049254  0.064179  0.135821  0.043284  0.138806  0.134328  0.114925  0.082090  0.085075  0.067164  0.129851  0.077612  0.022388  0.120896  0.091045  0.126866  0.085075  0.100000  0.029851  
0.022449  0.120408  0.000000  0.024490  0.061224  0.100000  0.108163  0.128571  0.034694  0.204082  0.073469  0.189796  0.118367  0.051020  0.053061  0.179592  0.118367  0.018367  0.083673  0.195918  0.100000  0.069388  0.073469  0.063265  0.169388  0.087755  0.142857  0.189796  0.183673  0.132653  0.183673  0.044898  0.075510  0.108163  0.018367  
0.049315  0.083562  0.126027  0.102740  0.004110  0.043836  0.100000  0.117808  0.042466  0.121918  0.105479  0.030137  0.058904  0.101370  0.049315  0.058904  0.100000  0.010959  0.043836  0.009589  0.083562  0.098630  0.049315  0.105479  0.120548  0.067123  0.126027  0.123288  0.031507  0.083562  0.058904  0.016438  0.105479  0.095890  0.056164  
0.055814  0.054651  0.003488  0.024419  0.053488  0.109302  0.098837  0.100000  0.012791  0.043023  0.013953  0.087209  0.065116  0.002326  0.023256  0.020930  0.032558  0.041860  0.018605  0.070930  0.006977  0.115116  0.015116  0.079070  0.088372  0.051163  0.006977  0.090698  0.025581  0.012791  0.046512  0.112791  0.005814  0.041860  0.083721  
0.018367  0.012245  0.025510  0.018367  0.012245  0.023469  0.074490  0.063265  0.100000  0.026531  0.091837  0.054082  0.026531  0.010204  0.098980  0.067347  0.094898  0.038776  0.055102  0.039796  0.011224  0.071429  0.006122  0.011224  0.017347  0.064286  0.074490  0.036735  0.096939  0.035714  0.063265  0.024490  0.094898  0.069388  0.041837  
0.032394  0.081690  0.035211  0.126761  0.107042  0.084507  0.064789  0.090141  0.128169  0.100000  0.088732  0.080282  0.125352  0.053521  0.014085  0.021127  0.015493  0.016901  0.004225  0.081690  0.121127  0.052113  0.005634  0.081690  0.100000  0.007042  0.056338  0.018310  0.050704  0.100000  0.023944  0.004225  0.090141  0.092958  0.073239  
0.096875  0.131250  0.159375  0.093750  0.156250  0.009375  0.050000  0.028125  0.118750  0.184375  0.100000  0.187500  0.212500  0.203125  0.150000  0.053125  0.028125  0.221875  0.037500  0.200000  0.037500  0.178125  0.221875  0.225000  0.162500  0.134375  0.125000  0.087500  0.115625  0.309375  0.162500  0.206250  0.093750  0.134375  0.309375  
0.087500  0.083333  0.104167  0.070833  0.116667  0.135417  0.031250  0.197917  0.181250  0.083333  0.200000  0.100000  0.062500  0.039583  0.129167  0.020833  0.114583  0.125000  0.016667  0.066667  0.004167  0.118750  0.083333  0.093750  0.054167  0.058333  0.058333  0.006250  0.147917  0.008333  0.168750  0.127083  0.050000  0.114583  0.114583  
0.030556  0.045833  0.111111  0.033333  0.104167  0.037500  0.069444  0.105556  0.115278  0.131944  0.023611  0.056944  0.100000  0.045833  0.027778  0.112500  0.048611  0.131944  0.097222  0.087500  0.083333  0.043056  0.055556  0.129167  0.045833  0.013889  0.120833  0.108333  0.013889  0.076389  0.068056  0.106944  0.058333  0.059722  0.106944  
0.127778  0.075000  0.031944  0.127778  0.040278  0.106944  0.097222  0.005556  0.055556  0.066667  0.065278  0.026389  0.066667  0.100000  0.093056  0.038889  0.012500  0.006944  0.076389  0.015278  0.097222  0.022222  0.031944  0.129167  0.062500  0.061111  0.130556  0.127778  0.031944  0.068056  0.093056  0.119444  0.102778  0.086111  0.061111  
0.015385  0.053846  0.148718  0.130769  0.002564  0.058974  0.117949  0.025641  0.212821  0.120513  0.102564  0.248718  0.069231  0.005128  0.100000  0.212821  0.017949  0.135897  0.256410  0.223077  0.048718  0.041026  0.076923  0.053846  0.074359  0.223077  0.120513  0.007692  0.248718  0.107692  0.228205  0.176923  0.058974  0.120513  0.023077  
0.358824  0.223529  0.252941  0.394118  0.164706  0.511765  0.364706  0.247059  0.070588  0.011765  0.000000  0.235294  0.411765  0.111765  0.129412  0.100000  0.076471  0.364706  0.264706  0.405882  0.364706  0.447059  0.464706  0.500000  0.200000  0.276471  0.388235  0.417647  0.141176  0.258824  0.464706  0.052941  0.411765  0.011765  0.576471  
0.193023  0.195349  0.167442  0.141860  0.158140  0.100000  0.206977  0.120930  0.151163  0.123256  0.218605  0.018605  0.037209  0.067442  0.155814  0.209302  0.100000  0.220930  0.144186  0.041860  0.130233  0.174419  0.000000  0.144186  0.069767  0.034884  0.204651  0.090698  0.072093  0.204651  0.213953  0.127907  0.232558  0.072093  0.195349  
0.035897  0.058974  0.078205  0.114103  0.084615  0.007692  0.096154  0.082051  0.065385  0.070513  0.089744  0.078205  0.084615  0.125641  0.065385  0.126923  0.060256  0.100000  0.012821  0.044872  0.075641  0.032051  0.083333  0.093590  0.042308  0.088462  0.092308  0.105128  0.091026  0.046154  0.123077  0.038462  0.008974  0.092308  0.116667  
0.452941  0.229412  0.176471  0.205882  0.523529  0.441176  0.358824  0.423529  0.523529  0.547059  0.423529  0.558824  0.405882  0.311765  0.070588  0.423529  0.088235  0.588235  0.100000  0.423529  0.082353  0.082353  0.388235  0.300000  0.358824  0.282353  0.400000  0.082353  0.541176  0.347059  0.464706  0.305882  0.188235  0.135294  0.341176  
0.166667  0.320000  0.116667  0.130000  0.313333  0.010000  0.003333  0.176667  0.090000  0.110000  0.253333  0.290000  0.050000  0.296667  0.303333  0.306667  0.010000  0.116667  0.266667  0.100000  0.223333  0.006667  0.200000  0.290000  0.096667  0.026667  0.160000  0.220000  0.136667  0.186667  0.306667  0.140000  0.263333  0.233333  0.296667  
0.200000  0.090000  0.245000  0.450000  0.320000  0.035000  0.060000  0.420000  0.405000  0.185000  0.260000  0.125000  0.345000  0.130000  0.005000  0.230000  0.175000  0.480000  0.400000  0.125000  0.100000  0.145000  0.340000  0.440000  0.035000  0.400000  0.400000  0.115000  0.030000  0.255000  0.390000  0.020000  0.370000  0.045000  0.050000  
0.128261  0.152174  0.178261  0.100000  0.113043  0.067391  0.180435  0.006522  0.163043  0.126087  0.139130  0.134783  0.110870  0.047826  0.152174  0.152174  0.189130  0.178261  0.045652  0.136957  0.102174  0.100000  0.182609  0.180435  0.182609  0.163043  0.158696  0.139130  0.141304  0.060870  0.017391  0.045652  0.019565  0.095652  0.100000  
0.016667  0.097222  0.090278  0.056944  0.115278  0.066667  0.029167  0.081944  0.111111  0.031944  0.081944  0.068056  0.005556  0.030556  0.081944  0.034722  0.072222  0.138889  0.020833  0.100000  0.000000  0.027778  0.100000  0.040278  0.041667  0.000000  0.115278  0.123611  0.008333  0.033333  0.133333  0.002778  0.129167  0.023611  0.127778  
0.885714  0.357143  0.428571  1.228571  0.000000  0.285714  1.042857  0.928571  0.271429  0.228571  0.157143  0.214286  0.700000  0.514286  0.014286  1.400000  0.085714  0.400000  1.014286  1.042857  0.485714  1.171429  0.100000  0.100000  1.271429  1.242857  0.971429  1.314286  0.085714  0.800000  0.942857  0.285714  1.228571  0.842857  0.771429  
0.038095  0.102381  0.040476  0.069048  0.102381  0.166667  0.030952  0.178571  0.066667  0.197619  0.202381  0.159524  0.135714  0.102381  0.157143  0.159524  0.035714  0.088095  0.211905  0.085714  0.061905  0.080952  0.004762  0.047619  0.100000  0.140476  0.114286  0.230952  0.104762  0.045238  0.090476  0.161905  0.159524  0.183333  0.138095  
0.086842  0.001316  0.073684  0.090789  0.065789  0.003947  0.011842  0.130263  0.123684  0.064474  0.023684  0.085526  0.061842  0.034211  0.093421  0.031579  0.003947  0.131579  0.026316  0.019737  0.101316  0.022368  0.036842  0.092105  0.080263  0.100000  0.084211  0.057895  0.014474  0.125000  0.065789  0.034211  0.113158  0.046053  0.042105  
0.034884  0.025581  0.100000  0.079070  0.032558  0.034884  0.023256  0.065116  0.125581  0.146512  0.160465  0.213953  0.111628  0.016279  0.153488  0.179070  0.146512  0.172093  0.172093  0.090698  0.102326  0.095349  0.100000  0.074419  0.197674  0.067442  0.100000  0.200000  0.148837  0.034884  0.188372  0.106977  0.225581  0.144186  0.081395  
0.007317  0.070732  0.085366  0.029268  0.071951  0.062195  0.060976  0.098780  0.113415  0.070732  0.028049  0.042683  0.013415  0.095122  0.117073  0.095122  0.017073  0.024390  0.118293  0.015854  0.119512  0.031707  0.023171  0.036585  0.041463  0.064634  0.091463  0.100000  0.065854  0.054878  0.078049  0.117073  0.041463  0.087805  0.106098  
0.281818  0.654545  0.372727  0.563636  0.090909  0.354545  0.781818  0.900000  0.200000  0.481818  0.136364  0.663636  0.836364  0.800000  0.045455  0.163636  0.745455  0.727273  0.218182  0.836364  0.536364  0.000000  0.100000  0.627273  0.145455  0.136364  0.227273  0.581818  0.100000  0.481818  0.900000  0.572727  0.290909  0.390909  0.554545  
0.010000  0.025000  0.002500  0.242500  0.007500  0.062500  0.142500  0.207500  0.047500  0.110000  0.187500  0.170000  0.242500  0.220000  0.177500  0.012500  0.227500  0.070000  0.117500  0.232500  0.087500  0.020000  0.042500  0.102500  0.057500  0.092500  0.025000  0.035000  0.067500  0.100000  0.045000  0.050000  0.082500  0.072500  0.232500  
1.042857  1.085714  0.657143  0.642857  1.285714  0.085714  0.328571  0.485714  0.342857  0.571429  0.785714  0.885714  0.685714  1.057143  0.800000  0.700000  0.771429  0.771429  0.257143  0.385714  1.071429  0.700000  0.657143  1.042857  0.842857  0.314286  0.414286  1.085714  0.728571  1.342857  0.100000  0.614286  0.757143  1.357143  0.800000  
0.380000  0.480000  0.360000  0.480000  0.626667  0.126667  0.520000  0.286667  0.073333  0.206667  0.546667  0.566667  0.566667  0.413333  0.460000  0.640000  0.313333  0.353333  0.133333  0.033333  0.373333  0.646667  0.080000  0.380000  0.586667  0.000000  0.000000  0.600000  0.566667  0.360000  0.606667  0.100000  0.200000  0.646667  0.066667  
0.011250  0.047500  0.087500  0.073750  0.067500  0.030000  0.012500  0.092500  0.115000  0.053750  0.067500  0.048750  0.006250  0.121250  0.028750  0.062500  0.093750  0.116250  0.093750  0.038750  0.123750  0.027500  0.036250  0.053750  0.005000  0.071250  0.006250  0.018750  0.057500  0.121250  0.045000  0.077500  0.100000  0.015000  0.082500  
0.118182  0.000000  0.064935  0.129870  0.088312  0.005195  0.127273  0.031169  0.120779  0.022078  0.050649  0.035065  0.050649  0.007792  0.051948  0.072727  0.107792  0.128571  0.123377  0.107792  0.118182  0.070130  0.090909  0.020779  0.068831  0.097403  0.051948  0.059740  0.067532  0.089610  0.059740  0.012987  0.036364  0.100000  0.119481  
0.121053  0.114035  0.003509  0.133333  0.089474  0.171930  0.017544  0.128070  0.164912  0.008772  0.173684  0.087719  0.028070  0.038596  0.033333  0.175439  0.019298  0.124561  0.161404  0.061404  0.066667  0.161404  0.161404  0.033333  0.085965  0.110526  0.024561  0.056140  0.091228  0.035088  0.061404  0.107018  0.022807  0.117544  0.100000  
0.003155  0.000377  0.000418  0.001192  0.000385  0.000451  0.000369  0.000340  0.000319  0.000374  0.000558  0.000455  0.000372  0.000372  0.000505  0.000765  0.000481  0.000357  0.000765  0.000576  0.000705  0.000465  0.000372  0.001192  0.000487  0.000362  0.000481  0.000348  0.000951  0.000499  0.001192  0.000815  0.000353  0.000360  0.000418  