0.100000  3.600000  2.500000  1.300000  2.500000  4.400000  1.550000  0.300000  2.150000  5.000000  1.950000  5.000000  4.650000  3.850000  0.200000  2.550000  2.350000  1.550000  3.350000  1.200000  2.300000  4.700000  3.950000  0.900000  2.650000  1.100000  2.000000  1.000000  2.950000  2.950000  4.850000  3.050000  1.200000  0.150000  0.950000  
0.187500  0.100000  0.206250  0.195833  0.035417  0.156250  0.177083  0.027083  0.127083  0.035417  0.195833  0.018750  0.085417  0.122917  0.158333  0.064583  0.108333  0.137500  0.089583  0.004167  0.206250  0.158333  0.112500  0.160417  0.018750  0.077083  0.114583  0.172917  0.193750  0.162500  0.206250  0.170833  0.206250  0.139583  0.183333  
0.074419  0.103488  0.100000  0.034884  0.059302  0.032558  0.082558  0.116279  0.038372  0.030233  0.000000  0.002326  0.026744  0.005814  0.011628  0.068605  0.061628  0.046512  0.074419  0.101163  0.011628  0.056977  0.094186  0.053488  0.043023  0.015116  0.005814  0.061628  0.105814  0.082558  0.090698  0.082558  0.008140  0.081395  0.019767  
0.043396  0.020755  0.000000  0.100000  0.096226  0.037736  0.001887  0.090566  0.015094  0.133962  0.145283  0.009434  0.030189  0.060377  0.188679  0.128302  0.037736  0.079245  0.039623  0.049057  0.001887  0.013208  0.077358  0.011321  0.064151  0.073585  0.107547  0.113208  0.164151  0.054717  0.122642  0.137736  0.009434  0.173585  0.154717  
0.040909  0.035227  0.097727  0.064773  0.100000  0.026136  0.090909  0.056818  0.050000  0.031818  0.012500  0.093182  0.063636  0.057955  0.080682  0.092045  0.045455  0.065909  0.097727  0.094318  0.040909  0.109091  0.043182  0.070455  0.082955  0.087500  0.040909  0.005682  0.054545  0.002273  0.081818  0.076136  0.098864  0.015909  0.060227  
0.058000  0.114000  0.128000  0.176000  0.028000  0.100000  0.140000  0.110000  0.076000  0.158000  0.072000  0.132000  0.170000  0.142000  0.110000  0.158000  0.100000  0.102000  0.196000  0.048000  0.008000  0.162000  0.068000  0.168000  0.146000  0.018000  0.158000  0.090000  0.102000  0.038000  0.176000  0.172000  0.118000  0.000000  0.050000  
0.076000  0.018667  0.080000  0.000000  0.057333  0.052000  0.100000  0.045333  0.014667  0.092000  0.129333  0.106667  0.021333  0.026667  0.020000  0.073333  0.100000  0.126667  0.130667  0.128000  0.074667  0.128000  0.041333  0.034667  0.086667  0.066667  0.029333  0.036000  0.064000  0.050667  0.080000  0.024000  0.126667  0.069333  0.041333  
0.090244  0.075610  0.239024  0.178049  0.153659  0.070732  0.226829  0.100000  0.239024  0.131707  0.070732  0.119512  0.048780  0.170732  0.234146  0.109756  0.100000  0.100000  0.080488  0.007317  0.104878  0.117073  0.207317  0.060976  0.241463  0.129268  0.214634  0.029268  0.109756  0.092683  0.085366  0.234146  0.243902  0.134146  0.046341  
0.064286  0.029762  0.042857  0.036905  0.076190  0.075000  0.119048  0.026190  0.100000  0.110714  0.073810  0.028571  0.083333  0.104762  0.103571  0.107143  0.066667  0.011905  0.011905  0.064286  0.055952  0.063095  0.066667  0.119048  0.101190  0.069048  0.063095  0.086905  0.057143  0.059524  0.029762  0.080952  0.080952  0.108333  0.077381  
0.435294  0.123529  0.458824  0.576471  0.247059  0.164706  0.082353  0.488235  0.300000  0.100000  0.452941  0.447059  0.023529  0.411765  0.376471  0.323529  0.123529  0.394118  0.176471  0.052941  0.070588  0.111765  0.264706  0.288235  0.176471  0.258824  0.458824  0.547059  0.211765  0.541176  0.411765  0.429412  0.158824  0.394118  0.288235  
0.015000  0.060000  0.415000  0.015000  0.035000  0.135000  0.180000  0.050000  0.480000  0.225000  0.100000  0.275000  0.015000  0.060000  0.105000  0.445000  0.325000  0.260000  0.230000  0.335000  0.345000  0.380000  0.475000  0.140000  0.105000  0.115000  0.120000  0.060000  0.310000  0.325000  0.335000  0.220000  0.290000  0.410000  0.210000  
0.041667  0.269444  0.258333  0.269444  0.272222  0.036111  0.255556  0.158333  0.050000  0.230556  0.202778  0.100000  0.058333  0.055556  0.275000  0.230556  0.191667  0.163889  0.208333  0.113889  0.066667  0.027778  0.005556  0.094444  0.241667  0.091667  0.036111  0.030556  0.050000  0.136111  0.261111  0.219444  0.197222  0.080556  0.122222  
0.023256  0.112791  0.006977  0.003488  0.083721  0.083721  0.090698  0.090698  0.044186  0.095349  0.024419  0.050000  0.100000  0.054651  0.006977  0.077907  0.025581  0.043023  0.097674  0.063953  0.083721  0.055814  0.009302  0.013953  0.008140  0.115116  0.012791  0.008140  0.018605  0.104651  0.002326  0.104651  0.066279  0.009302  0.012791  
0.061290  0.048387  0.062366  0.056989  0.006452  0.045161  0.044086  0.052688  0.027957  0.075269  0.036559  0.020430  0.065591  0.100000  0.039785  0.033333  0.004301  0.105376  0.104301  0.054839  0.029032  0.026882  0.063441  0.043011  0.053763  0.081720  0.062366  0.069892  0.045161  0.102151  0.084946  0.107527  0.003226  0.091398  0.056989  
0.028261  0.013043  0.045652  0.075000  0.065217  0.043478  0.092391  0.051087  0.009783  0.072826  0.106522  0.044565  0.085870  0.043478  0.100000  0.064130  0.095652  0.060870  0.052174  0.026087  0.068478  0.103261  0.018478  0.076087  0.045652  0.076087  0.107609  0.081522  0.096739  0.033696  0.080435  0.027174  0.102174  0.082609  0.039130  
0.102174  0.213043  0.013043  0.006522  0.171739  0.013043  0.200000  0.115217  0.017391  0.095652  0.082609  0.017391  0.141304  0.026087  0.023913  0.100000  0.195652  0.210870  0.160870  0.008696  0.191304  0.121739  0.002174  0.113043  0.213043  0.119565  0.073913  0.091304  0.178261  0.143478  0.080435  0.110870  0.060870  0.165217  0.043478  
0.034524  0.011905  0.038095  0.023810  0.107143  0.071429  0.017857  0.057143  0.038095  0.019048  0.084524  0.035714  0.101190  0.071429  0.070238  0.054762  0.100000  0.027381  0.064286  0.094048  0.020238  0.033333  0.060714  0.050000  0.007143  0.088095  0.107143  0.028571  0.090476  0.086905  0.060714  0.117857  0.033333  0.028571  0.051190  
9.800000  8.500000  6.200000  7.700000  8.700000  6.800000  6.900000  7.900000  1.600000  1.400000  2.800000  9.800000  3.600000  9.900000  0.800000  1.100000  5.700000  0.000000  1.700000  5.200000  0.400000  4.800000  1.400000  5.000000  8.100000  2.100000  9.300000  4.700000  7.300000  0.600000  5.100000  4.500000  4.500000  0.900000  8.400000  
1.775000  1.600000  1.950000  1.525000  0.150000  2.275000  1.075000  1.250000  1.075000  0.050000  0.575000  0.200000  0.375000  0.450000  2.250000  0.375000  1.075000  0.225000  0.100000  1.650000  0.600000  0.325000  2.375000  1.550000  0.200000  1.350000  1.025000  1.375000  1.200000  2.150000  2.175000  1.225000  1.075000  1.325000  2.250000  
0.009375  0.146875  0.045313  0.151562  0.081250  0.067188  0.143750  0.150000  0.014062  0.120312  0.006250  0.032812  0.084375  0.076563  0.062500  0.015625  0.065625  0.057813  0.056250  0.100000  0.121875  0.084375  0.100000  0.076563  0.023438  0.040625  0.048437  0.045313  0.007812  0.071875  0.084375  0.009375  0.148438  0.026563  0.007812  
0.038824  0.028235  0.092941  0.103529  0.074118  0.117647  0.015294  0.058824  0.022353  0.105882  0.012941  0.021176  0.095294  0.015294  0.060000  0.029412  0.091765  0.098824  0.008235  0.038824  0.100000  0.101176  0.112941  0.110588  0.076471  0.055294  0.061176  0.090588  0.101176  0.107059  0.003529  0.010588  0.000000  0.005882  0.010588  
0.079710  0.044928  0.056522  0.005797  0.055072  0.105797  0.126087  0.062319  0.117391  0.013043  0.013043  0.042029  0.088406  0.028986  0.030435  0.043478  0.030435  0.123188  0.018841  0.050725  0.104348  0.100000  0.075362  0.042029  0.111594  0.043478  0.014493  0.102899  0.073913  0.066667  0.060870  0.010145  0.002899  0.001449  0.047826  
0.155738  0.068852  0.032787  0.121311  0.044262  0.044262  0.075410  0.045902  0.095082  0.042623  0.011475  0.000000  0.022951  0.016393  0.109836  0.014754  0.114754  0.004918  0.129508  0.052459  0.037705  0.060656  0.100000  0.062295  0.059016  0.019672  0.116393  0.090164  0.132787  0.052459  0.140984  0.045902  0.068852  0.040984  0.139344  
0.027941  0.079412  0.004412  0.066176  0.027941  0.101471  0.135294  0.138235  0.069118  0.117647  0.058824  0.014706  0.082353  0.072059  0.073529  0.092647  0.102941  0.038235  0.029412  0.138235  0.013235  0.100000  0.011765  0.100000  0.101471  0.019118  0.029412  0.080882  0.083824  0.069118  0.100000  0.011765  0.135294  0.014706  0.079412  
0.066250  0.047500  0.070000  0.081250  0.018750  0.095000  0.053750  0.123750  0.086250  0.072500  0.123750  0.038750  0.038750  0.096250  0.105000  0.080000  0.088750  0.060000  0.118750  0.055000  0.118750  0.111250  0.100000  0.040000  0.100000  0.027500  0.023750  0.057500  0.047500  0.048750  0.021250  0.030000  0.096250  0.115000  0.102500  
0.150000  0.200000  0.120455  0.011364  0.129545  0.188636  0.143182  0.197727  0.018182  0.109091  0.188636  0.036364  0.045455  0.206818  0.093182  0.127273  0.047727  0.127273  0.054545  0.225000  0.197727  0.177273  0.040909  0.209091  0.106818  0.100000  0.222727  0.213636  0.081818  0.013636  0.118182  0.188636  0.125000  0.002273  0.077273  
0.046939  0.060204  0.029592  0.100000  0.033673  0.100000  0.046939  0.013265  0.028571  0.057143  0.077551  0.035714  0.069388  0.050000  0.047959  0.060204  0.045918  0.071429  0.081633  0.043878  0.033673  0.078571  0.068367  0.100000  0.044898  0.014286  0.100000  0.089796  0.096939  0.060204  0.022449  0.045918  0.094898  0.055102  0.050000  
0.340000  0.370000  0.340000  0.200000  0.100000  0.445000  0.160000  0.455000  0.410000  0.400000  0.155000  0.010000  0.005000  0.380000  0.390000  0.235000  0.350000  0.330000  0.010000  0.375000  0.240000  0.375000  0.380000  0.385000  0.210000  0.100000  0.425000  0.100000  0.165000  0.220000  0.150000  0.205000  0.370000  0.150000  0.060000  
0.120000  0.056667  0.306667  0.243333  0.086667  0.206667  0.066667  0.296667  0.246667  0.220000  0.093333  0.253333  0.293333  0.140000  0.233333  0.186667  0.023333  0.170000  0.310000  0.046667  0.143333  0.146667  0.000000  0.163333  0.273333  0.023333  0.176667  0.046667  0.100000  0.276667  0.163333  0.063333  0.060000  0.170000  0.076667  
0.033684  0.087368  0.096842  0.043158  0.074737  0.022105  0.094737  0.028421  0.001053  0.096842  0.054737  0.072632  0.097895  0.094737  0.055789  0.001053  0.025263  0.033684  0.064211  0.007368  0.009474  0.046316  0.051579  0.077895  0.104211  0.043158  0.008421  0.036842  0.043158  0.100000  0.103158  0.103158  0.002105  0.089474  0.057895  
0.085000  0.054000  0.096000  0.062000  0.051000  0.081000  0.061000  0.089000  0.004000  0.072000  0.047000  0.095000  0.048000  0.025000  0.082000  0.097000  0.064000  0.069000  0.005000  0.061000  0.075000  0.091000  0.009000  0.076000  0.020000  0.023000  0.075000  0.057000  0.003000  0.070000  0.100000  0.000000  0.011000  0.091000  0.096000  
0.030208  0.042708  0.048958  0.094792  0.017708  0.017708  0.041667  0.082292  0.100000  0.030208  0.002083  0.046875  0.025000  0.104167  0.006250  0.097917  0.013542  0.033333  0.047917  0.020833  0.010417  0.044792  0.043750  0.056250  0.070833  0.038542  0.007292  0.014583  0.101042  0.091667  0.088542  0.100000  0.090625  0.000000  0.019792  
0.105882  0.079412  0.176471  0.164706  0.258824  0.114706  0.164706  0.005882  0.194118  0.023529  0.132353  0.097059  0.288235  0.111765  0.126471  0.070588  0.120588  0.250000  0.144118  0.061765  0.050000  0.291176  0.132353  0.117647  0.020588  0.267647  0.144118  0.226471  0.008824  0.217647  0.123529  0.264706  0.100000  0.005882  0.100000  
0.036735  0.124490  0.034694  0.126531  0.144898  0.004082  0.116327  0.193878  0.024490  0.179592  0.130612  0.142857  0.144898  0.179592  0.089796  0.104082  0.148980  0.179592  0.012245  0.191837  0.077551  0.140816  0.016327  0.140816  0.118367  0.153061  0.008163  0.067347  0.085714  0.112245  0.020408  0.112245  0.197959  0.100000  0.132653  
0.082105  0.022105  0.093684  0.022105  0.015789  0.031579  0.073684  0.045263  0.087368  0.022105  0.105263  0.071579  0.064211  0.092632  0.032632  0.025263  0.011579  0.078947  0.042105  0.042105  0.010526  0.011579  0.020000  0.090526  0.095789  0.073684  0.024211  0.005263  0.075789  0.057895  0.104211  0.028421  0.086316  0.056842  0.100000  
0.002231  0.000455  0.000340  0.000433  0.000336  0.000446  0.000364  0.000493  0.000344  0.000765  0.000705  0.000526  0.000340  0.000327  0.000329  0.000465  0.000344  0.003155  0.001577  0.000394  0.000342  0.000380  0.000404  0.000383  0.000353  0.000476  0.000319  0.000705  0.000576  0.000324  0.000315  0.000322  0.000541  0.000451  0.000324  