0.100000  0.165789  0.226316  0.113158  0.013158  0.047368  0.073684  0.092105  0.097368  0.163158  0.028947  0.242105  0.250000  0.139474  0.150000  0.028947  0.152632  0.252632  0.050000  0.236842  0.228947  0.221053  0.034211  0.065789  0.260526  0.163158  0.078947  0.260526  0.063158  0.186842  0.160526  0.034211  0.263158  0.144737  0.194737  
0.162745  0.100000  0.041176  0.056863  0.019608  0.017647  0.194118  0.113725  0.019608  0.131373  0.131373  0.176471  0.170588  0.094118  0.125490  0.013725  0.164706  0.139216  0.086275  0.096078  0.070588  0.176471  0.068627  0.096078  0.025490  0.043137  0.049020  0.127451  0.074510  0.180392  0.156863  0.129412  0.113725  0.152941  0.131373  
0.064286  0.071429  0.100000  0.088571  0.005714  0.028571  0.138571  0.075714  0.117143  0.051429  0.127143  0.037143  0.125714  0.122857  0.017143  0.088571  0.140000  0.091429  0.084286  0.120000  0.120000  0.002857  0.040000  0.071429  0.140000  0.067143  0.040000  0.072857  0.101429  0.057143  0.012857  0.137143  0.041429  0.112857  0.061429  
0.042268  0.001031  0.031959  0.100000  0.061856  0.065979  0.069072  0.050515  0.042268  0.077320  0.092784  0.093814  0.101031  0.032990  0.043299  0.010309  0.090722  0.075258  0.059794  0.097938  0.102062  0.086598  0.062887  0.074227  0.091753  0.016495  0.028866  0.082474  0.016495  0.095876  0.045361  0.101031  0.016495  0.028866  0.086598  
0.002632  0.068421  0.150000  0.028947  0.100000  0.078947  0.176316  0.242105  0.081579  0.236842  0.168421  0.071053  0.244737  0.263158  0.202632  0.147368  0.234211  0.242105  0.107895  0.178947  0.089474  0.234211  0.255263  0.231579  0.084211  0.257895  0.197368  0.105263  0.144737  0.252632  0.123684  0.021053  0.052632  0.100000  0.042105  
0.072043  0.021505  0.062366  0.019355  0.075269  0.100000  0.020430  0.092473  0.096774  0.107527  0.103226  0.061290  0.003226  0.031183  0.089247  0.011828  0.090323  0.035484  0.083871  0.031183  0.027957  0.101075  0.045161  0.081720  0.056989  0.076344  0.008602  0.002151  0.077419  0.034409  0.005376  0.076344  0.038710  0.094624  0.039785  
0.064151  0.166038  0.133962  0.120755  0.171698  0.064151  0.100000  0.088679  0.160377  0.179245  0.139623  0.083019  0.028302  0.118868  0.166038  0.116981  0.096226  0.032075  0.041509  0.184906  0.167925  0.098113  0.162264  0.156604  0.000000  0.164151  0.162264  0.071698  0.015094  0.122642  0.109434  0.062264  0.154717  0.150943  0.060377  
0.121127  0.071831  0.101408  0.119718  0.035211  0.097183  0.046479  0.100000  0.129577  0.126761  0.133803  0.092958  0.012676  0.022535  0.115493  0.087324  0.022535  0.098592  0.095775  0.115493  0.071831  0.121127  0.126761  0.092958  0.019718  0.016901  0.043662  0.087324  0.135211  0.052113  0.095775  0.128169  0.136620  0.076056  0.001408  
0.062000  0.017000  0.024000  0.052000  0.092000  0.099000  0.025000  0.047000  0.100000  0.037000  0.053000  0.030000  0.037000  0.018000  0.069000  0.027000  0.062000  0.099000  0.081000  0.074000  0.014000  0.080000  0.074000  0.043000  0.012000  0.031000  0.031000  0.096000  0.020000  0.022000  0.100000  0.057000  0.039000  0.078000  0.033000  
0.151351  0.189189  0.067568  0.037838  0.135135  0.270270  0.094595  0.267568  0.002703  0.100000  0.202703  0.056757  0.035135  0.056757  0.078378  0.259459  0.205405  0.135135  0.189189  0.202703  0.037838  0.048649  0.178378  0.181081  0.118919  0.040541  0.113514  0.248649  0.113514  0.148649  0.054054  0.064865  0.210811  0.018919  0.237838  
0.076471  0.107843  0.111765  0.192157  0.178431  0.068627  0.092157  0.168627  0.088235  0.109804  0.100000  0.033333  0.019608  0.023529  0.188235  0.133333  0.166667  0.066667  0.060784  0.101961  0.086275  0.080392  0.037255  0.113725  0.092157  0.068627  0.056863  0.105882  0.098039  0.054902  0.196078  0.170588  0.160784  0.113725  0.037255  
0.136066  0.070492  0.078689  0.039344  0.021311  0.037705  0.057377  0.080328  0.083607  0.136066  0.144262  0.100000  0.013115  0.093443  0.150820  0.155738  0.086885  0.121311  0.129508  0.077049  0.001639  0.052459  0.083607  0.039344  0.085246  0.136066  0.075410  0.078689  0.139344  0.027869  0.100000  0.021311  0.026230  0.008197  0.013115  
0.075714  0.142857  0.011429  0.032857  0.018571  0.127143  0.142857  0.025714  0.005714  0.017143  0.004286  0.061429  0.100000  0.065714  0.055714  0.010000  0.027143  0.052857  0.097143  0.122857  0.024286  0.051429  0.124286  0.090000  0.077143  0.064286  0.127143  0.111429  0.098571  0.092857  0.040000  0.068571  0.112857  0.135714  0.084286  
0.032787  0.073770  0.124590  0.139344  0.144262  0.068852  0.137705  0.088525  0.149180  0.131148  0.006557  0.121311  0.027869  0.100000  0.037705  0.001639  0.067213  0.116393  0.101639  0.088525  0.063934  0.119672  0.126230  0.155738  0.086885  0.055738  0.145902  0.150820  0.057377  0.060656  0.047541  0.126230  0.067213  0.072131  0.001639  
0.015942  0.034783  0.044928  0.105797  0.117391  0.124638  0.027536  0.144928  0.092754  0.031884  0.131884  0.098551  0.140580  0.040580  0.100000  0.065217  0.143478  0.020290  0.069565  0.130435  0.001449  0.072464  0.031884  0.142029  0.121739  0.097101  0.060870  0.131884  0.115942  0.014493  0.136232  0.111594  0.118841  0.043478  0.044928  
0.013636  0.147727  0.147727  0.015909  0.220455  0.120455  0.156818  0.175000  0.165909  0.004545  0.018182  0.106818  0.065909  0.186364  0.218182  0.100000  0.090909  0.188636  0.147727  0.211364  0.150000  0.163636  0.045455  0.040909  0.065909  0.097727  0.222727  0.054545  0.193182  0.054545  0.143182  0.188636  0.100000  0.147727  0.200000  
0.065000  0.305000  0.115000  0.475000  0.275000  0.065000  0.380000  0.145000  0.260000  0.370000  0.260000  0.190000  0.005000  0.405000  0.090000  0.035000  0.100000  0.065000  0.240000  0.175000  0.325000  0.260000  0.050000  0.245000  0.150000  0.455000  0.205000  0.165000  0.220000  0.025000  0.045000  0.490000  0.015000  0.220000  0.100000  
0.038824  0.075294  0.032941  0.078824  0.047059  0.088235  0.042353  0.108235  0.054118  0.104706  0.001176  0.027059  0.035294  0.084706  0.117647  0.058824  0.024706  0.100000  0.036471  0.111765  0.024706  0.011765  0.074118  0.063529  0.044706  0.007059  0.029412  0.040000  0.085882  0.092941  0.027059  0.055294  0.108235  0.069412  0.108235  
0.068041  0.005155  0.004124  0.073196  0.055670  0.016495  0.086598  0.009278  0.057732  0.097938  0.009278  0.096907  0.086598  0.007216  0.103093  0.057732  0.042268  0.054639  0.100000  0.026804  0.095876  0.020619  0.038144  0.064948  0.039175  0.095876  0.100000  0.062887  0.028866  0.038144  0.008247  0.054639  0.031959  0.097938  0.008247  
0.009091  0.188636  0.018182  0.168182  0.027273  0.104545  0.106818  0.118182  0.075000  0.093182  0.018182  0.197727  0.043182  0.184091  0.138636  0.206818  0.052273  0.034091  0.009091  0.100000  0.054545  0.211364  0.193182  0.138636  0.061364  0.145455  0.115909  0.154545  0.011364  0.147727  0.056818  0.084091  0.154545  0.079545  0.002273  
0.092857  0.200000  0.109524  0.142857  0.026190  0.109524  0.176190  0.152381  0.007143  0.000000  0.202381  0.126190  0.185714  0.223810  0.023810  0.152381  0.066667  0.123810  0.130952  0.228571  0.100000  0.226190  0.030952  0.109524  0.002381  0.071429  0.145238  0.059524  0.161905  0.111905  0.116667  0.121429  0.111905  0.107143  0.150000  
0.045000  0.100000  0.118333  0.040000  0.081667  0.108333  0.030000  0.066667  0.001667  0.140000  0.111667  0.113333  0.060000  0.113333  0.080000  0.090000  0.153333  0.165000  0.016667  0.061667  0.031667  0.100000  0.063333  0.133333  0.106667  0.088333  0.063333  0.016667  0.105000  0.146667  0.075000  0.015000  0.055000  0.055000  0.141667  
0.241667  0.166667  0.019444  0.133333  0.102778  0.275000  0.136111  0.122222  0.219444  0.222222  0.052778  0.275000  0.272222  0.063889  0.119444  0.058333  0.247222  0.277778  0.150000  0.255556  0.272222  0.041667  0.100000  0.258333  0.175000  0.100000  0.113889  0.113889  0.133333  0.119444  0.213889  0.050000  0.211111  0.175000  0.175000  
0.036842  0.054737  0.075789  0.057895  0.066316  0.032632  0.085263  0.050526  0.032632  0.015789  0.027368  0.102105  0.087368  0.081053  0.053684  0.067368  0.008421  0.013684  0.055789  0.082105  0.044211  0.100000  0.096842  0.100000  0.091579  0.089474  0.012632  0.032632  0.098947  0.102105  0.029474  0.010526  0.032632  0.098947  0.094737  
0.112500  0.175000  0.075000  0.112500  0.012500  0.108333  0.158333  0.118750  0.158333  0.202083  0.075000  0.181250  0.104167  0.131250  0.168750  0.154167  0.139583  0.164583  0.029167  0.010417  0.050000  0.079167  0.143750  0.200000  0.100000  0.002083  0.033333  0.179167  0.102083  0.193750  0.004167  0.127083  0.066667  0.181250  0.166667  
0.058025  0.009877  0.017284  0.072840  0.101235  0.007407  0.113580  0.122222  0.070370  0.011111  0.092593  0.119753  0.083951  0.100000  0.054321  0.004938  0.035802  0.056790  0.009877  0.114815  0.109877  0.033333  0.077778  0.037037  0.122222  0.100000  0.083951  0.100000  0.012346  0.053086  0.035802  0.076543  0.034568  0.009877  0.065432  
0.180000  0.027500  0.120000  0.030000  0.012500  0.045000  0.030000  0.160000  0.162500  0.080000  0.067500  0.070000  0.075000  0.117500  0.032500  0.152500  0.095000  0.100000  0.227500  0.145000  0.157500  0.095000  0.125000  0.212500  0.242500  0.045000  0.100000  0.097500  0.095000  0.037500  0.217500  0.025000  0.092500  0.087500  0.055000  
0.033333  0.007018  0.077193  0.022807  0.091228  0.054386  0.173684  0.110526  0.010526  0.068421  0.071930  0.150877  0.107018  0.068421  0.135088  0.115789  0.101754  0.071930  0.029825  0.096491  0.049123  0.156140  0.052632  0.157895  0.114035  0.031579  0.128070  0.100000  0.003509  0.163158  0.105263  0.033333  0.124561  0.122807  0.089474  
0.514286  0.828571  0.900000  0.828571  0.842857  0.471429  0.600000  0.957143  0.771429  0.385714  1.128571  0.528571  0.600000  0.685714  0.500000  0.614286  0.428571  0.171429  0.957143  0.300000  0.514286  1.342857  1.257143  1.314286  0.700000  0.028571  0.385714  1.328571  0.100000  0.628571  0.214286  1.428571  1.385714  1.057143  0.342857  
0.034615  0.119231  0.108974  0.087179  0.035897  0.114103  0.082051  0.023077  0.042308  0.097436  0.035897  0.066667  0.034615  0.001282  0.034615  0.088462  0.026923  0.097436  0.070513  0.119231  0.043590  0.088462  0.033333  0.041026  0.060256  0.019231  0.048718  0.124359  0.042308  0.100000  0.100000  0.082051  0.037179  0.114103  0.012821  
0.117910  0.059701  0.138806  0.083582  0.080597  0.032836  0.002985  0.008955  0.080597  0.017910  0.125373  0.026866  0.043284  0.017910  0.023881  0.128358  0.085075  0.095522  0.025373  0.076119  0.147761  0.000000  0.067164  0.037313  0.068657  0.094030  0.067164  0.114925  0.147761  0.126866  0.100000  0.079104  0.049254  0.131343  0.041791  
0.036111  0.119444  0.125000  0.144444  0.236111  0.125000  0.088889  0.058333  0.219444  0.238889  0.213889  0.000000  0.152778  0.241667  0.269444  0.058333  0.058333  0.091667  0.222222  0.094444  0.272222  0.080556  0.080556  0.100000  0.002778  0.013889  0.255556  0.194444  0.233333  0.105556  0.200000  0.100000  0.155556  0.041667  0.063889  
0.025301  0.024096  0.077108  0.109639  0.114458  0.013253  0.073494  0.060241  0.018072  0.046988  0.081928  0.091566  0.009639  0.042169  0.013253  0.015663  0.028916  0.061446  0.069880  0.044578  0.030120  0.032530  0.010843  0.062651  0.112048  0.039759  0.014458  0.039759  0.096386  0.098795  0.021687  0.031325  0.100000  0.085542  0.012048  
0.037179  0.042308  0.069231  0.098718  0.016667  0.044872  0.073077  0.060256  0.121795  0.089744  0.025641  0.016667  0.014103  0.017949  0.103846  0.026923  0.028205  0.064103  0.066667  0.087179  0.080769  0.019231  0.005128  0.010256  0.012821  0.021795  0.120513  0.035897  0.084615  0.041026  0.003846  0.078205  0.014103  0.100000  0.067949  
0.036842  0.043158  0.095789  0.081053  0.061053  0.089474  0.103158  0.068421  0.043158  0.041053  0.040000  0.095789  0.041053  0.041053  0.055789  0.001053  0.026316  0.018947  0.002105  0.086316  0.047368  0.098947  0.055789  0.094737  0.016842  0.060000  0.080000  0.080000  0.098947  0.043158  0.082105  0.004211  0.100000  0.072632  0.100000  
0.000512  0.000442  0.000377  0.000320  0.000512  0.000327  0.000433  0.000374  0.000315  0.000519  0.000442  0.000404  0.000377  0.000404  0.000380  0.000476  0.000705  0.000342  0.000320  0.000476  0.000487  0.000407  0.000526  0.000324  0.000455  0.000351  0.000499  0.000418  0.001192  0.000357  0.000385  0.000526  0.000346  0.000357  0.000324  