0.100000  0.193878  0.153061  0.151020  0.169388  0.061224  0.044898  0.061224  0.191837  0.191837  0.036735  0.061224  0.114286  0.140816  0.148980  0.202041  0.048980  0.073469  0.000000  0.122449  0.181633  0.177551  0.144898  0.014286  0.112245  0.167347  0.100000  0.038776  0.012245  0.177551  0.110204  0.179592  0.044898  0.169388  0.100000  
0.014286  0.100000  0.076531  0.005102  0.020408  0.040816  0.007143  0.100000  0.047959  0.078571  0.093878  0.003061  0.089796  0.064286  0.028571  0.017347  0.075510  0.009184  0.000000  0.096939  0.026531  0.056122  0.058163  0.054082  0.093878  0.088776  0.072449  0.093878  0.091837  0.032653  0.012245  0.098980  0.042857  0.068367  0.018367  
0.473684  0.136842  0.100000  0.257895  0.236842  0.152632  0.142105  0.315789  0.247368  0.242105  0.084211  0.368421  0.147368  0.510526  0.457895  0.052632  0.236842  0.063158  0.410526  0.247368  0.115789  0.300000  0.410526  0.036842  0.347368  0.136842  0.221053  0.036842  0.110526  0.121053  0.052632  0.373684  0.363158  0.500000  0.400000  
0.174074  0.029630  0.362963  0.100000  0.055556  0.055556  0.240741  0.074074  0.177778  0.033333  0.037037  0.081481  0.318519  0.103704  0.362963  0.066667  0.025926  0.066667  0.159259  0.318519  0.318519  0.259259  0.351852  0.062963  0.274074  0.311111  0.200000  0.048148  0.048148  0.003704  0.162963  0.077778  0.118519  0.144444  0.051852  
0.546154  0.300000  0.276923  0.138462  0.100000  0.730769  0.023077  0.384615  0.130769  0.753846  0.400000  0.069231  0.530769  0.015385  0.423077  0.315385  0.592308  0.400000  0.415385  0.153846  0.115385  0.669231  0.484615  0.707692  0.000000  0.253846  0.361538  0.669231  0.546154  0.523077  0.269231  0.461538  0.169231  0.361538  0.492308  
0.087912  0.006593  0.072527  0.025275  0.103297  0.100000  0.036264  0.020879  0.005495  0.067033  0.061538  0.041758  0.062637  0.050549  0.036264  0.062637  0.043956  0.036264  0.085714  0.018681  0.108791  0.037363  0.039560  0.031868  0.049451  0.036264  0.038462  0.057143  0.093407  0.021978  0.086813  0.082418  0.054945  0.028571  0.027473  
0.132787  0.160656  0.132787  0.055738  0.140984  0.101639  0.100000  0.131148  0.036066  0.095082  0.119672  0.001639  0.129508  0.118033  0.039344  0.054098  0.101639  0.155738  0.140984  0.019672  0.103279  0.022951  0.073770  0.004918  0.047541  0.018033  0.126230  0.040984  0.075410  0.144262  0.009836  0.072131  0.031148  0.118033  0.126230  
0.045055  0.065934  0.105495  0.024176  0.006593  0.072527  0.040659  0.100000  0.027473  0.052747  0.048352  0.105495  0.062637  0.094505  0.025275  0.038462  0.075824  0.034066  0.004396  0.036264  0.107692  0.090110  0.108791  0.001099  0.109890  0.041758  0.032967  0.071429  0.042857  0.034066  0.079121  0.005495  0.089011  0.002198  0.085714  
0.600000  1.350000  0.925000  0.450000  1.025000  1.625000  0.025000  0.950000  0.100000  1.600000  0.150000  2.000000  2.300000  2.075000  0.550000  0.450000  1.675000  1.750000  2.125000  0.425000  1.825000  0.525000  0.250000  1.900000  0.550000  1.675000  1.675000  1.725000  2.450000  0.050000  2.375000  2.225000  1.750000  1.650000  1.700000  
0.158974  0.138462  0.023077  0.253846  0.192308  0.171795  0.041026  0.233333  0.066667  0.100000  0.197436  0.115385  0.020513  0.133333  0.038462  0.000000  0.120513  0.230769  0.135897  0.251282  0.187179  0.020513  0.053846  0.146154  0.074359  0.002564  0.012821  0.248718  0.230769  0.215385  0.215385  0.212821  0.248718  0.015385  0.125641  
0.866667  0.566667  0.350000  0.150000  1.033333  1.516667  1.066667  0.966667  0.883333  1.183333  0.100000  0.983333  1.533333  1.366667  0.300000  1.633333  1.200000  0.416667  0.233333  1.016667  0.516667  1.583333  0.250000  0.050000  0.966667  1.133333  0.166667  0.533333  1.616667  1.333333  1.283333  0.833333  1.650000  1.033333  0.500000  
0.073913  0.085507  0.002899  0.079710  0.127536  0.089855  0.021739  0.039130  0.044928  0.060870  0.065217  0.100000  0.063768  0.123188  0.062319  0.027536  0.063768  0.139130  0.131884  0.142029  0.065217  0.104348  0.044928  0.046377  0.057971  0.046377  0.023188  0.110145  0.102899  0.068116  0.079710  0.052174  0.028986  0.049275  0.013043  
0.057447  0.087234  0.131915  0.165957  0.048936  0.210638  0.138298  0.146809  0.021277  0.076596  0.010638  0.153191  0.100000  0.076596  0.063830  0.074468  0.055319  0.155319  0.104255  0.038298  0.034043  0.000000  0.097872  0.055319  0.025532  0.108511  0.144681  0.161702  0.202128  0.117021  0.165957  0.093617  0.074468  0.038298  0.091489  
0.492857  0.321429  0.592857  0.292857  0.035714  0.464286  0.571429  0.121429  0.135714  0.635714  0.628571  0.700000  0.228571  0.100000  0.057143  0.628571  0.185714  0.535714  0.242857  0.228571  0.200000  0.435714  0.228571  0.642857  0.321429  0.378571  0.507143  0.564286  0.500000  0.207143  0.221429  0.628571  0.285714  0.357143  0.342857  
0.180952  0.242857  0.342857  0.252381  0.452381  0.257143  0.219048  0.314286  0.414286  0.180952  0.166667  0.133333  0.219048  0.085714  0.100000  0.252381  0.295238  0.300000  0.357143  0.247619  0.057143  0.023810  0.433333  0.290476  0.142857  0.200000  0.457143  0.152381  0.033333  0.295238  0.233333  0.019048  0.076190  0.209524  0.123810  
0.276000  0.140000  0.324000  0.392000  0.116000  0.164000  0.140000  0.272000  0.388000  0.132000  0.104000  0.024000  0.040000  0.332000  0.300000  0.100000  0.016000  0.208000  0.260000  0.196000  0.196000  0.028000  0.076000  0.304000  0.104000  0.364000  0.224000  0.312000  0.268000  0.120000  0.104000  0.208000  0.032000  0.120000  0.124000  
0.022034  0.033898  0.142373  0.116949  0.050847  0.122034  0.030508  0.155932  0.030508  0.145763  0.005085  0.157627  0.150847  0.094915  0.137288  0.108475  0.100000  0.077966  0.016949  0.064407  0.027119  0.161017  0.042373  0.127119  0.108475  0.144068  0.088136  0.069492  0.127119  0.123729  0.122034  0.052542  0.144068  0.094915  0.128814  
0.072973  0.035135  0.227027  0.251351  0.208108  0.008108  0.070270  0.021622  0.175676  0.105405  0.127027  0.129730  0.189189  0.172973  0.162162  0.045946  0.202703  0.100000  0.054054  0.054054  0.121622  0.043243  0.218919  0.078378  0.037838  0.262162  0.078378  0.091892  0.045946  0.005405  0.186486  0.178378  0.210811  0.162162  0.029730  
1.385714  0.300000  0.557143  0.814286  0.685714  0.471429  1.085714  0.942857  1.314286  0.214286  0.600000  0.271429  0.571429  1.300000  0.542857  1.114286  0.600000  0.385714  0.100000  0.314286  0.771429  0.671429  0.785714  0.028571  1.142857  1.257143  1.085714  1.314286  0.842857  0.614286  0.857143  0.900000  1.000000  0.214286  1.171429  
0.295833  0.141667  0.275000  0.095833  0.304167  0.270833  0.020833  0.241667  0.250000  0.395833  0.366667  0.358333  0.220833  0.329167  0.216667  0.383333  0.325000  0.400000  0.412500  0.100000  0.133333  0.366667  0.258333  0.087500  0.366667  0.300000  0.291667  0.279167  0.200000  0.204167  0.262500  0.175000  0.058333  0.112500  0.325000  
0.022727  0.054545  0.036364  0.037879  0.012121  0.150000  0.030303  0.030303  0.019697  0.119697  0.039394  0.036364  0.145455  0.048485  0.022727  0.122727  0.021212  0.133333  0.030303  0.112121  0.100000  0.137879  0.133333  0.063636  0.127273  0.131818  0.072727  0.128788  0.122727  0.056061  0.040909  0.036364  0.053030  0.045455  0.016667  
0.009756  0.108537  0.114634  0.039024  0.082927  0.112195  0.020732  0.024390  0.102439  0.100000  0.079268  0.091463  0.120732  0.104878  0.000000  0.001220  0.092683  0.053659  0.097561  0.057317  0.075610  0.100000  0.028049  0.091463  0.004878  0.112195  0.026829  0.079268  0.028049  0.102439  0.078049  0.028049  0.035366  0.031707  0.050000  
0.092188  0.029687  0.109375  0.060938  0.087500  0.073437  0.025000  0.153125  0.007812  0.146875  0.104687  0.018750  0.087500  0.068750  0.150000  0.000000  0.010937  0.053125  0.135937  0.098438  0.128125  0.023438  0.100000  0.129688  0.142188  0.134375  0.040625  0.075000  0.053125  0.054688  0.112500  0.101562  0.028125  0.104687  0.018750  
0.093056  0.052778  0.068056  0.116667  0.000000  0.013889  0.118056  0.106944  0.066667  0.056944  0.027778  0.041667  0.051389  0.120833  0.090278  0.002778  0.065278  0.077778  0.001389  0.043056  0.112500  0.138889  0.137500  0.100000  0.138889  0.063889  0.019444  0.138889  0.069444  0.094444  0.113889  0.108333  0.002778  0.001389  0.095833  
0.080000  0.108000  0.034667  0.004000  0.114667  0.004000  0.062667  0.105333  0.077333  0.074667  0.068000  0.098667  0.033333  0.022667  0.002667  0.054667  0.037333  0.069333  0.004000  0.033333  0.037333  0.074667  0.128000  0.068000  0.100000  0.012000  0.009333  0.010667  0.070667  0.101333  0.093333  0.014667  0.084000  0.100000  0.132000  
0.017568  0.064865  0.066216  0.072973  0.060811  0.118919  0.047297  0.008108  0.117568  0.041892  0.052703  0.075676  0.032432  0.101351  0.074324  0.039189  0.122973  0.081081  0.113514  0.068919  0.047297  0.129730  0.075676  0.001351  0.132432  0.100000  0.083784  0.037838  0.101351  0.072973  0.036486  0.109459  0.106757  0.059459  0.122973  
0.048571  0.004286  0.042857  0.007143  0.114286  0.034286  0.075714  0.125714  0.007143  0.120000  0.025714  0.114286  0.027143  0.115714  0.028571  0.102857  0.120000  0.140000  0.065714  0.018571  0.062857  0.058571  0.012857  0.124286  0.001429  0.035714  0.100000  0.000000  0.038571  0.025714  0.120000  0.028571  0.094286  0.040000  0.122857  
0.065957  0.014894  0.138298  0.034043  0.189362  0.161702  0.146809  0.080851  0.200000  0.082979  0.000000  0.200000  0.180851  0.053191  0.172340  0.055319  0.187234  0.080851  0.106383  0.021277  0.131915  0.106383  0.134043  0.100000  0.121277  0.051064  0.040426  0.100000  0.151064  0.053191  0.161702  0.138298  0.036170  0.127660  0.093617  
0.077778  0.019048  0.012698  0.157143  0.117460  0.084127  0.122222  0.157143  0.028571  0.155556  0.120635  0.153968  0.138095  0.052381  0.053968  0.036508  0.068254  0.050794  0.074603  0.047619  0.074603  0.044444  0.136508  0.036508  0.028571  0.139683  0.019048  0.120635  0.100000  0.092063  0.096825  0.126984  0.000000  0.050794  0.012698  
0.097727  0.175000  0.213636  0.152273  0.068182  0.179545  0.186364  0.036364  0.159091  0.095455  0.093182  0.122727  0.054545  0.059091  0.059091  0.015909  0.072727  0.052273  0.193182  0.018182  0.165909  0.177273  0.036364  0.009091  0.218182  0.150000  0.161364  0.020455  0.188636  0.100000  0.140909  0.218182  0.131818  0.193182  0.206818  
0.034568  0.006173  0.023457  0.006173  0.080247  0.035802  0.091358  0.107407  0.090123  0.108642  0.023457  0.017284  0.120988  0.111111  0.113580  0.092593  0.098765  0.033333  0.082716  0.020988  0.054321  0.098765  0.040741  0.065432  0.097531  0.038272  0.064198  0.077778  0.062963  0.059259  0.100000  0.079012  0.025926  0.092593  0.044444  
0.450000  0.060000  0.235000  0.290000  0.385000  0.230000  0.350000  0.270000  0.425000  0.420000  0.410000  0.035000  0.335000  0.430000  0.165000  0.260000  0.045000  0.005000  0.385000  0.500000  0.125000  0.490000  0.150000  0.355000  0.000000  0.120000  0.075000  0.465000  0.155000  0.120000  0.130000  0.100000  0.485000  0.105000  0.110000  
0.033333  0.064646  0.007071  0.049495  0.055556  0.037374  0.027273  0.101010  0.070707  0.096970  0.033333  0.051515  0.070707  0.048485  0.061616  0.098990  0.036364  0.013131  0.014141  0.003030  0.063636  0.097980  0.053535  0.062626  0.058586  0.083838  0.052525  0.000000  0.074747  0.052525  0.050505  0.047475  0.100000  0.047475  0.046465  
0.004040  0.024242  0.076768  0.030303  0.019192  0.097980  0.073737  0.075758  0.069697  0.002020  0.084848  0.022222  0.047475  0.084848  0.055556  0.072727  0.072727  0.042424  0.055556  0.085859  0.050505  0.045455  0.082828  0.056566  0.001010  0.039394  0.023232  0.063636  0.084848  0.026263  0.059596  0.009091  0.058586  0.100000  0.051515  
0.085882  0.052941  0.031765  0.074118  0.011765  0.088235  0.000000  0.063529  0.071765  0.115294  0.076471  0.108235  0.050588  0.062353  0.078824  0.048235  0.027059  0.032941  0.076471  0.011765  0.085882  0.034118  0.063529  0.081176  0.049412  0.021176  0.030588  0.032941  0.072941  0.104706  0.036471  0.111765  0.044706  0.094118  0.100000  
0.000451  0.000319  0.000724  0.000607  0.000875  0.000331  0.000404  0.000331  0.001577  0.000505  0.001288  0.000380  0.000460  0.000843  0.000688  0.000631  0.000411  0.000519  0.001192  0.000644  0.000388  0.000348  0.000394  0.000372  0.000364  0.000367  0.000377  0.000460  0.000397  0.000476  0.000351  0.000705  0.000317  0.000317  0.000342  