0.100000  0.257895  0.073684  0.063158  0.215789  0.084211  0.197368  0.155263  0.228947  0.202632  0.226316  0.236842  0.226316  0.157895  0.247368  0.015789  0.239474  0.113158  0.244737  0.115789  0.031579  0.113158  0.157895  0.236842  0.176316  0.178947  0.136842  0.042105  0.131579  0.047368  0.105263  0.068421  0.157895  0.181579  0.097368  
0.048214  0.100000  0.166071  0.092857  0.164286  0.121429  0.137500  0.098214  0.157143  0.151786  0.176786  0.164286  0.019643  0.069643  0.171429  0.010714  0.066071  0.150000  0.060714  0.139286  0.080357  0.148214  0.085714  0.058929  0.032143  0.021429  0.083929  0.067857  0.162500  0.103571  0.133929  0.146429  0.060714  0.116071  0.046429  
0.164103  0.046154  0.100000  0.189744  0.238462  0.251282  0.066667  0.000000  0.115385  0.235897  0.184615  0.058974  0.217949  0.230769  0.128205  0.230769  0.107692  0.030769  0.256410  0.246154  0.130769  0.220513  0.184615  0.128205  0.256410  0.241026  0.041026  0.215385  0.025641  0.166667  0.084615  0.215385  0.161538  0.192308  0.205128  
0.002500  0.032500  0.075000  0.100000  0.032500  0.106250  0.020000  0.116250  0.118750  0.081250  0.023750  0.118750  0.088750  0.046250  0.030000  0.061250  0.006250  0.072500  0.038750  0.008750  0.063750  0.005000  0.081250  0.058750  0.025000  0.030000  0.078750  0.008750  0.100000  0.065000  0.073750  0.007500  0.046250  0.037500  0.112500  
0.033333  0.087179  0.146154  0.148718  0.100000  0.225641  0.005128  0.079487  0.056410  0.189744  0.017949  0.125641  0.007692  0.084615  0.033333  0.233333  0.192308  0.023077  0.220513  0.210256  0.141026  0.035897  0.200000  0.048718  0.041026  0.053846  0.176923  0.141026  0.148718  0.223077  0.094872  0.202564  0.064103  0.079487  0.053846  
0.092553  0.040426  0.106383  0.064894  0.088298  0.100000  0.029787  0.047872  0.096809  0.040426  0.035106  0.068085  0.077660  0.032979  0.060638  0.029787  0.036170  0.094681  0.017021  0.019149  0.057447  0.004255  0.067021  0.080851  0.064894  0.041489  0.011702  0.005319  0.032979  0.001064  0.053191  0.047872  0.035106  0.043617  0.038298  
0.091765  0.071765  0.047059  0.048235  0.111765  0.003529  0.100000  0.102353  0.054118  0.047059  0.050588  0.025882  0.014118  0.001176  0.080000  0.025882  0.036471  0.023529  0.024706  0.015294  0.031765  0.052941  0.097647  0.107059  0.017647  0.023529  0.063529  0.088235  0.055294  0.005882  0.011765  0.104706  0.094118  0.065882  0.094118  
0.086000  0.130000  0.126000  0.046000  0.116000  0.138000  0.162000  0.100000  0.116000  0.146000  0.024000  0.158000  0.088000  0.140000  0.184000  0.076000  0.160000  0.022000  0.192000  0.112000  0.192000  0.018000  0.198000  0.124000  0.064000  0.014000  0.052000  0.038000  0.038000  0.134000  0.200000  0.066000  0.188000  0.174000  0.130000  
0.123438  0.081250  0.010937  0.056250  0.001563  0.115625  0.039062  0.059375  0.100000  0.051562  0.098438  0.146875  0.071875  0.015625  0.009375  0.131250  0.025000  0.104687  0.139062  0.104687  0.071875  0.089062  0.098438  0.079687  0.140625  0.118750  0.040625  0.156250  0.078125  0.128125  0.026563  0.050000  0.150000  0.092188  0.089062  
0.108750  0.006250  0.026250  0.028750  0.022500  0.018750  0.108750  0.122500  0.056250  0.100000  0.083750  0.091250  0.102500  0.035000  0.022500  0.005000  0.085000  0.118750  0.118750  0.050000  0.023750  0.010000  0.083750  0.077500  0.052500  0.033750  0.015000  0.023750  0.051250  0.021250  0.092500  0.015000  0.101250  0.106250  0.037500  
0.051220  0.048780  0.096341  0.118293  0.007317  0.058537  0.117073  0.120732  0.073171  0.081707  0.100000  0.078049  0.012195  0.037805  0.057317  0.031707  0.118293  0.109756  0.086585  0.024390  0.070732  0.026829  0.028049  0.030488  0.064634  0.050000  0.107317  0.069512  0.035366  0.009756  0.032927  0.086585  0.032927  0.117073  0.043902  
0.044330  0.063918  0.046392  0.090722  0.064948  0.017526  0.102062  0.077320  0.065979  0.044330  0.083505  0.100000  0.029897  0.021649  0.093814  0.057732  0.019588  0.047423  0.037113  0.102062  0.045361  0.003093  0.067010  0.023711  0.089691  0.056701  0.042268  0.103093  0.094845  0.048454  0.083505  0.103093  0.098969  0.073196  0.076289  
3.100000  8.000000  3.400000  0.600000  0.300000  0.100000  9.500000  0.700000  9.400000  0.000000  4.200000  3.500000  0.100000  5.000000  3.500000  8.900000  6.000000  0.500000  4.300000  8.700000  2.500000  2.800000  6.500000  7.900000  3.200000  1.900000  6.000000  8.600000  5.200000  8.800000  1.800000  9.600000  5.100000  3.600000  3.200000  
0.103529  0.052941  0.076471  0.042353  0.027059  0.004706  0.051765  0.103529  0.062353  0.025882  0.107059  0.065882  0.029412  0.100000  0.105882  0.014118  0.084706  0.109412  0.052941  0.032941  0.087059  0.040000  0.028235  0.038824  0.084706  0.034118  0.084706  0.037647  0.011765  0.061176  0.025882  0.115294  0.074118  0.034118  0.055294  
0.440000  0.166667  0.333333  0.440000  0.100000  0.586667  0.660000  0.186667  0.066667  0.220000  0.466667  0.133333  0.320000  0.006667  0.100000  0.466667  0.013333  0.026667  0.320000  0.466667  0.500000  0.080000  0.160000  0.246667  0.473333  0.120000  0.340000  0.633333  0.206667  0.426667  0.600000  0.106667  0.593333  0.566667  0.280000  
0.123404  0.151064  0.061702  0.029787  0.055319  0.061702  0.202128  0.070213  0.012766  0.170213  0.110638  0.131915  0.189362  0.155319  0.178723  0.100000  0.172340  0.023404  0.127660  0.106383  0.176596  0.023404  0.146809  0.006383  0.023404  0.204255  0.174468  0.038298  0.159574  0.189362  0.034043  0.027660  0.200000  0.027660  0.091489  
0.264286  0.378571  0.107143  0.585714  0.714286  0.614286  0.100000  0.150000  0.371429  0.135714  0.021429  0.414286  0.100000  0.200000  0.335714  0.064286  0.100000  0.057143  0.592857  0.278571  0.257143  0.035714  0.557143  0.578571  0.307143  0.464286  0.157143  0.307143  0.014286  0.700000  0.064286  0.250000  0.350000  0.700000  0.664286  
0.028736  0.055172  0.020690  0.006897  0.012644  0.052874  0.009195  0.042529  0.043678  0.028736  0.040230  0.014943  0.094253  0.021839  0.025287  0.090805  0.043678  0.100000  0.062069  0.041379  0.059770  0.074713  0.073563  0.088506  0.100000  0.032184  0.018391  0.051724  0.070115  0.085057  0.060920  0.097701  0.020690  0.044828  0.079310  
0.056818  0.061364  0.050000  0.138636  0.225000  0.227273  0.134091  0.152273  0.031818  0.095455  0.109091  0.095455  0.215909  0.140909  0.004545  0.170455  0.172727  0.197727  0.100000  0.006818  0.027273  0.102273  0.084091  0.197727  0.222727  0.072727  0.047727  0.000000  0.061364  0.106818  0.006818  0.152273  0.143182  0.222727  0.179545  
0.005455  0.087273  0.138182  0.007273  0.047273  0.134545  0.123636  0.085455  0.089091  0.027273  0.136364  0.100000  0.181818  0.121818  0.112727  0.054545  0.121818  0.070909  0.169091  0.100000  0.040000  0.049091  0.040000  0.069091  0.150909  0.141818  0.078182  0.030909  0.105455  0.125455  0.054545  0.125455  0.074545  0.000000  0.012727  
0.363636  0.422727  0.445455  0.218182  0.327273  0.145455  0.240909  0.004545  0.359091  0.318182  0.122727  0.272727  0.218182  0.300000  0.377273  0.036364  0.409091  0.050000  0.227273  0.286364  0.100000  0.159091  0.177273  0.304545  0.413636  0.068182  0.254545  0.281818  0.127273  0.400000  0.327273  0.290909  0.240909  0.336364  0.159091  
0.108696  0.391304  0.413043  0.304348  0.217391  0.295652  0.160870  0.134783  0.230435  0.104348  0.052174  0.330435  0.265217  0.056522  0.060870  0.000000  0.321739  0.226087  0.400000  0.104348  0.121739  0.100000  0.017391  0.430435  0.421739  0.408696  0.282609  0.182609  0.126087  0.400000  0.108696  0.291304  0.039130  0.252174  0.326087  
0.080000  0.386667  0.526667  0.213333  0.486667  0.120000  0.153333  0.320000  0.653333  0.546667  0.100000  0.493333  0.486667  0.613333  0.426667  0.453333  0.506667  0.393333  0.380000  0.033333  0.660000  0.380000  0.100000  0.553333  0.546667  0.560000  0.280000  0.180000  0.300000  0.513333  0.186667  0.006667  0.346667  0.453333  0.353333  
0.086957  0.019565  0.102174  0.004348  0.147826  0.102174  0.160870  0.176087  0.056522  0.002174  0.213043  0.047826  0.191304  0.021739  0.208696  0.210870  0.121739  0.097826  0.108696  0.010870  0.108696  0.173913  0.113043  0.100000  0.002174  0.191304  0.000000  0.026087  0.197826  0.113043  0.169565  0.026087  0.110870  0.093478  0.045652  
0.003371  0.102247  0.040449  0.077528  0.052809  0.046067  0.032584  0.016854  0.086517  0.080899  0.023596  0.021348  0.017978  0.061798  0.032584  0.001124  0.020225  0.076404  0.051685  0.004494  0.103371  0.070787  0.104494  0.049438  0.100000  0.093258  0.003371  0.053933  0.062921  0.021348  0.074157  0.011236  0.000000  0.111236  0.088764  
0.933333  2.666667  1.633333  1.933333  0.233333  2.300000  0.500000  1.233333  2.900000  3.133333  1.533333  1.166667  2.933333  1.566667  3.266667  0.500000  2.533333  1.766667  0.233333  0.766667  1.066667  2.533333  2.000000  1.233333  0.500000  0.100000  2.700000  0.366667  0.166667  1.133333  0.533333  0.366667  1.433333  1.733333  1.633333  
0.100000  0.068817  0.038710  0.059140  0.041935  0.051613  0.029032  0.087097  0.001075  0.105376  0.044086  0.005376  0.088172  0.069892  0.105376  0.100000  0.086022  0.039785  0.077419  0.018280  0.055914  0.007527  0.090323  0.061290  0.038710  0.032258  0.100000  0.046237  0.080645  0.033333  0.083871  0.024731  0.065591  0.104301  0.018280  
0.047297  0.079730  0.075676  0.093243  0.027027  0.059459  0.077027  0.066216  0.029730  0.128378  0.089189  0.105405  0.056757  0.027027  0.055405  0.047297  0.050000  0.118919  0.122973  0.112162  0.116216  0.043243  0.051351  0.054054  0.114865  0.052703  0.035135  0.100000  0.001351  0.098649  0.005405  0.133784  0.097297  0.060811  0.101351  
0.971429  1.128571  1.242857  0.157143  0.600000  0.385714  0.585714  1.314286  0.471429  0.071429  0.000000  0.542857  0.042857  1.300000  0.628571  1.185714  0.457143  1.314286  0.157143  0.957143  1.371429  0.414286  0.300000  1.142857  0.942857  0.028571  0.428571  0.514286  0.100000  0.057143  0.614286  0.942857  1.014286  0.285714  0.542857  
0.102941  0.127941  0.058824  0.000000  0.019118  0.145588  0.035294  0.136765  0.133824  0.033824  0.126471  0.017647  0.083824  0.069118  0.082353  0.032353  0.097059  0.127941  0.013235  0.047059  0.041176  0.133824  0.039706  0.052941  0.019118  0.047059  0.058824  0.142647  0.126471  0.100000  0.014706  0.145588  0.052941  0.089706  0.144118  
0.067188  0.012500  0.025000  0.134375  0.046875  0.018750  0.117188  0.050000  0.000000  0.053125  0.064062  0.118750  0.131250  0.121875  0.106250  0.106250  0.003125  0.092188  0.007812  0.148438  0.026563  0.128125  0.107813  0.053125  0.056250  0.057813  0.115625  0.050000  0.034375  0.087500  0.100000  0.035937  0.046875  0.021875  0.137500  
0.037838  0.090541  0.035135  0.040541  0.075676  0.031081  0.127027  0.054054  0.002703  0.058108  0.089189  0.014865  0.083784  0.083784  0.133784  0.033784  0.086486  0.055405  0.094595  0.013514  0.090541  0.094595  0.083784  0.013514  0.059459  0.010811  0.128378  0.091892  0.091892  0.055405  0.063514  0.100000  0.120270  0.072973  0.056757  
0.360870  0.300000  0.313043  0.165217  0.117391  0.426087  0.395652  0.034783  0.060870  0.008696  0.191304  0.417391  0.195652  0.278261  0.130435  0.017391  0.130435  0.352174  0.395652  0.217391  0.078261  0.186957  0.417391  0.430435  0.091304  0.386957  0.308696  0.273913  0.082609  0.030435  0.160870  0.378261  0.100000  0.282609  0.117391  
1.175000  2.200000  0.625000  1.825000  1.625000  2.275000  0.600000  0.575000  1.825000  1.775000  2.400000  0.200000  1.150000  0.900000  1.150000  1.700000  2.425000  2.000000  2.325000  1.925000  1.025000  0.625000  1.525000  1.800000  2.300000  0.000000  1.075000  1.625000  0.925000  1.175000  0.925000  1.050000  2.375000  0.100000  0.525000  
0.045455  0.354545  0.395455  0.086364  0.300000  0.095455  0.104545  0.122727  0.295455  0.440909  0.327273  0.322727  0.081818  0.136364  0.018182  0.236364  0.004545  0.213636  0.395455  0.377273  0.281818  0.136364  0.300000  0.268182  0.336364  0.218182  0.168182  0.236364  0.081818  0.431818  0.222727  0.040909  0.427273  0.068182  0.100000  
0.000512  0.000422  0.000505  0.000353  0.000505  0.000325  0.000342  0.000446  0.000394  0.000353  0.000348  0.000320  0.003155  0.000342  0.000815  0.000460  0.000843  0.000338  0.000476  0.000425  0.000673  0.000658  0.000815  0.000465  0.000334  0.001821  0.000327  0.000367  0.001192  0.000383  0.000394  0.000367  0.000658  0.001577  0.000673  