0.100000  0.022368  0.117105  0.072368  0.065789  0.060526  0.007895  0.086842  0.035526  0.081579  0.111842  0.027632  0.063158  0.019737  0.113158  0.009211  0.131579  0.000000  0.111842  0.106579  0.103947  0.085526  0.046053  0.122368  0.110526  0.001316  0.051316  0.117105  0.069737  0.032895  0.118421  0.088158  0.028947  0.081579  0.101316  
0.075000  0.100000  0.107895  0.090789  0.098684  0.019737  0.125000  0.034211  0.046053  0.010526  0.103947  0.031579  0.082895  0.101316  0.015789  0.118421  0.036842  0.094737  0.084211  0.117105  0.130263  0.051316  0.003947  0.092105  0.111842  0.090789  0.009211  0.119737  0.052632  0.081579  0.117105  0.075000  0.068421  0.031579  0.076316  
0.084211  0.087719  0.100000  0.156140  0.136842  0.159649  0.028070  0.036842  0.073684  0.005263  0.108772  0.150877  0.049123  0.105263  0.085965  0.066667  0.026316  0.092982  0.131579  0.003509  0.142105  0.085965  0.115789  0.019298  0.124561  0.150877  0.010526  0.047368  0.050877  0.129825  0.024561  0.122807  0.052632  0.149123  0.114035  
0.253125  0.312500  0.121875  0.100000  0.168750  0.256250  0.215625  0.143750  0.059375  0.278125  0.090625  0.018750  0.156250  0.015625  0.196875  0.143750  0.159375  0.018750  0.121875  0.003125  0.212500  0.037500  0.025000  0.293750  0.065625  0.156250  0.081250  0.303125  0.009375  0.150000  0.278125  0.175000  0.156250  0.078125  0.246875  
0.018462  0.012308  0.115385  0.064615  0.100000  0.135385  0.147692  0.138462  0.020000  0.073846  0.075385  0.109231  0.152308  0.103077  0.063077  0.069231  0.110769  0.121538  0.064615  0.126154  0.090769  0.010769  0.121538  0.040000  0.020000  0.046154  0.152308  0.040000  0.013846  0.092308  0.010769  0.076923  0.087692  0.060000  0.153846  
0.025455  0.127273  0.132727  0.110909  0.087273  0.100000  0.165455  0.080000  0.110909  0.036364  0.169091  0.012727  0.169091  0.150909  0.016364  0.174545  0.143636  0.023636  0.160000  0.134545  0.107273  0.090909  0.170909  0.087273  0.094545  0.023636  0.129091  0.080000  0.052727  0.114545  0.138182  0.030909  0.078182  0.072727  0.007273  
0.900000  8.900000  6.900000  0.700000  6.100000  3.000000  0.000000  1.400000  6.800000  4.600000  5.700000  0.100000  4.400000  1.000000  2.400000  8.200000  5.600000  10.000000  8.200000  4.000000  8.100000  6.400000  7.700000  2.300000  5.700000  0.900000  2.600000  9.300000  8.800000  7.300000  6.900000  5.500000  7.100000  7.700000  0.200000  
0.125000  0.004167  0.037500  0.047917  0.191667  0.191667  0.177083  0.100000  0.118750  0.095833  0.033333  0.152083  0.170833  0.045833  0.004167  0.116667  0.047917  0.187500  0.164583  0.175000  0.006250  0.185417  0.066667  0.154167  0.166667  0.095833  0.183333  0.062500  0.206250  0.166667  0.183333  0.145833  0.202083  0.070833  0.035417  
0.075269  0.010753  0.009677  0.003226  0.040860  0.023656  0.046237  0.083871  0.100000  0.073118  0.046237  0.056989  0.047312  0.038710  0.063441  0.046237  0.000000  0.009677  0.048387  0.086022  0.073118  0.086022  0.001075  0.017204  0.073118  0.091398  0.064516  0.076344  0.088172  0.003226  0.036559  0.051613  0.024731  0.005376  0.087097  
0.406250  0.375000  0.243750  0.356250  0.525000  0.487500  0.143750  0.237500  0.600000  0.100000  0.106250  0.412500  0.412500  0.587500  0.381250  0.306250  0.600000  0.318750  0.600000  0.206250  0.150000  0.475000  0.287500  0.268750  0.012500  0.300000  0.543750  0.081250  0.393750  0.406250  0.387500  0.537500  0.612500  0.206250  0.506250  
0.175676  0.167568  0.100000  0.083784  0.251351  0.189189  0.072973  0.162162  0.102703  0.078378  0.100000  0.145946  0.156757  0.070270  0.224324  0.259459  0.189189  0.178378  0.167568  0.054054  0.254054  0.127027  0.048649  0.040541  0.175676  0.218919  0.091892  0.005405  0.254054  0.029730  0.221622  0.132432  0.124324  0.262162  0.110811  
0.054839  0.062903  0.017742  0.093548  0.140323  0.154839  0.072581  0.120968  0.051613  0.058065  0.046774  0.100000  0.130645  0.150000  0.014516  0.070968  0.058065  0.025806  0.012903  0.114516  0.070968  0.032258  0.151613  0.109677  0.043548  0.090323  0.153226  0.088710  0.088710  0.098387  0.040323  0.000000  0.103226  0.117742  0.096774  
0.544444  0.477778  0.383333  0.138889  0.516667  0.444444  0.100000  0.438889  0.527778  0.294444  0.233333  0.077778  0.100000  0.061111  0.394444  0.255556  0.511111  0.522222  0.183333  0.272222  0.327778  0.211111  0.277778  0.244444  0.211111  0.455556  0.333333  0.072222  0.222222  0.338889  0.494444  0.233333  0.077778  0.405556  0.555556  
0.115294  0.029412  0.041176  0.096471  0.025882  0.027059  0.065882  0.117647  0.078824  0.065882  0.045882  0.103529  0.005882  0.100000  0.061176  0.091765  0.098824  0.045882  0.025882  0.014118  0.041176  0.010588  0.104706  0.111765  0.117647  0.058824  0.034118  0.107059  0.117647  0.060000  0.015294  0.100000  0.062353  0.028235  0.054118  
0.058140  0.204651  0.167442  0.141860  0.065116  0.004651  0.193023  0.167442  0.181395  0.181395  0.037209  0.093023  0.188372  0.118605  0.100000  0.016279  0.053488  0.223256  0.025581  0.025581  0.179070  0.125581  0.016279  0.165116  0.104651  0.013953  0.004651  0.034884  0.132558  0.155814  0.051163  0.179070  0.065116  0.220930  0.179070  
0.046429  0.078571  0.039286  0.015476  0.101190  0.080952  0.103571  0.077381  0.105952  0.022619  0.095238  0.055952  0.095238  0.034524  0.016667  0.100000  0.090476  0.004762  0.005952  0.040476  0.101190  0.034524  0.057143  0.033333  0.077381  0.014286  0.100000  0.108333  0.096429  0.041667  0.101190  0.080952  0.075000  0.030952  0.029762  
0.036000  0.004000  0.094667  0.106667  0.025333  0.016000  0.068000  0.022667  0.106667  0.122667  0.048000  0.004000  0.114667  0.005333  0.113333  0.070667  0.100000  0.124000  0.058667  0.124000  0.094667  0.100000  0.077333  0.084000  0.133333  0.070667  0.080000  0.058667  0.069333  0.045333  0.088000  0.049333  0.029333  0.034667  0.062667  
0.493333  0.240000  0.066667  0.506667  0.033333  0.453333  0.080000  0.620000  0.460000  0.113333  0.486667  0.646667  0.480000  0.660000  0.166667  0.606667  0.646667  0.100000  0.066667  0.300000  0.640000  0.340000  0.160000  0.646667  0.300000  0.273333  0.080000  0.086667  0.246667  0.526667  0.240000  0.326667  0.246667  0.086667  0.326667  
0.094253  0.032184  0.031034  0.037931  0.105747  0.026437  0.050575  0.088506  0.066667  0.013793  0.039080  0.109195  0.097701  0.027586  0.105747  0.027586  0.019540  0.056322  0.100000  0.111494  0.065517  0.047126  0.028736  0.064368  0.105747  0.034483  0.101149  0.006897  0.074713  0.056322  0.037931  0.001149  0.022989  0.080460  0.025287  
0.046154  0.051282  0.215385  0.235897  0.058974  0.192308  0.210256  0.133333  0.046154  0.248718  0.241026  0.064103  0.220513  0.146154  0.169231  0.117949  0.205128  0.092308  0.200000  0.100000  0.197436  0.148718  0.010256  0.020513  0.153846  0.012821  0.123077  0.130769  0.220513  0.035897  0.053846  0.187179  0.161538  0.025641  0.084615  
9.500000  8.500000  2.100000  5.500000  1.700000  0.300000  4.600000  0.600000  4.300000  5.400000  6.700000  0.500000  0.700000  3.700000  1.000000  7.600000  9.300000  1.100000  7.800000  2.200000  0.100000  6.600000  0.200000  10.000000  6.400000  5.600000  0.300000  4.500000  5.900000  4.500000  3.600000  2.500000  6.400000  3.600000  6.600000  
0.075000  0.062500  1.125000  0.462500  0.262500  1.100000  0.687500  1.150000  0.237500  0.212500  0.050000  0.350000  0.087500  0.937500  0.362500  0.987500  1.187500  0.550000  0.025000  0.325000  0.112500  0.100000  0.187500  1.200000  0.225000  0.637500  0.237500  0.062500  0.537500  0.512500  0.675000  0.937500  0.775000  0.775000  0.675000  
0.092500  0.112500  0.053750  0.077500  0.085000  0.035000  0.080000  0.041250  0.056250  0.096250  0.073750  0.011250  0.046250  0.012500  0.028750  0.095000  0.083750  0.052500  0.101250  0.103750  0.018750  0.075000  0.100000  0.083750  0.092500  0.121250  0.050000  0.036250  0.081250  0.073750  0.020000  0.051250  0.125000  0.096250  0.027500  
0.133333  0.115789  0.135088  0.024561  0.128070  0.126316  0.082456  0.171930  0.010526  0.064912  0.007018  0.019298  0.110526  0.019298  0.042105  0.147368  0.052632  0.117544  0.085965  0.073684  0.105263  0.105263  0.115789  0.100000  0.056140  0.124561  0.164912  0.171930  0.131579  0.080702  0.091228  0.000000  0.098246  0.129825  0.040351  
0.035821  0.062687  0.089552  0.079104  0.053731  0.050746  0.085075  0.029851  0.110448  0.102985  0.126866  0.076119  0.091045  0.101493  0.074627  0.126866  0.138806  0.101493  0.129851  0.104478  0.137313  0.094030  0.079104  0.126866  0.100000  0.062687  0.123881  0.146269  0.034328  0.128358  0.091045  0.113433  0.067164  0.064179  0.117910  
0.069565  0.066667  0.133333  0.068116  0.062319  0.059420  0.026087  0.107246  0.042029  0.136232  0.002899  0.105797  0.005797  0.020290  0.043478  0.084058  0.086957  0.139130  0.065217  0.143478  0.114493  0.044928  0.047826  0.084058  0.124638  0.100000  0.002899  0.086957  0.031884  0.120290  0.142029  0.108696  0.120290  0.059420  0.128986  
5.900000  3.100000  2.300000  3.200000  4.100000  1.500000  1.300000  5.200000  4.600000  5.800000  8.600000  9.700000  8.400000  3.800000  6.300000  5.800000  8.600000  3.100000  6.000000  4.500000  8.900000  1.800000  5.700000  0.100000  4.900000  9.600000  0.100000  4.300000  4.300000  9.500000  4.400000  7.000000  9.700000  1.300000  2.200000  
0.067742  0.011828  0.034409  0.066667  0.049462  0.023656  0.011828  0.034409  0.051613  0.013978  0.043011  0.079570  0.072043  0.038710  0.036559  0.066667  0.043011  0.035484  0.055914  0.054839  0.011828  0.104301  0.004301  0.087097  0.015054  0.025806  0.020430  0.100000  0.083871  0.056989  0.001075  0.010753  0.103226  0.062366  0.098925  
0.127941  0.139706  0.097059  0.016176  0.117647  0.111765  0.122059  0.126471  0.045588  0.110294  0.047059  0.030882  0.098529  0.022059  0.069118  0.036765  0.036765  0.076471  0.104412  0.027941  0.032353  0.064706  0.080882  0.057353  0.002941  0.117647  0.050000  0.019118  0.100000  0.135294  0.067647  0.142647  0.108824  0.063235  0.138235  
0.111111  0.071429  0.063492  0.114286  0.073016  0.087302  0.114286  0.036508  0.134921  0.007937  0.025397  0.122222  0.128571  0.004762  0.128571  0.066667  0.093651  0.063492  0.136508  0.023810  0.031746  0.112698  0.052381  0.082540  0.080952  0.123810  0.111111  0.155556  0.012698  0.100000  0.060317  0.066667  0.000000  0.082540  0.000000  
0.270833  0.320833  0.133333  0.150000  0.062500  0.137500  0.158333  0.175000  0.383333  0.233333  0.070833  0.083333  0.350000  0.345833  0.366667  0.379167  0.170833  0.304167  0.291667  0.004167  0.225000  0.179167  0.287500  0.266667  0.370833  0.325000  0.012500  0.108333  0.075000  0.241667  0.100000  0.083333  0.133333  0.158333  0.004167  
4.200000  6.900000  2.500000  0.800000  8.500000  3.400000  0.600000  1.600000  7.100000  2.100000  5.500000  5.000000  5.000000  5.400000  4.000000  8.000000  8.200000  9.300000  4.600000  7.600000  2.600000  7.800000  6.600000  4.100000  8.100000  4.900000  9.400000  7.000000  3.700000  3.200000  9.300000  0.100000  4.600000  6.000000  8.600000  
0.006383  0.006383  0.014894  0.035106  0.062766  0.085106  0.039362  0.073404  0.055319  0.104255  0.035106  0.017021  0.012766  0.045745  0.064894  0.061702  0.034043  0.093617  0.064894  0.095745  0.029787  0.041489  0.024468  0.047872  0.071277  0.093617  0.006383  0.035106  0.035106  0.027660  0.035106  0.041489  0.100000  0.053191  0.023404  
0.017500  0.042500  0.230000  0.035000  0.045000  0.127500  0.007500  0.210000  0.187500  0.107500  0.117500  0.047500  0.035000  0.137500  0.240000  0.095000  0.117500  0.197500  0.047500  0.102500  0.012500  0.152500  0.155000  0.175000  0.105000  0.025000  0.022500  0.022500  0.175000  0.110000  0.237500  0.142500  0.240000  0.100000  0.220000  
0.141463  0.112195  0.046341  0.124390  0.029268  0.009756  0.207317  0.107317  0.156098  0.056098  0.185366  0.031707  0.209756  0.204878  0.160976  0.212195  0.124390  0.209756  0.124390  0.231707  0.197561  0.075610  0.178049  0.124390  0.075610  0.031707  0.221951  0.163415  0.082927  0.231707  0.051220  0.231707  0.024390  0.234146  0.100000  
0.000362  0.000362  0.000418  0.000558  0.000391  0.000425  0.003155  0.000455  0.000327  0.000789  0.000519  0.000401  0.000744  0.000342  0.000481  0.000344  0.000364  0.000815  0.000338  0.000505  0.003155  0.001115  0.000353  0.000418  0.000385  0.000380  0.003155  0.000327  0.000383  0.000397  0.000644  0.003155  0.000325  0.000499  0.000493  