0.100000  0.000000  0.023750  0.087500  0.063750  0.068750  0.022500  0.077500  0.017500  0.077500  0.070000  0.000000  0.035000  0.053750  0.068750  0.005000  0.043750  0.001250  0.071250  0.022500  0.112500  0.013750  0.123750  0.087500  0.001250  0.097500  0.038750  0.077500  0.048750  0.058750  0.035000  0.042500  0.082500  0.081250  0.000000  
0.038554  0.100000  0.061446  0.061446  0.107229  0.015663  0.090361  0.015663  0.003614  0.048193  0.051807  0.019277  0.112048  0.034940  0.077108  0.112048  0.062651  0.018072  0.026506  0.114458  0.101205  0.012048  0.075904  0.085542  0.093976  0.057831  0.060241  0.045783  0.071084  0.030120  0.073494  0.008434  0.044578  0.040964  0.046988  
0.057576  0.100000  0.100000  0.082828  0.058586  0.051515  0.011111  0.014141  0.021212  0.072727  0.087879  0.048485  0.098990  0.071717  0.100000  0.029293  0.021212  0.020202  0.053535  0.060606  0.092929  0.024242  0.055556  0.040404  0.048485  0.041414  0.027273  0.065657  0.092929  0.033333  0.068687  0.018182  0.065657  0.055556  0.094949  
0.345000  0.030000  0.030000  0.100000  0.320000  0.345000  0.390000  0.025000  0.145000  0.025000  0.060000  0.185000  0.405000  0.460000  0.255000  0.465000  0.100000  0.230000  0.445000  0.320000  0.350000  0.220000  0.480000  0.075000  0.285000  0.285000  0.325000  0.325000  0.350000  0.000000  0.465000  0.470000  0.460000  0.240000  0.105000  
0.097826  0.115217  0.202174  0.084783  0.100000  0.147826  0.167391  0.200000  0.056522  0.210870  0.210870  0.189130  0.136957  0.163043  0.019565  0.173913  0.047826  0.213043  0.073913  0.121739  0.071739  0.123913  0.204348  0.121739  0.021739  0.213043  0.167391  0.119565  0.132609  0.032609  0.108696  0.067391  0.176087  0.041304  0.186957  
0.035714  0.671429  0.407143  0.250000  0.450000  0.100000  0.571429  0.078571  0.614286  0.492857  0.571429  0.392857  0.300000  0.114286  0.571429  0.164286  0.092857  0.692857  0.550000  0.700000  0.528571  0.164286  0.364286  0.157143  0.392857  0.278571  0.657143  0.471429  0.300000  0.642857  0.400000  0.357143  0.314286  0.407143  0.228571  
0.258621  0.031034  0.272414  0.282759  0.037931  0.031034  0.100000  0.172414  0.213793  0.286207  0.300000  0.131034  0.175862  0.189655  0.124138  0.041379  0.289655  0.227586  0.075862  0.293103  0.244828  0.334483  0.065517  0.317241  0.044828  0.296552  0.189655  0.062069  0.031034  0.120690  0.344828  0.020690  0.048276  0.172414  0.189655  
0.461538  0.753846  0.384615  0.707692  0.338462  0.084615  0.192308  0.100000  0.707692  0.315385  0.346154  0.446154  0.346154  0.546154  0.576923  0.200000  0.253846  0.438462  0.038462  0.676923  0.715385  0.338462  0.338462  0.053846  0.092308  0.746154  0.476923  0.223077  0.769231  0.246154  0.661538  0.053846  0.484615  0.669231  0.730769  
0.138889  0.141667  0.152778  0.186111  0.161111  0.072222  0.066667  0.205556  0.100000  0.247222  0.219444  0.075000  0.138889  0.255556  0.261111  0.111111  0.005556  0.233333  0.183333  0.252778  0.136111  0.180556  0.063889  0.094444  0.258333  0.213889  0.091667  0.086111  0.011111  0.155556  0.038889  0.211111  0.111111  0.044444  0.077778  
0.033333  0.555556  0.188889  0.200000  0.377778  0.900000  0.444444  0.066667  0.177778  0.100000  0.577778  0.855556  0.744444  0.322222  0.666667  1.011111  0.433333  0.155556  0.355556  0.433333  1.044444  0.233333  0.544444  0.522222  0.811111  1.011111  0.777778  0.666667  0.466667  0.555556  0.422222  0.344444  0.900000  0.322222  0.466667  
0.089888  0.021348  0.071910  0.088764  0.062921  0.013483  0.040449  0.098876  0.028090  0.107865  0.100000  0.040449  0.105618  0.020225  0.014607  0.112360  0.040449  0.107865  0.093258  0.068539  0.026966  0.002247  0.048315  0.104494  0.100000  0.057303  0.051685  0.079775  0.098876  0.019101  0.047191  0.091011  0.044944  0.013483  0.025843  
0.103448  0.268966  0.144828  0.075862  0.206897  0.282759  0.289655  0.286207  0.227586  0.044828  0.244828  0.100000  0.010345  0.113793  0.131034  0.258621  0.258621  0.062069  0.227586  0.106897  0.155172  0.013793  0.127586  0.037931  0.200000  0.151724  0.017241  0.027586  0.275862  0.172414  0.210345  0.206897  0.334483  0.193103  0.031034  
0.042593  0.035185  0.120370  0.055556  0.081481  0.029630  0.153704  0.029630  0.051852  0.068519  0.016667  0.005556  0.100000  0.000000  0.081481  0.083333  0.074074  0.044444  0.070370  0.022222  0.150000  0.111111  0.109259  0.127778  0.068519  0.166667  0.051852  0.166667  0.175926  0.175926  0.175926  0.125926  0.083333  0.144444  0.003704  
0.024742  0.098969  0.018557  0.016495  0.086598  0.000000  0.000000  0.049485  0.091753  0.073196  0.072165  0.032990  0.029897  0.100000  0.100000  0.072165  0.062887  0.061856  0.053608  0.017526  0.050515  0.036082  0.083505  0.046392  0.051546  0.094845  0.052577  0.084536  0.021649  0.041237  0.097938  0.074227  0.045361  0.077320  0.030928  
0.227778  0.158333  0.236111  0.172222  0.213889  0.063889  0.147222  0.177778  0.225000  0.238889  0.213889  0.136111  0.002778  0.022222  0.100000  0.105556  0.255556  0.091667  0.244444  0.222222  0.122222  0.197222  0.097222  0.025000  0.211111  0.211111  0.225000  0.191667  0.077778  0.211111  0.230556  0.069444  0.066667  0.036111  0.030556  
0.116667  0.135714  0.042857  0.014286  0.200000  0.166667  0.064286  0.145238  0.238095  0.180952  0.233333  0.223810  0.061905  0.100000  0.066667  0.100000  0.073810  0.150000  0.192857  0.190476  0.185714  0.028571  0.097619  0.083333  0.066667  0.026190  0.085714  0.078571  0.152381  0.092857  0.114286  0.126190  0.123810  0.211905  0.059524  
0.140678  0.098305  0.050847  0.089831  0.049153  0.018644  0.157627  0.155932  0.105085  0.145763  0.074576  0.025424  0.094915  0.020339  0.042373  0.047458  0.100000  0.010169  0.089831  0.040678  0.089831  0.079661  0.084746  0.161017  0.005085  0.069492  0.015254  0.028814  0.059322  0.032203  0.022034  0.162712  0.000000  0.006780  0.142373  
0.181579  0.178947  0.139474  0.092105  0.071053  0.023684  0.050000  0.181579  0.236842  0.044737  0.200000  0.242105  0.021053  0.247368  0.042105  0.094737  0.131579  0.100000  0.210526  0.242105  0.100000  0.060526  0.118421  0.234211  0.126316  0.068421  0.097368  0.060526  0.036842  0.052632  0.128947  0.118421  0.107895  0.010526  0.052632  
0.132353  0.114706  0.094118  0.079412  0.176471  0.188235  0.150000  0.170588  0.197059  0.155882  0.185294  0.217647  0.152941  0.264706  0.108824  0.200000  0.155882  0.032353  0.100000  0.164706  0.194118  0.141176  0.167647  0.129412  0.294118  0.211765  0.152941  0.235294  0.161765  0.158824  0.141176  0.205882  0.129412  0.188235  0.123529  
0.317391  0.160870  0.286957  0.217391  0.265217  0.082609  0.160870  0.278261  0.330435  0.352174  0.256522  0.126087  0.330435  0.400000  0.265217  0.182609  0.247826  0.256522  0.239130  0.100000  0.082609  0.021739  0.147826  0.126087  0.421739  0.178261  0.321739  0.378261  0.334783  0.356522  0.365217  0.165217  0.321739  0.273913  0.152174  
0.072581  0.045161  0.040323  0.096774  0.141935  0.046774  0.070968  0.029032  0.130645  0.012903  0.117742  0.074194  0.103226  0.108065  0.003226  0.053226  0.059677  0.074194  0.080645  0.159677  0.100000  0.025806  0.008065  0.133871  0.095161  0.006452  0.090323  0.030645  0.079032  0.056452  0.161290  0.012903  0.159677  0.143548  0.111290  
0.015278  0.122222  0.098611  0.055556  0.051389  0.013889  0.063889  0.016667  0.131944  0.119444  0.088889  0.083333  0.136111  0.098611  0.045833  0.044444  0.001389  0.100000  0.012500  0.080556  0.123611  0.100000  0.034722  0.058333  0.043056  0.016667  0.129167  0.083333  0.077778  0.044444  0.134722  0.072222  0.029167  0.027778  0.086111  
0.013580  0.025926  0.066667  0.087654  0.017284  0.103704  0.103704  0.055556  0.054321  0.061728  0.087654  0.020988  0.014815  0.083951  0.086420  0.033333  0.028395  0.027160  0.062963  0.098765  0.092593  0.054321  0.100000  0.028395  0.109877  0.114815  0.040741  0.112346  0.009877  0.049383  0.050617  0.118519  0.053086  0.093827  0.019753  
0.051546  0.072165  0.017526  0.093814  0.001031  0.067010  0.014433  0.076289  0.084536  0.096907  0.047423  0.010309  0.009278  0.041237  0.088660  0.061856  0.072165  0.046392  0.103093  0.059794  0.096907  0.074227  0.088660  0.100000  0.098969  0.020619  0.087629  0.046392  0.057732  0.011340  0.083505  0.015464  0.095876  0.096907  0.006186  
0.063636  0.005051  0.022222  0.071717  0.060606  0.002020  0.003030  0.030303  0.060606  0.027273  0.035354  0.020202  0.043434  0.075758  0.098990  0.030303  0.040404  0.041414  0.044444  0.007071  0.021212  0.013131  0.043434  0.051515  0.100000  0.076768  0.075758  0.032323  0.059596  0.006061  0.048485  0.002020  0.017172  0.080808  0.046465  
0.062921  0.065169  0.068539  0.094382  0.076404  0.059551  0.078652  0.082022  0.052809  0.047191  0.057303  0.005618  0.108989  0.098876  0.058427  0.061798  0.096629  0.025843  0.100000  0.073034  0.080899  0.112360  0.084270  0.098876  0.060674  0.100000  0.058427  0.080899  0.011236  0.022472  0.075281  0.014607  0.033708  0.016854  0.017978  
0.150000  0.089062  0.115625  0.023438  0.131250  0.081250  0.067188  0.015625  0.014062  0.010937  0.087500  0.150000  0.109375  0.054688  0.098438  0.153125  0.009375  0.053125  0.134375  0.120312  0.032812  0.146875  0.112500  0.046875  0.132812  0.098438  0.100000  0.085938  0.050000  0.128125  0.067188  0.045313  0.003125  0.004688  0.135937  
0.029032  0.016129  0.040860  0.097849  0.081720  0.081720  0.023656  0.038710  0.067742  0.095699  0.050538  0.086022  0.106452  0.062366  0.061290  0.082796  0.083871  0.094624  0.002151  0.070968  0.072043  0.002151  0.104301  0.076344  0.034409  0.006452  0.013978  0.100000  0.005376  0.107527  0.093548  0.065591  0.017204  0.051613  0.068817  
0.208333  0.181250  0.075000  0.041667  0.010417  0.206250  0.164583  0.022917  0.141667  0.206250  0.060417  0.058333  0.147917  0.054167  0.033333  0.075000  0.110417  0.060417  0.141667  0.106250  0.177083  0.162500  0.189583  0.116667  0.018750  0.114583  0.077083  0.060417  0.100000  0.012500  0.116667  0.106250  0.162500  0.000000  0.156250  
0.215789  0.065789  0.089474  0.010526  0.260526  0.105263  0.215789  0.244737  0.007895  0.226316  0.207895  0.144737  0.078947  0.142105  0.086842  0.234211  0.257895  0.176316  0.215789  0.160526  0.060526  0.189474  0.013158  0.086842  0.076316  0.210526  0.155263  0.252632  0.036842  0.100000  0.036842  0.163158  0.186842  0.063158  0.028947  
0.246667  0.500000  0.193333  0.473333  0.353333  0.280000  0.653333  0.346667  0.573333  0.206667  0.020000  0.560000  0.500000  0.413333  0.180000  0.020000  0.366667  0.613333  0.300000  0.446667  0.366667  0.046667  0.193333  0.393333  0.626667  0.146667  0.606667  0.306667  0.586667  0.286667  0.100000  0.093333  0.273333  0.086667  0.266667  
0.433333  1.366667  0.383333  1.150000  1.433333  0.333333  0.683333  1.033333  0.550000  0.600000  1.250000  1.400000  0.683333  0.700000  1.283333  0.716667  0.383333  0.633333  0.200000  0.033333  1.216667  0.183333  1.033333  1.116667  0.766667  1.366667  1.050000  0.300000  0.366667  1.400000  1.166667  0.100000  0.866667  1.450000  0.666667  
0.078082  0.043836  0.076712  0.054795  0.121918  0.067123  0.034247  0.083562  0.112329  0.052055  0.021918  0.038356  0.100000  0.098630  0.083562  0.036986  0.012329  0.008219  0.026027  0.026027  0.079452  0.078082  0.001370  0.091781  0.027397  0.097260  0.054795  0.126027  0.134247  0.080822  0.126027  0.031507  0.100000  0.127397  0.005479  
0.183673  0.036735  0.093878  0.116327  0.093878  0.181633  0.085714  0.173469  0.006122  0.197959  0.140816  0.134694  0.204082  0.146939  0.197959  0.091837  0.002041  0.026531  0.187755  0.161224  0.053061  0.077551  0.067347  0.030612  0.055102  0.059184  0.167347  0.034694  0.002041  0.191837  0.059184  0.042857  0.120408  0.100000  0.144898  
0.266667  0.021212  0.115152  0.300000  0.287879  0.230303  0.072727  0.060606  0.072727  0.193939  0.184848  0.275758  0.133333  0.227273  0.154545  0.145455  0.012121  0.284848  0.009091  0.212121  0.154545  0.163636  0.209091  0.148485  0.090909  0.112121  0.060606  0.081818  0.024242  0.006061  0.172727  0.209091  0.236364  0.184848  0.100000  
0.000353  0.000346  0.000317  0.000705  0.000465  0.000843  0.000586  0.000875  0.000526  0.001052  0.000334  0.000586  0.000429  0.000320  0.000526  0.000487  0.000411  0.000512  0.000541  0.000658  0.000401  0.000372  0.000351  0.000320  0.000317  0.000334  0.000394  0.000327  0.000455  0.000512  0.000815  0.001288  0.000369  0.000451  0.000549  