10.000000  0.000118  0.000612  8.280381  0.002200  0.000682  0.002859  3.422163  0.005497  0.042489  0.786748  62.123680  0.142093  0.003875  0.464866  0.003174  
0.310280  10.000000  1.017776  8955.345703  0.327807  0.363554  0.084298  475.872620  1.627549  2.262511  81.214760  16.430716  103.067184  0.752037  803.933716  2.571831  
0.936584  0.589387  10.000000  548.988525  0.051300  0.076050  0.123232  7895.306152  0.836273  0.187046  3.855386  2538.640137  23.857800  0.613010  344.063568  0.149265  
0.000725  0.000297  0.000031  10.000000  0.000043  0.000004  0.000021  0.079284  0.000400  0.000027  0.024062  1.099104  0.004144  0.000001  0.009882  0.000092  
8.918812  0.503335  0.136022  1974.461914  10.000000  0.354620  0.258466  837.416626  3.618407  0.731946  48.867279  10074.294922  16.713173  0.918036  9.121332  0.220657  
9.926478  2.004382  0.724035  705.350464  1.273314  10.000000  4.542854  2103.930176  11.178273  4.342242  4.504045  14801.195312  0.862716  0.605178  587.431213  0.007371  
3.660977  0.040875  0.103185  303.330109  0.081621  0.399535  10.000000  78.759476  3.006018  3.425687  11.065465  1441.336426  0.281554  4.328266  17.746374  0.286066  
0.000247  0.000013  0.000373  0.065343  0.000015  0.000010  0.000004  10.000000  0.000332  0.000166  0.047469  0.184085  0.000445  0.000362  0.007855  0.000129  
0.115486  0.012950  0.011490  95.913383  0.018750  0.016132  0.049326  96.604546  10.000000  1.094936  0.288683  37.164021  0.226678  0.289460  13.638650  0.015810  
3.674851  0.074107  0.010580  26.562138  0.015614  0.025797  0.231409  199.156693  4.507467  10.000000  9.952236  165.339020  0.553244  1.749223  2.718434  0.011010  
0.039756  0.001554  0.000127  13.883144  0.000609  0.000016  0.000437  33.231369  0.000694  0.005815  10.000000  6.508096  0.061279  0.011884  0.200308  0.002672  
0.004105  0.000000  0.000110  0.829247  0.000164  0.000067  0.000074  0.168520  0.000117  0.000126  0.008510  10.000000  0.001010  0.000601  0.018601  0.000002  
0.134748  0.037015  0.014796  44.873730  0.003909  0.000056  0.000209  5.848020  0.010231  0.006066  1.149976  14.488207  10.000000  0.048811  0.425461  0.018761  
0.074551  0.005480  0.007713  0.240645  0.004357  0.000800  0.065043  96.463081  0.265086  0.389135  4.524985  175.042587  0.990352  10.000000  0.762133  0.011142  
0.008397  0.005499  0.004064  2.038120  0.000041  0.000729  0.000250  1.965517  0.011726  0.000568  0.071600  5.084628  0.008104  0.000715  10.000000  0.004778  
5.839982  1.791887  0.179588  1932.703857  0.100126  0.000931  0.411052  3291.996582  1.384446  0.234194  97.290985  45.112465  36.396488  1.065383  486.666809  10.000000  
0.005813  0.298715  0.227317  0.000054  0.370149  0.701395  0.208006  0.000049  0.026645  0.054062  0.001307  0.000047  0.005661  0.025499  0.000781  0.249339  