10.000000  1.619475  0.610865  9.396002  0.021048  11.532025  3.765012  0.315704  0.876340  1.429350  0.015394  742.046814  2.135708  0.122496  0.585398  1.233993  
0.343209  10.000000  3.555485  1.533388  0.028233  0.086827  3.472784  0.092924  0.144369  0.109579  0.001844  268.911713  0.521971  0.966027  0.019848  0.023306  
0.000207  0.005673  10.000000  0.048431  0.001080  0.085447  0.094736  0.002931  0.003615  0.015594  0.007203  4.166410  0.002033  0.112982  0.000164  0.501588  
0.031977  0.024624  0.487394  10.000000  0.000073  0.208842  0.118766  0.053909  0.000870  0.000531  0.003103  72.416588  0.067852  0.066583  0.012512  0.243326  
0.037957  0.240245  5.761196  0.038631  10.000000  0.229273  0.558350  1.077893  1.501819  0.035920  0.418594  2586.797852  0.377575  4.422786  0.005889  2.705603  
0.065734  0.002335  1.440304  0.349794  0.000725  10.000000  0.960086  0.002764  0.086367  0.001305  0.019025  4.934639  0.033518  0.372539  0.000735  0.007935  
0.002757  0.012000  0.205151  0.025556  0.000227  0.123342  10.000000  0.014680  0.019167  0.005929  0.026843  17.623644  0.001869  0.528097  0.001043  0.242352  
0.046452  0.064515  1.275424  2.330717  0.087947  0.071337  2.949632  10.000000  0.025254  0.027420  0.190328  168.464783  0.121835  3.564575  0.117870  0.189872  
0.393570  0.305941  4.800597  0.114791  0.374016  6.804741  11.754792  0.077082  10.000000  0.311374  0.011806  118.946548  0.363717  2.551559  0.048892  5.233144  
1.237120  0.447521  39.912247  0.135110  0.017240  0.198193  7.007376  0.161294  0.600075  10.000000  0.014458  58.980934  2.546388  0.387031  0.001417  0.501624  
0.004788  0.002706  6.625279  0.283620  0.072200  1.038122  11.401710  0.402344  0.008177  0.005196  10.000000  177.843536  0.355481  0.672091  0.006907  3.881110  
0.000050  0.000086  0.000838  0.001448  0.000098  0.000059  0.001638  0.000078  0.000018  0.000005  0.000039  10.000000  0.000545  0.000612  0.000029  0.000687  
0.569888  0.657217  1.604334  5.320079  0.055869  1.569051  0.681075  0.220951  0.216103  0.785052  0.304962  2137.441162  10.000000  0.351945  0.316765  0.870066  
0.000398  0.014806  1.085191  0.063547  0.007966  0.212280  2.342352  0.078688  0.018454  0.001452  0.007018  29.224016  0.004284  10.000000  0.000913  0.185191  
1.273202  0.203693  1.057397  7.996246  0.007103  0.280383  3.097383  1.742320  0.236776  0.003562  0.048295  915.369751  2.581878  0.611246  10.000000  10.299629  
0.007214  0.000643  8.670969  0.417973  0.008771  0.008138  1.934686  0.007544  0.068118  0.003388  0.072944  58.998760  0.019061  0.333307  0.027684  10.000000  
0.299678  0.137958  0.005511  0.017482  0.402432  0.022625  0.008110  0.114952  0.200830  0.278799  0.167134  0.000078  0.154803  0.017079  0.441955  0.022913  