10.000000  0.001668  0.002098  0.217834  2770.954346  0.112902  1.628940  0.062040  0.056739  0.273725  0.110718  0.375066  0.196434  0.007428  123.304337  4.642702  
0.003169  10.000000  0.050055  0.073102  46504.960938  0.317712  2.601801  0.020590  0.033123  0.251745  0.102502  0.650109  0.526714  0.056308  305.175171  27.401684  
0.005655  0.070993  10.000000  0.342875  9947.353516  0.022877  0.546883  0.079240  0.128700  0.238677  0.021456  0.317269  0.099971  0.031252  128.232758  19.094759  
1.365094  0.241080  0.797262  10.000000  22730.800781  0.191424  8.429115  0.074477  0.116490  0.480352  0.013533  0.525123  2.199492  0.153243  6.749885  343.199768  
0.000000  0.000003  0.000000  0.000000  10.000000  0.000003  0.000000  0.000000  0.000007  0.000001  0.000002  0.000001  0.000035  0.000001  0.001422  0.001911  
0.146581  0.217072  0.011020  0.039658  35028.558594  10.000000  0.070554  0.007247  0.575045  0.068412  0.218288  0.366725  0.151271  0.064851  41.308071  83.007332  
0.117023  0.098363  0.014578  0.096630  266.884491  0.003904  10.000000  0.006560  0.018737  0.000597  0.051845  0.012581  0.164776  0.017801  8.194885  70.900223  
9.887453  1.726918  4.685831  1.894088  236756.781250  0.889552  14.551950  10.000000  1.915280  0.549216  3.085398  21.284588  22.566040  1.558501  3809.091064  896.084290  
0.029029  0.008918  0.024432  0.009511  36294.203125  0.226610  0.133442  0.006149  10.000000  0.027028  0.536248  0.031730  0.633090  0.015392  36.642223  202.263916  
1.140812  0.552147  0.369095  0.319464  31560.531250  0.219613  0.034615  0.014362  0.220169  10.000000  0.032119  2.240311  1.297583  0.041670  466.187408  27.944937  
0.141896  0.069132  0.010203  0.002768  19907.207031  0.215479  0.924900  0.024811  1.343274  0.009877  10.000000  0.321648  0.430954  0.191978  99.045097  14.699191  
0.027511  0.025094  0.008635  0.006146  1030.946045  0.020718  0.012845  0.009796  0.004549  0.039428  0.018409  10.000000  0.480557  0.003765  41.244919  18.443960  
0.002708  0.003821  0.000511  0.004838  4602.451660  0.001606  0.031617  0.001952  0.017057  0.004292  0.004635  0.090312  10.000000  0.006317  13.272035  1.636614  
0.076238  0.304131  0.119017  0.250983  115765.710938  0.512677  2.543191  0.100368  0.308776  0.102619  1.537448  0.526770  4.703742  10.000000  1709.949219  869.907532  
0.000372  0.000484  0.000144  0.000003  40.744953  0.000096  0.000344  0.000072  0.000216  0.000337  0.000233  0.001696  0.002905  0.000503  10.000000  0.046680  
0.000013  0.000042  0.000021  0.000159  52.784966  0.000186  0.002869  0.000016  0.001149  0.000019  0.000033  0.000731  0.000345  0.000246  0.044986  10.000000  
0.059738  0.082348  0.098070  0.149544  0.000001  0.068067  0.016012  0.754152  0.042730  0.121956  0.067628  0.016179  0.007014  0.191382  0.000104  0.000102  