10.000000  0.000031  0.010034  0.000574  0.000288  0.140045  45.876263  0.003822  0.007265  0.000712  0.055737  0.000267  0.000584  0.000343  0.006420  5.642123  
35.802307  10.000000  448.279877  0.096732  43.178680  87.114296  705.668518  29.256664  2.071904  0.397809  162.759979  0.789457  0.240444  6.096583  4.849363  6229.828613  
0.028174  0.001081  10.000000  0.003571  0.016212  0.008812  2.619386  0.013385  0.002171  0.000424  0.074431  0.000139  0.003010  0.005610  0.004685  8.946523  
79.289894  0.011482  175.797302  10.000000  4.737287  2.374763  758.552856  2.173892  0.086138  0.603363  15.162252  0.042150  0.878360  0.319075  0.309812  4398.846680  
0.345761  0.044495  6.928523  0.041126  10.000000  0.019607  264.338409  0.111368  0.000938  0.010937  0.831335  0.000698  0.068223  0.106537  0.019194  22.305119  
3.754154  0.002005  0.084126  0.000461  0.000438  10.000000  43.627228  0.043765  0.024251  0.001781  0.338852  0.001570  0.000221  0.003332  0.010378  2.272139  
0.040152  0.000001  0.000816  0.000005  0.000193  0.001424  10.000000  0.000906  0.000038  0.000004  0.000483  0.000023  0.000011  0.000022  0.000183  0.075414  
0.967398  0.006359  1.206508  0.003981  0.023490  0.413207  261.948059  10.000000  0.080419  0.004525  0.317706  0.008535  0.024512  0.005902  0.006229  32.107700  
198.504898  0.048614  21.123003  0.017027  0.021368  24.717169  1175.349487  8.681383  10.000000  0.076105  8.748054  0.017647  0.469864  0.011347  1.646451  75.722374  
156.654007  0.075213  33.218559  0.961045  2.006702  14.628846  914.205627  3.936075  0.613259  10.000000  15.567723  0.004357  1.136418  0.423867  0.075038  8404.803711  
1.556888  0.003904  0.740429  0.003064  0.019352  0.353083  15.399186  0.035063  0.008943  0.001975  10.000000  0.002446  0.001185  0.011588  0.097162  46.729237  
501.523254  1.272081  92.923882  0.572176  1.092109  109.895950  49951.726562  63.277725  1.211874  0.037136  164.281433  10.000000  0.478919  0.107532  8.854386  9526.891602  
80.587654  0.028471  147.796387  0.876204  7.839298  1.137764  1733.333496  13.354133  2.371207  0.711714  5.850951  0.035194  10.000000  1.526432  2.434926  7001.443359  
3.736824  0.057056  21.774178  0.025157  0.967558  1.354518  278.260284  0.254146  0.004526  0.020981  4.521139  0.000625  0.120645  10.000000  0.011044  112.956917  
27.855762  0.018069  7.238934  0.009725  0.069405  1.679803  905.765930  0.106791  0.261467  0.001479  15.092987  0.020475  0.076623  0.004397  10.000000  93.982689  
0.012630  0.000012  0.007133  0.000071  0.000042  0.000190  0.192891  0.000284  0.000006  0.000085  0.003745  0.000011  0.000114  0.000023  0.000048  10.000000  
0.000441  0.475459  0.000738  0.163810  0.015263  0.002281  0.000013  0.007010  0.072830  0.206739  0.002329  0.603541  0.163609  0.045996  0.029023  0.000021  