10.000000  0.035001  0.016608  0.016679  0.032211  1.196885  414.574982  0.004611  177.825424  9.398437  23.910831  0.008175  44.769611  34.394112  0.034708  1.132602  
3.262843  10.000000  1.636430  0.163984  0.015011  2.154162  10485.935547  0.075973  388.560089  63.431084  71.239540  0.697654  489.771637  236.808395  0.273324  5.835150  
0.777953  0.822274  10.000000  0.210394  0.207525  5.118781  1089.277832  0.463248  6129.203125  60.537304  10.287486  1.495981  79.454941  186.508606  0.232139  9.434293  
1.320480  0.139268  0.355605  10.000000  0.521800  14.110017  1336.939697  0.120230  7609.617188  480.557251  51.196690  0.625152  591.918579  1.361835  0.009050  2.767039  
0.881442  0.004406  0.121234  0.180353  10.000000  2.685410  2503.172363  0.024617  824.394653  24.150017  65.334602  0.128860  362.734741  72.829742  0.015426  2.430680  
0.295504  0.005705  0.026980  0.044002  0.024229  10.000000  197.296555  0.001927  160.823074  6.085243  1.014596  0.036182  25.635954  1.778936  0.007040  0.368585  
0.000004  0.000001  0.000000  0.000000  0.000001  0.000008  10.000000  0.000002  0.036515  0.000240  0.000180  0.000015  0.001943  0.003983  0.000001  0.000261  
0.578991  0.102337  1.241853  0.190694  0.112965  0.980159  22976.117188  10.000000  10571.914062  103.407204  94.099403  0.917645  2550.631348  69.924843  0.175245  1.151869  
0.000010  0.000000  0.000008  0.000006  0.000002  0.000038  0.225336  0.000005  10.000000  0.000492  0.001400  0.000071  0.008766  0.005254  0.000001  0.000078  
0.002781  0.000201  0.000382  0.001796  0.000261  0.007294  7.474714  0.000244  2.482708  10.000000  0.000238  0.000050  1.708365  0.067969  0.000592  0.007817  
0.015075  0.000482  0.000138  0.000408  0.001505  0.002591  11.922463  0.000472  15.050892  0.000507  10.000000  0.000203  0.114418  0.135564  0.001772  0.007339  
0.089960  0.082357  0.351454  0.086895  0.051821  1.612707  17154.775391  0.080419  13306.910156  1.854897  3.538361  10.000000  362.910675  13.604294  0.158937  0.213233  
0.000718  0.000084  0.000027  0.000120  0.000213  0.001666  3.279442  0.000326  2.397995  0.092622  0.002912  0.000529  10.000000  0.218990  0.000176  0.014775  
0.004115  0.000304  0.000476  0.000002  0.000318  0.000862  50.138523  0.000067  10.715697  0.027476  0.025724  0.000148  1.632799  10.000000  0.000005  0.006123  
1.585406  0.133927  0.226370  0.005222  0.025749  1.302549  2776.926025  0.063747  482.197876  91.377846  128.404373  0.659712  501.782837  1.954112  10.000000  2.133537  
0.041321  0.002284  0.007348  0.001275  0.003241  0.054466  1003.454285  0.000335  48.718391  0.963645  0.424709  0.000707  33.596012  1.867372  0.001704  10.000000  
0.039049  0.377019  0.267253  0.347448  0.204267  0.019403  0.000004  0.437574  0.000009  0.000672  0.000980  0.129537  0.000156  0.000427  0.263912  0.007459  