10.000000  0.004682  0.001206  0.000151  9.371047  0.031672  0.192930  0.000481  1.695037  0.000032  0.006057  0.000253  0.001460  0.001942  0.000190  0.070130  
2.357183  10.000000  0.020266  0.060778  22.516850  0.201500  0.434785  0.007219  5.513537  0.012421  0.417965  0.025917  0.004737  0.153793  0.049851  0.943088  
157.882736  5.269588  10.000000  0.027547  1499.877686  0.693931  18.155159  0.050741  13.481606  0.152458  28.244570  0.572001  0.064156  0.904074  0.095844  10.589785  
17.033213  13.587259  0.023683  10.000000  291.790436  4.698768  145.073624  1.206494  256.449738  0.879042  0.015001  0.329466  0.367726  0.659434  0.096643  3.016714  
0.013235  0.000063  0.000016  0.000004  10.000000  0.002090  0.012428  0.000003  0.018998  0.000022  0.000634  0.000007  0.000086  0.000004  0.000021  0.000384  
27.220003  0.343947  0.004555  0.035877  1271.661987  10.000000  4.595034  0.016082  5.864488  0.008507  1.252337  0.078306  0.033130  0.012458  0.030141  1.850438  
0.417409  0.001868  0.000300  0.002789  19.039045  0.011568  10.000000  0.000140  0.420251  0.000135  0.101010  0.000055  0.000342  0.003741  0.007883  0.012663  
49.150665  1.464589  0.039591  1.094943  245.423035  1.911470  6.624037  10.000000  61.478680  0.142042  16.888201  0.009282  0.028805  0.349914  1.724677  0.447336  
0.298081  0.001926  0.000018  0.000401  2.365566  0.001200  0.034159  0.000106  10.000000  0.000213  0.003720  0.001197  0.000124  0.001149  0.000346  0.007325  
7.894175  6.069878  0.286520  1.921496  3760.357910  2.435509  15.401462  0.342121  298.654358  10.000000  18.941256  0.394844  0.014392  9.460394  0.010147  5.725593  
0.847743  0.116180  0.030193  0.000019  62.843945  0.203936  6.534054  0.023138  2.960898  0.010774  10.000000  0.033065  0.004184  0.007752  0.000181  0.080459  
9.077536  1.846064  0.156691  0.104975  171.115601  3.267657  0.907016  0.003259  244.036026  0.057553  8.472931  10.000000  0.167909  0.281921  0.072317  9.372135  
201.301300  1.297501  0.067576  0.450510  8388.023438  5.315774  21.810961  0.038885  97.598572  0.008066  4.122870  0.645626  10.000000  1.090781  0.750117  7.560874  
15.095056  2.374002  0.053671  0.045533  21.991312  0.112659  13.437322  0.026623  50.791595  0.298839  0.430499  0.061096  0.061477  10.000000  0.002218  6.335117  
9.023784  4.706388  0.034799  0.040813  722.763428  1.667080  173.195877  0.802549  93.522484  0.001960  0.061569  0.095851  0.258571  0.013564  10.000000  1.075194  
6.111703  0.163238  0.007049  0.002336  23.698601  0.187640  0.510084  0.000382  3.630136  0.002028  0.050102  0.022774  0.004778  0.071036  0.001971  10.000000  
0.000815  0.018291  0.294950  0.273486  0.000031  0.023897  0.001199  0.260537  0.000342  0.404344  0.009644  0.154374  0.302709  0.071864  0.177726  0.007610  