10.000000  0.001322  0.011349  0.001824  0.014555  0.009171  0.583803  0.152007  0.007053  0.008291  0.528584  0.503730  0.004462  0.027340  85881848.000000  0.002976  
0.600134  10.000000  0.127621  0.049538  2.813645  0.267024  37.443302  2.721335  0.281793  0.122374  96.179863  4.930410  0.011247  1.575055  1216535680.000000  0.041430  
2.849055  0.070578  10.000000  2.694674  0.739021  0.027815  10.019748  1.505578  0.566574  0.106883  191.785889  0.916613  0.073820  0.131833  454559040.000000  0.200417  
0.024307  0.001454  0.143035  10.000000  0.160325  0.009619  0.130004  0.218857  0.098218  0.006639  6.433228  0.229819  0.000050  0.021909  512870816.000000  0.083153  
0.090344  0.038473  0.018273  0.074681  10.000000  0.086138  0.136387  0.099041  0.075814  0.018946  13.779650  0.879281  0.001671  0.561815  161940768.000000  0.004739  
14.985633  0.961155  0.181040  1.179483  22.675056  10.000000  33.038235  10.142179  0.045143  0.815773  118.096779  9.895286  0.144916  0.911989  2447938304.000000  0.023389  
0.843911  0.119235  0.057695  0.014103  0.031762  0.029228  10.000000  0.100054  0.022490  0.004463  16.469301  0.065984  0.000598  0.050317  117908856.000000  0.003296  
0.163673  0.006455  0.006458  0.017684  0.017181  0.006683  0.074528  10.000000  0.083997  0.001200  0.449071  0.208476  0.002973  0.057097  19124440.000000  0.010120  
0.755292  0.066473  0.241673  0.789272  1.307905  0.002958  1.665976  8.353429  10.000000  0.008389  41.185539  6.235798  0.008711  1.178607  1107562240.000000  0.120381  
94.510124  3.073006  4.853299  5.679540  34.793667  5.691164  35.191708  12.704643  0.893014  10.000000  399.200745  57.807350  0.796737  16.815004  7995965952.000000  0.804438  
0.002364  0.000948  0.003417  0.002159  0.009929  0.000323  0.050959  0.001865  0.001720  0.000157  10.000000  0.003911  0.000158  0.000903  65446.777344  0.000128  
0.057247  0.001234  0.000415  0.001960  0.016099  0.000688  0.005188  0.022004  0.006618  0.000576  0.099370  10.000000  0.000390  0.105449  63163148.000000  0.001793  
58.411201  0.324357  3.849721  0.048851  3.524065  1.161109  5.412864  36.152645  1.064954  0.915041  461.417908  44.957169  10.000000  1.044583  23242182656.000000  0.838281  
0.151777  0.019262  0.002915  0.009127  0.502465  0.003098  0.193234  0.294375  0.061102  0.008189  1.120483  5.150984  0.000443  10.000000  159628224.000000  0.004893  
0.000000  0.000000  0.000000  0.000000  0.000000  0.000000  0.000000  0.000000  0.000000  0.000000  0.000000  0.000000  0.000000  0.000000  10.000000  0.000000  
13.878185  0.425572  3.722626  29.097805  3.559798  0.066746  10.632786  43.825878  5.242053  0.329062  133.374191  73.570122  0.298572  4.110112  8952065024.000000  10.000000  
0.012475  0.265787  0.197654  0.045538  0.031080  0.504261  0.014998  0.012945  0.129090  1.331898  0.000834  0.004205  1.427360  0.029392  0.000000  0.851851  