10.000000  16.032297  50.091412  0.092280  0.248308  0.007601  2.346465  2.352266  0.017833  126.276726  0.019142  0.007105  0.002337  0.000005  0.004205  0.003089  
0.000211  10.000000  1.375618  0.000032  0.000122  0.000007  0.008999  0.002998  0.000204  0.145551  0.000257  0.000021  0.000062  0.000004  0.000030  0.000031  
0.001616  3.373110  10.000000  0.000348  0.000119  0.000012  0.004530  0.012538  0.000341  0.052723  0.000265  0.000001  0.000022  0.000001  0.000050  0.000029  
11.238901  300.549103  1312.631470  10.000000  2.746229  0.098818  0.113821  29.661531  0.016765  2351.375732  1.815680  0.082755  0.335592  0.039037  0.556969  0.261655  
2.276353  84.819916  33.876038  0.206713  10.000000  0.022698  10.043166  62.750011  0.131782  8.495559  0.135034  0.050322  0.078846  0.003796  0.002330  0.004999  
7.034633  483.513885  337.988342  0.750943  2.291489  10.000000  7.599028  104.583618  0.289613  2524.397217  7.354436  0.007087  0.472296  0.714783  1.802441  0.231787  
0.310571  90.534081  18.585012  0.000124  0.145000  0.001087  10.000000  2.933853  0.001371  3.043793  0.010521  0.003470  0.001734  0.000844  0.002803  0.001369  
0.010356  1.003110  1.711097  0.001072  0.030135  0.000497  0.097589  10.000000  0.009676  2.328212  0.002704  0.000063  0.000145  0.000113  0.000139  0.000365  
4.433774  3850.104492  2628.389648  0.034225  3.574053  0.077801  2.576313  546.425598  10.000000  99.903923  0.481803  0.315166  0.341503  0.008808  0.074477  0.074834  
0.010726  0.939697  0.138817  0.001640  0.000079  0.000232  0.001953  0.044919  0.000034  10.000000  0.001353  0.000084  0.000360  0.000031  0.000025  0.000001  
0.253072  258.740875  108.567390  0.197098  0.194739  0.105056  1.050949  8.120688  0.025620  210.537750  10.000000  0.024779  0.012540  0.014225  0.150338  0.184438  
33.247101  7542.349121  203.858292  3.179757  25.687393  0.035834  122.687424  67.017235  5.931998  4642.792969  8.770717  10.000000  0.813895  0.066712  0.911953  0.470263  
3.092448  6216.303223  884.567749  3.645444  11.378562  0.675121  17.332088  43.626648  1.817171  5614.147461  1.254849  0.230096  10.000000  0.046720  0.485194  0.050384  
0.044498  2666.453125  240.190170  2.724742  3.520086  6.565210  54.199989  218.813843  0.301169  3065.478516  9.146502  0.121187  0.300199  10.000000  8.260526  0.717205  
1.595921  851.782776  583.366882  1.735743  0.096450  0.739170  8.037242  11.950970  0.113694  111.055443  4.315996  0.073966  0.139198  0.368822  10.000000  0.435246  
2.188992  1657.713623  642.687134  1.522663  0.386476  0.177497  7.328462  58.800343  0.213322  4.872224  9.887398  0.071222  0.026992  0.059796  0.812745  10.000000  
0.005900  0.000021  0.000034  0.065107  0.017862  0.179478  0.002146  0.000391  0.093024  0.000054  0.021451  0.403574  0.214582  0.543936  0.114935  0.157059  