10.000000  24.994680  2172.825684  0.853742  2.642415  0.166336  0.328929  0.004658  0.167051  14.461232  0.160903  6.765367  0.288197  0.701399  13.584126  0.045801  
0.000173  10.000000  73.904289  0.000624  0.613550  0.018475  0.000448  0.002939  0.001472  0.073655  0.002606  0.065998  0.001679  0.000579  0.331268  0.000637  
0.000005  0.023567  10.000000  0.000644  0.001171  0.000015  0.000012  0.000182  0.000036  0.001240  0.000005  0.000469  0.000001  0.000054  0.000202  0.000078  
0.010201  1.078686  3486.441162  10.000000  12.004646  0.240971  0.085681  0.168231  0.199063  0.422470  0.021108  1.274213  0.246506  0.015734  8.649090  0.013780  
0.000059  1.987872  11.893783  0.022515  10.000000  0.000115  0.000014  0.020370  0.002191  0.012989  0.001718  0.009100  0.010939  0.001431  0.104925  0.007540  
0.003599  57.793877  143.147202  0.436364  0.110976  10.000000  0.009386  0.319773  0.029473  0.508943  0.106932  0.004561  0.193048  0.012198  20.714008  0.068031  
0.145315  28.630598  2307.675293  3.167996  0.266287  0.191651  10.000000  1.208894  0.492532  1.477608  0.031332  5.217759  0.073875  0.312479  16.699482  0.381862  
0.000325  29.653070  5769.964355  0.982659  63.440788  1.031462  0.190978  10.000000  0.901674  4.698841  0.022896  1.791877  0.235104  0.102004  21.361984  0.158140  
0.035023  44.620296  3378.248291  3.492953  20.501732  0.285588  0.233741  2.708663  10.000000  4.624249  0.358464  2.433593  0.133649  0.178827  12.539158  0.815605  
0.002344  1.725703  91.102661  0.005730  0.093928  0.003812  0.000542  0.010911  0.003574  10.000000  0.000039  0.057336  0.017593  0.001794  1.611365  0.039143  
0.028125  65.853722  431.992950  0.308784  13.403571  0.863849  0.012397  0.057342  0.298853  0.042458  10.000000  1.363041  3.422031  0.111246  13.965043  0.148964  
0.045073  63.570816  1416.012695  0.710491  2.705291  0.001404  0.078687  0.171052  0.077333  2.357181  0.051953  10.000000  0.137516  0.033758  1.084570  0.060498  
0.017175  14.463073  38.962124  1.229489  29.089190  0.531715  0.009965  0.200752  0.037989  6.469680  1.166722  1.230078  10.000000  0.005027  5.929193  0.530795  
1.838178  219.516708  64186.718750  3.451024  167.358032  1.477522  1.853675  3.830308  2.235351  29.015156  1.667946  13.279196  0.221083  10.000000  176.194580  3.725161  
0.000134  0.473574  0.905983  0.007158  0.046297  0.009466  0.000374  0.003027  0.000591  0.098320  0.000790  0.001610  0.000984  0.000665  10.000000  0.002270  
0.001195  2.401693  921.237183  0.030088  8.777796  0.082031  0.022551  0.059115  0.101492  6.301650  0.022234  0.236907  0.232372  0.037084  5.989261  10.000000  
0.271913  0.000715  0.000013  0.029722  0.001287  0.039997  0.180732  0.071834  0.124505  0.003461  0.113682  0.022194  0.066379  0.440191  0.000855  0.043920  