10.000000  0.002087  0.001584  0.062456  0.003847  0.002087  0.004373  0.021735  0.004012  0.032962  0.008219  0.014709  1072.447998  0.002711  0.003408  0.999155  
5.794352  10.000000  1.214025  7.566843  0.632340  3.000221  0.335536  0.405778  6.954329  5.468560  0.191491  0.092816  14001.487305  0.157312  0.162358  0.449557  
0.500169  0.138013  10.000000  5.421492  0.059663  0.007350  0.024326  0.035066  0.077421  0.200881  0.041846  0.060671  82035.351562  0.003539  0.055695  0.583461  
0.344619  0.015035  0.094761  10.000000  0.069035  0.009989  0.034132  0.025604  0.110490  0.149427  0.013555  0.027556  5849.951660  0.001780  0.000858  0.486433  
1.425888  0.084406  0.070055  4.637610  10.000000  0.530070  0.028702  1.377355  0.016257  4.648287  0.136821  0.026484  6537.639160  0.079816  0.080418  2.987813  
5.762239  2.982793  0.064276  4.998014  3.948006  10.000000  0.486353  6.333618  1.554913  6.654768  0.089072  0.481445  98541.679688  0.306457  0.060764  1.806013  
2.931311  0.080991  0.051651  4.146258  0.051901  0.118081  10.000000  0.552799  0.021600  1.410506  0.371248  0.194616  29882.642578  0.093699  0.340847  16.963961  
3.717401  0.024992  0.018998  0.793625  0.635531  0.392372  0.141054  10.000000  0.178826  0.264268  0.165231  0.040513  18566.488281  0.079349  0.130362  0.939999  
0.661226  0.412764  0.040421  3.300405  0.007229  0.092829  0.005311  0.172330  10.000000  1.715909  0.057728  0.083116  2834.165527  0.020061  0.030653  2.228880  
0.279496  0.016698  0.005396  0.229628  0.106333  0.020439  0.017843  0.013102  0.088277  10.000000  0.015137  0.037176  2453.314697  0.000430  0.044640  0.121948  
4.929593  0.041362  0.079508  1.473477  0.221400  0.019352  0.332215  0.579464  0.210083  1.070772  10.000000  0.290695  6249.315918  0.059355  0.154502  17.308193  
2.654541  0.006032  0.034684  0.901257  0.012894  0.031471  0.052399  0.042749  0.091008  0.791223  0.087463  10.000000  43219.582031  0.004175  0.348775  2.862662  
0.000033  0.000000  0.000008  0.000032  0.000001  0.000001  0.000001  0.000003  0.000001  0.000009  0.000000  0.000007  10.000000  0.000000  0.000001  0.000004  
38.486401  0.804317  0.159166  4.581158  3.057255  1.576035  1.984737  6.587013  1.728107  0.720841  1.404986  0.328422  23908.281250  10.000000  2.383168  57.082806  
6.228745  0.106848  0.322420  0.284196  0.396479  0.040222  0.929302  1.392932  0.339877  9.621057  0.470734  3.531830  36230.238281  0.306749  10.000000  1.753717  
1.483976  0.000240  0.002745  0.130933  0.011972  0.000972  0.037589  0.008163  0.020085  0.021360  0.042858  0.023559  174.487167  0.005971  0.001425  10.000000  
0.006273  0.330547  0.111450  0.014734  0.120766  0.329586  0.162398  0.082034  0.080530  0.018266  0.153624  0.084266  0.000001  0.747423  0.268152  0.007644  