10.000000  0.340123  1.885228  3.130777  0.259077  0.660381  44.897274  0.003439  3.565014  1.232540  1.726136  0.121660  0.209634  0.721102  0.143279  0.125990  
0.206988  10.000000  0.582592  1.583704  1.054651  0.202835  0.717940  0.036726  0.529375  4.610352  0.978140  0.002378  0.702300  0.740430  2.217027  0.022155  
0.125171  0.063562  10.000000  0.214573  0.011111  0.007351  27.028557  0.010614  0.032954  0.271245  0.609263  0.235568  0.173914  0.137822  0.050755  0.002227  
0.180268  0.149842  0.186080  10.000000  0.125147  0.003975  19.527426  0.028741  1.369580  0.018470  3.046756  0.034774  0.205019  0.000749  0.072006  0.000642  
0.012107  0.080987  0.007821  0.101571  10.000000  0.000612  17.943638  0.185441  0.537784  0.972676  0.430039  0.001248  0.162480  0.526867  0.116746  0.103689  
4.585824  2.314502  0.768790  0.479443  0.090951  10.000000  12.895614  0.076671  5.749162  0.455439  47.867714  0.039411  1.545181  0.858851  0.672809  0.704940  
0.001682  0.000044  0.015248  0.012703  0.014382  0.000070  10.000000  0.000445  0.009794  0.008963  0.010998  0.000465  0.002728  0.006367  0.000734  0.000317  
0.021353  0.374692  0.992517  3.099168  24.637581  0.068552  73.834702  10.000000  4.241734  20.366997  1.746516  0.254477  1.148758  12.581108  5.458817  0.906387  
0.035280  0.008608  0.004912  0.235389  0.113883  0.008193  2.587682  0.006761  10.000000  0.422416  0.124774  0.008013  0.020087  0.076024  0.044921  0.001477  
0.008353  0.051338  0.027685  0.002174  0.141049  0.000444  1.621629  0.022230  0.289262  10.000000  0.040017  0.004082  0.006095  0.017928  0.024253  0.000154  
0.007903  0.007359  0.042015  0.242279  0.042134  0.031562  1.344426  0.001288  0.057730  0.027038  10.000000  0.063857  0.353538  0.048685  0.095048  0.000309  
0.173586  0.005576  5.062243  0.861704  0.038100  0.008098  17.729002  0.058480  1.155260  0.859463  19.899132  10.000000  3.334822  0.129184  0.548191  0.341773  
0.056487  0.310959  0.705802  0.959438  0.936859  0.059958  19.622852  0.049855  0.546942  0.242340  20.805651  0.629789  10.000000  0.235829  0.092015  0.032705  
0.029151  0.049185  0.083914  0.000526  0.455761  0.005000  6.872026  0.081915  0.310555  0.106948  0.429841  0.003660  0.035380  10.000000  0.005780  0.015935  
0.024491  0.622724  0.130669  0.213764  0.427030  0.016562  3.351225  0.150287  0.775924  0.611751  3.548396  0.065675  0.058372  0.024441  10.000000  0.014766  
0.832077  0.240429  0.221489  0.073640  14.653661  0.670436  55.866806  0.964125  0.985528  0.150436  0.445329  1.581976  0.801590  2.603350  0.570499  10.000000  
0.332432  0.259332  0.085659  0.079769  0.071864  0.876020  0.002035  0.828337  0.033070  0.027366  0.022494  0.397087  0.172563  0.066839  0.137442  0.854312  