10.000000  3.968743  445.849823  966.596558  4448.938477  0.595866  1.400934  0.020587  0.711678  0.690105  0.255195  0.267858  378.737396  0.008169  1037.707886  0.156798  
0.013564  10.000000  100.632759  36.664989  146.374710  0.006700  0.050028  0.009278  0.028487  0.003900  0.024105  0.155017  1.291360  0.002901  262.015747  0.103578  
0.000035  0.002280  10.000000  0.019852  4.557221  0.000046  0.001041  0.000027  0.018863  0.000080  0.000160  0.000001  0.004278  0.000007  0.243940  0.000052  
0.000309  0.003426  0.081889  10.000000  2.231917  0.000285  0.000522  0.000044  0.000944  0.000067  0.000411  0.000188  0.021907  0.000100  0.338543  0.000051  
0.000010  0.000092  0.126078  0.014969  10.000000  0.000006  0.000109  0.000011  0.002212  0.000004  0.000030  0.000068  0.000170  0.000000  0.036664  0.000010  
0.853530  2.808305  852.559448  1277.716553  4267.134277  10.000000  0.463154  0.042890  10.524285  0.029907  0.506056  1.480725  0.618120  0.199935  143.533081  1.140338  
0.024875  0.259911  238.658340  29.013756  901.616150  0.005741  10.000000  0.080975  3.702087  0.008537  0.021974  0.027556  54.837532  0.000472  45.243305  0.021022  
0.012533  1.652621  210.825089  84.167313  3011.985107  0.018229  2.776400  10.000000  9.263567  0.587161  0.309303  0.234659  45.343361  0.021484  1528.967529  0.080120  
0.000158  0.001854  54.201458  0.657916  229.770187  0.001635  0.046387  0.003385  10.000000  0.002944  0.004126  0.001985  1.633637  0.000010  1.191618  0.004241  
1.020135  1.686804  1518.418823  310.862579  2416.877441  0.030864  0.710711  1.425693  19.563345  10.000000  0.873303  1.879231  703.379944  0.037989  2198.233398  0.014095  
0.069496  1.920718  563.710083  350.086029  3827.762207  0.096209  0.337013  0.138355  5.050816  0.160882  10.000000  0.014605  0.663944  0.012168  4827.670898  0.008808  
0.013243  2.242525  0.938966  29.067640  1565.056763  0.051109  0.076731  0.019057  0.441145  0.062853  0.002652  10.000000  3.095146  0.009845  60.343239  0.148186  
0.001012  0.001009  0.147577  0.183201  0.211588  0.000001  0.008249  0.000199  0.019611  0.001271  0.000007  0.000167  10.000000  0.000059  1.237789  0.000079  
0.363370  37.749763  4270.878906  13955.490234  4152.790527  6.208551  1.182867  1.569711  2.041835  1.143110  1.987567  8.857472  981.328674  10.000000  69.859085  2.285201  
0.000066  0.004904  0.201546  0.067810  1.094949  0.000006  0.000163  0.000161  0.000343  0.000095  0.001134  0.000078  0.029646  0.000000  10.000000  0.000119  
0.051288  9.913085  221.436462  52.190178  1582.382324  0.260396  0.387251  0.043047  6.235852  0.003119  0.010580  0.980363  9.700611  0.016804  609.187622  10.000000  
0.221830  0.012968  0.000062  0.000125  0.000010  0.265495  0.029559  0.173084  0.003309  0.269707  0.115761  0.049325  0.000363  1.479471  0.000056  0.126869  