10.000000  0.002177  0.000898  0.708874  0.005217  0.151751  0.010957  0.011836  0.000126  0.107971  0.388633  0.005858  100045.359375  0.356075  0.008479  0.858252  
4.709085  10.000000  2.228442  8.311476  0.327553  10.742415  2.780747  0.255189  0.046548  2.782456  2.303182  0.108150  781646.500000  3.482282  4.151754  11.936221  
0.409521  0.469650  10.000000  4.783535  0.239446  2.328750  0.004487  0.071182  0.087632  2.093504  25.144941  0.061689  1941038.250000  2.227038  0.388525  16.996782  
0.603722  0.003272  0.008936  10.000000  0.008003  2.902854  0.002901  0.021894  0.003616  0.072619  0.924793  0.001391  724.513977  0.287095  0.011693  0.735346  
0.592493  0.017197  0.059650  1.067277  10.000000  8.735438  0.179673  0.371314  0.201684  0.089154  2.121622  0.016657  499554.656250  0.950904  0.311140  3.285842  
0.064854  0.002122  0.002183  1.456665  0.032872  10.000000  0.001615  0.000670  0.002551  0.004029  0.828236  0.000914  27986.044922  0.104058  0.003137  0.138924  
7.461193  0.875328  0.006701  2.319221  1.077248  2.572432  10.000000  0.477779  0.043904  2.880486  2.183074  0.312193  7190563.500000  0.439261  1.285790  195.157944  
2.518773  0.025106  0.033228  5.470811  0.695781  0.333648  0.149323  10.000000  0.043872  1.072736  1.368855  0.295167  9530705.000000  13.158573  0.948692  56.654560  
0.206421  0.035352  0.315793  6.975125  2.917469  9.804744  0.105926  0.338678  10.000000  5.787992  3.304681  0.060456  258958.671875  10.988609  24.782465  0.310904  
0.924526  0.011014  0.039321  0.730124  0.006722  0.080716  0.036223  0.043163  0.030168  10.000000  0.910608  0.009343  387709.031250  0.070890  0.052790  5.622820  
0.175527  0.000481  0.024911  0.490435  0.008437  0.875298  0.001448  0.002905  0.000909  0.048031  10.000000  0.000315  56668.035156  0.038560  0.024833  1.248581  
16.728685  0.142776  0.386421  4.665116  0.418850  6.108718  1.309307  3.960835  0.105089  3.116113  1.992911  10.000000  9603133.000000  5.874184  1.865728  136.753494  
0.000001  0.000000  0.000000  0.000000  0.000000  0.000000  0.000000  0.000000  0.000000  0.000000  0.000001  0.000000  10.000000  0.000000  0.000000  0.000000  
0.906646  0.004099  0.012438  0.858331  0.021319  0.619969  0.001643  0.157437  0.017031  0.021080  0.217382  0.005238  40981.179688  10.000000  0.002840  15.890368  
0.063572  0.014389  0.006389  0.102934  0.020539  0.055035  0.014157  0.033421  0.113094  0.046221  0.412213  0.004898  14451.385742  0.008363  10.000000  0.948309  
0.015955  0.000103  0.000693  0.016051  0.000538  0.006043  0.005328  0.004949  0.000004  0.012207  0.051390  0.000890  374.604095  0.116013  0.002351  10.000000  
0.016616  0.772818  0.354784  0.015334  0.177078  0.010863  0.433592  0.242399  0.673492  0.048623  0.011167  0.887955  0.000000  0.026514  0.045497  0.002266  