10.000000  0.013035  0.151966  3.973694  0.958866  0.034415  0.012615  0.002617  2.844234  0.001401  4.810654  0.025948  0.051067  0.010723  0.002085  0.000710  
0.766409  10.000000  0.069245  28.850630  1.380966  0.135930  0.012937  0.040802  16.826942  0.054233  1181.876587  0.024430  6.760499  0.022556  0.023397  0.016966  
3.379924  0.026193  10.000000  18.788927  1.807379  0.122723  0.109053  0.012971  6.865366  0.021482  195.814423  0.248129  0.348356  0.347067  0.018992  0.229751  
0.009289  0.001147  0.001975  10.000000  0.014819  0.000011  0.002305  0.000034  0.206580  0.000151  0.697595  0.001424  0.008535  0.001378  0.000164  0.001180  
0.066998  0.001641  0.005678  0.442919  10.000000  0.005235  0.001269  0.002454  1.343948  0.002006  70.912941  0.003009  0.093086  0.000513  0.005780  0.000591  
2.089122  0.140336  0.334951  0.295416  4.547789  10.000000  0.082380  0.031633  5.357158  0.044055  174.587326  0.064230  0.210697  1.372165  0.051203  0.101561  
0.858935  0.014981  0.333847  67.141388  1.236182  0.092401  10.000000  0.074275  12.778084  0.047354  496.330383  0.142358  1.730554  0.148232  0.011099  0.030257  
11.304644  2.998036  2.519532  62.383816  151.733658  2.251331  4.712904  10.000000  11.797568  0.043494  6211.789062  0.372761  1.935504  6.074677  1.000188  5.059345  
0.028708  0.002889  0.003116  0.891943  0.194143  0.000891  0.001894  0.000028  10.000000  0.000007  1.519351  0.000418  0.025700  0.000442  0.001853  0.000150  
5.270142  3.468724  3.632324  243.297607  107.941116  2.729246  2.615501  0.037859  2.510951  10.000000  10.104713  1.786537  85.423416  0.570385  0.470273  0.238114  
0.000051  0.000214  0.000094  0.003178  0.010807  0.000031  0.000078  0.000015  0.001603  0.000000  10.000000  0.000005  0.002871  0.000197  0.000026  0.000012  
2.137037  0.034219  0.918826  50.159443  3.546629  0.087145  0.172197  0.007106  3.409696  0.039126  41.972179  10.000000  5.752257  0.174017  0.000637  0.053108  
0.107699  0.242488  0.033032  7.699847  2.809651  0.007320  0.053603  0.000945  5.369840  0.047905  568.632385  0.147297  10.000000  0.047631  0.011181  0.001608  
0.207824  0.007435  0.302434  11.425056  0.142250  0.438097  0.042194  0.027251  0.848553  0.002940  357.953033  0.040950  0.437721  10.000000  0.097596  0.118138  
1.313451  0.250617  0.537805  44.144436  52.096874  0.531237  0.102661  0.145804  115.611298  0.078757  1508.558105  0.004868  3.338997  3.171475  10.000000  0.006154  
0.335969  0.136520  4.887457  238.757401  3.999074  0.791583  0.210250  0.554067  7.049508  0.029957  549.589722  0.305091  0.360838  2.884000  0.004623  10.000000  
0.011313  0.086744  0.053351  0.000547  0.002990  0.088139  0.093346  0.743563  0.001137  0.693733  0.000037  0.102664  0.016428  0.049802  0.283898  0.246066  