10.000000  73.151573  1.530654  0.054300  0.384188  0.507200  0.021847  0.041742  0.105626  0.010722  4.438428  1.294045  220.593719  0.350365  0.183098  0.100197  
0.000143  10.000000  0.003895  0.001027  0.001753  0.002124  0.000001  0.000008  0.000036  0.000065  0.000395  0.000071  0.136879  0.000176  0.000519  0.000078  
0.001935  2.513412  10.000000  0.001240  0.031059  0.093686  0.001254  0.000105  0.001947  0.001943  0.001920  0.028071  0.008153  0.001270  0.004042  0.004160  
0.014235  137.514343  0.257220  10.000000  0.265217  0.576171  0.000223  0.092260  0.001553  0.040845  1.399153  0.185940  68.538849  0.073630  0.046272  0.044012  
0.123816  288.442810  7.919159  0.326049  10.000000  1.033791  0.018095  0.011187  0.005158  0.017343  0.597459  0.382878  19.143435  0.036121  0.113621  0.033522  
0.017523  37.461796  2.560745  0.075933  0.110823  10.000000  0.007778  0.001699  0.003092  0.002592  0.267168  0.401461  2.509387  0.098472  0.150404  0.024983  
1.944066  38.963200  88.264458  0.075683  4.996221  20.034527  10.000000  1.017260  0.477315  0.153562  33.395325  4.503977  979.170837  3.495944  0.877085  1.390342  
1.450504  136.696014  2.899394  12.229404  1.206231  1.708368  0.397240  10.000000  0.317080  0.026949  4.220551  5.498170  1364.567993  2.210697  1.442256  0.451343  
16.324326  2872.225830  238.089127  0.915652  2.473631  13.832662  0.828985  1.410228  10.000000  0.123847  197.241302  26.296988  516.696899  0.951864  0.833494  1.959837  
2.909981  8985.916992  417.088837  42.284916  14.604763  20.359224  0.468342  0.210473  0.217481  10.000000  15.483653  1.462962  4403.909180  5.261665  1.588972  4.929379  
0.055518  2.520494  0.019000  0.066761  0.023189  0.096730  0.004694  0.001519  0.015964  0.000714  10.000000  0.010856  9.290140  0.006819  0.020818  0.001643  
0.123273  3.473715  2.115608  0.067568  0.113174  1.106964  0.004822  0.015073  0.016209  0.000514  0.082676  10.000000  23.848665  0.023734  0.012547  0.035207  
0.002962  0.938267  0.000087  0.003510  0.000798  0.000975  0.000148  0.000527  0.000045  0.000218  0.009972  0.003361  10.000000  0.000220  0.001268  0.000278  
1.763722  452.483063  5.057895  1.413890  0.564201  14.348121  0.197766  0.320254  0.031004  0.097596  2.744423  1.254179  82.312119  10.000000  0.433580  0.332737  
0.145718  210.709702  2.545002  0.140475  0.280580  3.464679  0.007844  0.033032  0.004292  0.004660  1.324504  0.104822  75.131699  0.068547  10.000000  0.012728  
1.378274  551.082092  45.277771  2.309427  1.430808  9.947154  0.214922  0.178667  0.174437  0.249846  1.807038  5.083799  284.605652  0.909227  0.219998  10.000000  
0.034300  0.000048  0.001219  0.017562  0.019472  0.006375  0.323556  0.202190  0.426402  0.565052  0.003836  0.010586  0.000126  0.076956  0.030599  0.127212  