10.000000  0.000568  0.348628  0.008982  0.144770  0.062221  0.480217  0.000013  0.003445  0.028062  0.011299  0.013472  76531.062500  0.013455  0.010935  0.000238  
5.621079  10.000000  0.885328  0.263968  0.876345  2.424468  476.190338  0.019280  0.706749  0.266308  0.828760  0.287859  1329981.000000  2.295147  0.427579  0.313515  
1.966493  0.000505  10.000000  0.010289  0.003210  0.629887  2.722678  0.000604  0.020619  0.028186  0.833188  0.077820  260.660156  0.080678  0.000372  0.003024  
57.013313  0.169416  11.578326  10.000000  1.355997  6.133050  60.852673  0.054470  4.576901  9.995507  2.801742  5.825430  293392.250000  2.272826  0.041199  0.112032  
16.982899  0.010395  0.066764  0.025060  10.000000  4.209908  1.148516  0.006462  0.122218  0.807902  0.192966  0.901882  2365.595703  0.132719  0.019264  0.006445  
0.278915  0.001099  0.500576  0.004331  0.160871  10.000000  10.242536  0.000294  0.163031  0.021279  0.123467  0.129237  53837.031250  0.251539  0.003930  0.000098  
0.006779  0.000680  0.006814  0.000135  0.000138  0.032254  10.000000  0.000029  0.000316  0.003455  0.008416  0.000145  110.198921  0.003024  0.000099  0.000225  
5.748115  0.846257  46.511620  3.725127  23.910755  28.435469  900.829346  10.000000  80.616486  105.297607  14.239138  109.435516  8685676.000000  4.413300  7.226119  0.353062  
0.208495  0.004324  0.221206  0.043634  0.063048  2.200887  1.356704  0.011238  10.000000  1.617694  0.028081  0.244179  34028.886719  0.015826  0.014743  0.016024  
0.232026  0.000223  0.041317  0.013020  0.056945  0.039251  2.023784  0.002006  0.221032  10.000000  0.062781  0.127230  56998.796875  0.037187  0.002757  0.001140  
0.193073  0.001432  2.524018  0.007542  0.028108  0.470646  10.188234  0.000560  0.007929  0.129742  10.000000  0.055034  72746.507812  0.725835  0.029685  0.001996  
0.613512  0.001325  0.628277  0.041793  0.350110  1.312914  0.468830  0.011480  0.183751  0.700731  0.146670  10.000000  187372.125000  0.160172  0.034101  0.016991  
0.000021  0.000000  0.000000  0.000000  0.000000  0.000003  0.000002  0.000000  0.000000  0.000002  0.000001  0.000001  10.000000  0.000000  0.000000  0.000000  
1.558762  0.026885  1.657007  0.041482  0.131069  6.500805  24.820421  0.001178  0.030297  0.521026  4.921046  0.407471  18624.462891  10.000000  0.015637  0.000141  
26.037273  0.102941  0.157190  0.015454  0.391007  2.087467  16.759350  0.039636  0.580097  0.794050  4.136453  1.782992  66024.609375  0.321384  10.000000  0.217403  
41.279762  5.497465  92.975082  3.060834  9.527347  3.809202  2758.543457  0.141048  45.920738  23.900873  20.252560  64.703400  822711.312500  0.211149  15.834184  10.000000  
0.001084  0.107762  0.002574  0.086331  0.011736  0.002294  0.000129  0.713933  0.008429  0.003116  0.004479  0.007312  0.000000  0.011663  0.052875  0.451248  