10.000000  9.130360  0.024076  0.140199  0.320505  1349341.875000  0.112685  128.276443  0.549788  132.879333  0.183814  0.792149  0.134733  0.152178  19958098.000000  1.918745  
0.149427  10.000000  0.001282  0.010674  0.016577  103948.562500  0.027533  3.012791  0.022281  56.393452  0.004452  0.136784  0.010995  0.016144  3237338.750000  0.854478  
1.092650  3.555398  10.000000  0.210994  2.838770  36987904.000000  4.671286  190.312729  21.736149  1158.679565  7.886551  0.859421  4.009919  0.786157  1761553.000000  89.384071  
0.082741  0.384894  0.002744  10.000000  0.150542  935431.875000  0.006366  176.274414  0.265362  77.885063  0.943719  3.656346  0.491400  0.117210  8517265.000000  1.553570  
0.128502  0.406109  0.025079  0.102273  10.000000  893084.625000  0.047059  33.829540  0.198721  27.761969  0.302144  21.858864  0.696339  0.155655  748951.187500  1.434336  
0.000000  0.000000  0.000000  0.000000  0.000000  10.000000  0.000000  0.000008  0.000000  0.000141  0.000001  0.000000  0.000000  0.000000  2.480535  0.000001  
0.031299  0.467285  0.028589  0.002996  0.032601  1717666.250000  10.000000  0.639565  1.155586  246.067200  0.325647  0.441436  0.324642  0.006278  2569502.000000  0.360317  
0.001272  0.001826  0.000042  0.002962  0.000837  3122.150635  0.000023  10.000000  0.005537  0.328757  0.000490  0.006180  0.000023  0.000370  23365.414062  0.018121  
0.084338  0.208849  0.073470  0.068975  0.076032  75132.218750  0.638218  85.647598  10.000000  69.081093  0.012377  0.919983  0.015779  0.206683  5661515.500000  2.679260  
0.000072  0.001880  0.000014  0.000072  0.000038  3189.193604  0.000483  0.018086  0.000246  10.000000  0.000051  0.003553  0.000090  0.000221  7249.316406  0.004520  
0.011761  0.017404  0.011119  0.102313  0.048217  1335697.375000  0.075015  3.158366  0.005163  5.988698  10.000000  0.437141  0.400513  0.016369  312826.468750  1.384055  
0.003266  0.034464  0.000078  0.025547  0.224812  8697.804688  0.006553  2.569709  0.024730  26.855083  0.028172  10.000000  0.055865  0.020349  13309.140625  0.012320  
0.088584  0.441685  0.058091  0.547445  1.141890  643875.875000  0.768459  1.523067  0.067629  108.642754  4.115585  8.907346  10.000000  0.014933  2964429.250000  0.399487  
0.132177  0.856813  0.015046  0.172502  0.337203  3821785.750000  0.019633  32.403706  1.170253  351.818085  0.222205  4.286356  0.019728  10.000000  13250207.000000  1.679588  
0.000000  0.000000  0.000000  0.000000  0.000000  0.226578  0.000000  0.000005  0.000000  0.000029  0.000000  0.000000  0.000000  0.000000  10.000000  0.000000  
0.019606  0.533486  0.020124  0.026898  0.036554  314343.343750  0.013255  18.670872  0.178463  84.646805  0.221031  0.030530  0.006209  0.019759  956444.250000  10.000000  
0.108583  0.013891  0.731497  0.083416  0.068754  0.000000  0.057226  0.000342  0.042528  0.000080  0.027466  0.006973  0.088044  0.101196  0.000000  0.010976  