10.000000  0.106142  1.652625  1.472028  0.489215  2.083001  1.072164  1.183489  3.322590  1.741844  30.112829  0.237709  3.016955  6.259510  1.713194  0.188522  
0.093017  10.000000  0.164794  0.868366  0.024479  0.098383  0.230147  3.651021  0.649998  0.570020  41.815586  0.006257  0.236454  92.923470  1.893376  0.159146  
0.304501  0.034648  10.000000  0.973355  0.360700  0.201509  0.113956  1.120024  0.040907  0.318152  14.287128  0.048651  0.085053  22.182121  0.067530  0.025447  
0.064784  0.043609  0.232492  10.000000  0.066082  0.134015  0.200513  0.479440  0.423833  0.026048  4.679151  0.083137  0.026668  0.907496  0.232067  0.114261  
0.036777  0.002100  0.147166  0.112878  10.000000  0.012095  0.109338  0.932783  0.010116  0.095372  1.556339  0.001790  0.002592  11.951860  0.280635  0.069621  
0.432086  0.023288  0.226862  0.631661  0.033376  10.000000  0.019294  2.653623  0.224565  1.514340  1.018875  0.034522  0.135882  12.471435  0.050863  0.128809  
0.029595  0.007249  0.017072  0.125764  0.040148  0.002567  10.000000  0.017106  0.927601  0.009027  1.381667  0.130455  0.043366  16.292864  0.037037  0.007550  
0.001016  0.003578  0.005221  0.009356  0.010656  0.010987  0.000532  10.000000  0.018068  0.019692  0.403046  0.018248  0.018713  0.805419  0.000124  0.003211  
0.064399  0.014376  0.004303  0.186659  0.002608  0.020983  0.651332  0.407764  10.000000  0.004687  0.620796  0.101422  0.180727  4.410707  0.153769  0.101557  
0.286181  0.106868  0.283695  0.097243  0.208438  1.199426  0.053729  3.767236  0.039729  10.000000  1.229019  0.110878  2.530490  11.928781  0.523338  0.014904  
0.002338  0.003705  0.006022  0.008256  0.001608  0.000381  0.003887  0.036444  0.002487  0.000581  10.000000  0.000208  0.020331  0.101425  0.002798  0.001926  
0.058184  0.001748  0.064631  0.462383  0.005828  0.040736  1.156800  5.200810  1.280823  0.165187  0.655934  10.000000  0.283283  1.099825  0.339132  0.041795  
0.050406  0.004508  0.007712  0.010124  0.000576  0.010944  0.026248  0.364046  0.155787  0.257328  4.374076  0.019336  10.000000  7.630985  0.088448  0.020125  
0.000195  0.003308  0.003756  0.000643  0.004961  0.001876  0.018417  0.029261  0.007100  0.002265  0.040751  0.000140  0.014251  10.000000  0.019067  0.002743  
0.034004  0.042883  0.007274  0.104660  0.074095  0.004867  0.026631  0.002868  0.157465  0.063223  0.715020  0.027500  0.105074  12.128834  10.000000  0.022456  
0.084260  0.081167  0.061727  1.160394  0.413926  0.277539  0.122249  1.670922  2.341871  0.040544  11.087580  0.076318  0.538380  39.293766  0.505682  10.000000  
0.538319  0.503938  0.231072  0.112932  0.147597  0.245177  0.089438  0.015776  0.074945  0.218200  0.004744  0.266330  0.069582  0.003007  0.075840  0.359889  