10.000000  0.190933  0.027532  0.262762  0.104692  0.116635  0.001723  0.001397  0.005367  0.003269  0.023391  0.072521  4.384792  0.535107  0.006595  0.005606  
18.122631  10.000000  0.267168  1.132515  9.578094  0.324322  0.134570  0.054661  0.133544  0.738979  0.524686  0.154376  17.381662  5.793334  0.019291  0.033504  
1.943732  0.198722  10.000000  0.310334  13.272336  0.578121  0.055159  0.124019  0.069657  21.235764  0.108347  0.264563  5.208004  3.460370  0.644008  0.203396  
3.780887  0.171686  0.063250  10.000000  1.277697  0.429728  0.006384  0.147224  0.015513  2.508449  0.016636  0.092755  6.808676  0.567977  0.403331  0.140306  
0.077815  0.075005  0.139733  0.066001  10.000000  0.000207  0.032855  0.011585  0.001212  0.008238  0.020591  0.058974  4.369013  0.559972  0.018938  0.000436  
2.773101  0.081240  0.194694  0.710065  0.006611  10.000000  0.098059  0.012896  0.003680  6.589271  0.290421  0.052873  12.226803  7.419392  0.165308  0.127012  
0.160918  0.132411  0.072968  0.041437  4.128199  0.385183  10.000000  0.365761  0.312222  44.981045  0.349659  0.049041  26.847527  4.420428  0.058306  0.127812  
0.542149  0.223509  0.681774  3.971020  6.049024  0.210514  1.519974  10.000000  0.829649  13.044845  0.491146  0.501073  87.996872  39.052803  0.428716  0.392091  
7.602717  1.992944  1.397575  1.527086  2.308918  0.219212  4.735394  3.027954  10.000000  50.498745  0.070276  0.214103  319.318604  12.391907  1.961661  2.257366  
0.000630  0.001501  0.057982  0.033605  0.002137  0.053423  0.092842  0.006479  0.006872  10.000000  0.001967  0.003499  3.565944  0.265749  0.001069  0.001692  
2.247382  0.531107  0.147448  0.111081  2.661671  1.173583  0.359708  0.121584  0.004767  0.980377  10.000000  0.218137  46.622334  10.992821  0.366176  0.100006  
16.146601  0.362124  0.834343  1.435237  17.665291  0.495126  0.116911  0.287450  0.033653  4.041902  0.505503  10.000000  66.890587  2.256099  0.849901  0.333146  
0.017340  0.000724  0.000292  0.001871  0.023245  0.002034  0.001137  0.000897  0.000891  0.073155  0.001919  0.001188  10.000000  0.003731  0.006770  0.001262  
0.223091  0.025447  0.020434  0.016457  0.314091  0.130099  0.019733  0.041951  0.003647  0.574757  0.047701  0.004225  0.393292  10.000000  0.004422  0.042920  
0.762803  0.023509  1.055138  3.242278  2.947096  0.804227  0.072213  0.127772  0.160190  0.641343  0.440847  0.441542  198.032776  1.226728  10.000000  0.073785  
1.484383  0.093467  0.762859  2.581944  0.155500  1.414526  0.362374  0.267506  0.421983  2.323881  0.275618  0.396205  84.499535  27.259905  0.168909  10.000000  
0.019445  0.189445  0.163386  0.073761  0.016764  0.094816  0.187919  0.383081  0.731843  0.008537  0.190601  0.290149  0.001223  0.012556  0.209133  0.316420  