10.000000  0.333005  0.205897  2.973467  1.157350  3.558155  0.029457  0.225717  0.575301  0.019337  0.262867  8.601413  0.160896  2.380955  5.714802  0.506417  
0.020700  10.000000  0.162002  27.914360  2.585886  7.753886  0.136668  0.109263  0.014373  0.002870  2.500756  0.003496  0.013103  0.113707  2.043561  0.023617  
0.144024  1.823036  10.000000  32.950359  0.841850  3.683838  0.124225  0.320566  0.009480  0.030483  14.092138  0.145440  0.186419  0.029384  7.206099  0.004235  
0.000324  0.048937  0.005133  10.000000  0.063664  0.041026  0.001892  0.002895  0.029561  0.000110  0.010149  0.003034  0.009775  0.009075  0.740069  0.001548  
0.003875  0.139290  0.004030  1.956137  10.000000  0.027879  0.008100  0.000104  0.002996  0.000792  0.137725  0.018622  0.000688  0.032404  3.157874  0.001418  
0.002099  0.073575  0.003106  0.222053  0.004911  10.000000  0.004728  0.001280  0.000813  0.000172  0.062315  0.060113  0.001868  0.002235  0.410703  0.009986  
0.002404  0.179458  0.014495  1.417430  0.197453  0.654294  10.000000  0.071651  0.220478  0.000144  0.491866  0.258132  0.106244  0.200198  2.740907  0.054996  
0.291862  2.272886  0.592578  34.350967  0.040060  2.805713  1.135089  10.000000  0.148930  0.002753  1.391805  7.527130  0.240758  0.029298  196.924118  0.139260  
0.136841  0.055001  0.003223  64.524117  0.212867  0.327992  0.642507  0.027396  10.000000  0.004728  1.192658  2.530813  0.005875  0.064851  20.950249  0.100374  
14.559088  34.760471  32.810928  761.685852  178.062897  219.252884  1.326285  1.603155  14.967597  10.000000  262.233429  19.874552  5.937441  30.801159  2672.826660  5.143888  
0.001980  0.303012  0.151736  0.701480  0.309806  0.795740  0.045388  0.008107  0.037765  0.002623  10.000000  0.143699  0.012371  0.056593  0.991650  0.004097  
0.101887  0.000666  0.002463  0.329819  0.065881  1.207246  0.037461  0.068955  0.126034  0.000313  0.225998  10.000000  0.025277  0.044234  3.026626  0.006285  
0.235971  0.309155  0.390857  131.551147  0.301175  4.643693  1.909022  0.273075  0.036226  0.011565  2.408951  3.129616  10.000000  1.542068  59.960037  0.411877  
0.300315  0.230730  0.005299  10.503477  1.220702  0.477974  0.309371  0.002858  0.034389  0.005160  0.947752  0.471017  0.132622  10.000000  63.673687  0.092639  
0.000116  0.000667  0.000209  0.137736  0.019128  0.014122  0.000681  0.003089  0.001786  0.000072  0.002670  0.005182  0.000829  0.010238  10.000000  0.000054  
0.713282  0.535140  0.008527  20.006472  0.596538  23.846556  0.949024  0.151693  0.594366  0.009623  0.766161  0.747285  0.395555  1.034474  3.724161  10.000000  
0.303699  0.075718  0.254001  0.003170  0.017573  0.007376  0.086765  0.345343  0.148116  8.333327  0.026357  0.033053  0.367790  0.107859  0.001368  0.360429  