10.000000  129.754944  0.551293  0.023454  0.117958  0.214554  25.840952  11.525950  0.023007  0.070014  37.909939  0.012417  0.060582  0.147913  0.725268  3320.904053  
0.002284  10.000000  0.002091  0.000204  0.003922  0.000329  0.057199  0.160718  0.000034  0.000662  0.359091  0.000005  0.000015  0.003042  0.084165  3.101546  
0.071266  15.359672  10.000000  0.017898  0.009447  0.056072  14.805187  55.512497  0.001136  0.059456  755.213074  0.001344  0.000731  0.638229  4.430257  3555.655273  
0.733170  362.134552  4.328108  10.000000  4.412636  0.473804  51.941116  159.367142  0.170156  0.622721  2257.928467  0.015919  0.205451  1.400853  45.685970  32521.404297  
0.072569  137.109207  0.044959  0.086843  10.000000  0.382671  3.384404  2.637513  0.009218  0.365789  76.056175  0.005835  0.009404  0.465831  4.437264  804.883240  
0.119760  10.449008  0.242113  0.008460  0.347197  10.000000  73.854012  2.909694  0.226961  0.025184  266.031799  0.055653  0.011963  0.067356  0.420364  22375.136719  
0.002879  0.362152  0.012762  0.000185  0.000613  0.014744  10.000000  0.083121  0.000597  0.001963  5.586724  0.000161  0.000321  0.000039  0.021513  228.413437  
0.001375  1.089015  0.051211  0.000608  0.000511  0.000622  0.088956  10.000000  0.000127  0.000594  0.236180  0.000162  0.000044  0.001408  0.040949  19.602406  
1.047065  87.974609  0.399974  0.247732  0.681886  18.505398  243.768631  48.522209  10.000000  0.173710  2867.562744  0.427134  0.225411  0.397371  14.598735  51679.984375  
0.199074  106.947548  1.307763  0.056642  1.690587  0.128285  50.093407  14.162638  0.010853  10.000000  1197.941650  0.017896  0.000113  0.137121  17.678036  23933.375000  
0.000005  0.002935  0.000840  0.000010  0.000018  0.000069  0.007213  0.000285  0.000009  0.000061  10.000000  0.000011  0.000026  0.000031  0.000583  5.687218  
5.815961  121.042862  4.870870  0.238534  4.442786  46.701305  677.451538  635.451355  4.396028  2.948176  35425.695312  10.000000  0.904625  16.763584  95.033272  57227.046875  
14.627970  210.593063  1.365075  1.586957  3.690819  5.174901  696.539062  88.463837  1.195910  0.009630  43783.875000  0.466332  10.000000  6.993584  42.118584  60307.589844  
0.073417  85.796921  2.450583  0.022243  0.375835  0.059896  0.173046  5.859925  0.004334  0.023937  107.375679  0.017764  0.014376  10.000000  3.996822  6536.551270  
0.001854  12.225226  0.087610  0.003736  0.018438  0.001925  0.493549  0.877793  0.000820  0.015894  10.363390  0.000519  0.000446  0.020585  10.000000  68.549080  
0.000007  0.000355  0.000055  0.000002  0.000003  0.000081  0.004133  0.000331  0.000002  0.000017  0.079713  0.000000  0.000001  0.000027  0.000054  10.000000  
0.024795  0.000104  0.008915  0.138632  0.019448  0.018525  0.000262  0.000271  0.167275  0.041810  0.000009  0.536634  0.385293  0.017469  0.001254  0.000001  