10.000000  0.022355  0.046657  0.038078  2075094.000000  0.021274  0.050332  0.045521  2.977825  1.137200  0.020094  0.030524  3.588099  0.113936  0.215851  1.265238  
6.215591  10.000000  0.606993  19.864491  24923732.000000  0.028800  5.698447  10.161159  140.637070  22.738890  2.029089  1.256624  11.674695  0.637482  32.548485  62.944096  
0.339179  0.015870  10.000000  0.845029  27063632.000000  0.116198  0.274033  1.827149  90.956566  0.913917  0.093413  0.062651  5.354043  0.133995  0.169851  1.187197  
0.012646  0.023728  0.038605  10.000000  11170779.000000  0.001702  0.031017  0.118429  0.233225  0.276928  0.018309  0.040317  0.570240  0.015104  0.151801  0.531226  
0.000000  0.000000  0.000000  0.000000  10.000000  0.000000  0.000000  0.000000  0.000000  0.000000  0.000000  0.000000  0.000000  0.000000  0.000000  0.000000  
0.750560  0.003654  0.563937  0.180836  26889778.000000  10.000000  2.402754  2.581072  9.427107  0.799250  1.247742  0.074071  18.123840  0.741129  4.440866  1.917672  
0.131150  0.053404  0.098224  0.243350  2248446.500000  0.177455  10.000000  0.113226  3.699554  0.615387  0.006297  0.047848  2.006714  0.040766  0.136223  3.051508  
0.032726  0.026273  0.180693  0.256360  10644820.000000  0.052594  0.031239  10.000000  7.719295  0.581514  0.228676  0.004687  13.268681  0.024539  0.088371  0.652708  
0.015997  0.002717  0.067213  0.003772  882106.812500  0.001435  0.007627  0.057681  10.000000  0.053754  0.000740  0.004621  0.942273  0.000250  0.014556  0.019653  
0.145924  0.010494  0.016132  0.106997  1965933.250000  0.002907  0.030305  0.103794  1.284023  10.000000  0.011527  0.016394  0.462840  0.038203  1.018205  0.116365  
0.093859  0.034089  0.060023  0.257507  1531774.500000  0.165197  0.011288  1.485804  0.643275  0.419600  10.000000  0.222835  32.414841  0.059014  1.836780  1.981445  
0.835815  0.123756  0.235987  3.324101  2725137.250000  0.057488  0.502816  0.178507  23.554808  3.498246  1.306272  10.000000  36.049431  0.730560  2.234512  0.494230  
0.044630  0.000522  0.009161  0.021357  507520.531250  0.006390  0.009579  0.229571  2.181799  0.044865  0.086316  0.016376  10.000000  0.020548  0.015593  0.049928  
0.794082  0.015980  0.128466  0.316962  9736223.000000  0.146406  0.109040  0.237897  0.323922  2.075002  0.088053  0.185949  11.513743  10.000000  2.275542  2.717834  
0.067121  0.036402  0.007265  0.142132  1403522.375000  0.039141  0.016257  0.038224  0.842576  2.467448  0.122276  0.025376  0.389814  0.101527  10.000000  1.765105  
0.101098  0.018089  0.013049  0.127811  1327767.625000  0.004343  0.093576  0.072546  0.292336  0.072461  0.033895  0.001442  0.320741  0.031159  0.453566  10.000000  
0.109602  1.827559  0.295510  0.063163  0.000000  0.651012  0.176921  0.092930  0.008033  0.039261  0.236879  0.573525  0.012224  0.289349  0.061118  0.030982  