10.000000  0.105807  0.036007  0.057422  0.001132  0.141702  0.084767  974885.750000  0.081678  0.183140  0.235950  0.450961  1554131.750000  12057.498047  246.598099  131.018311  
0.377737  10.000000  0.042884  0.001859  0.000852  0.652739  6.534451  235685.390625  0.315659  2.591856  1.758285  0.886931  50562088.000000  1856.157104  121.738884  13.258513  
16.280306  5.431153  10.000000  5.763901  0.071224  71.912552  0.163375  4159236.750000  0.103171  14.178221  2.996674  0.527064  506726656.000000  523148.093750  306.499084  240.093109  
3.900016  0.035366  0.865828  10.000000  0.020834  0.481213  4.634295  138369.765625  0.764141  11.063380  1.840310  0.151311  112805968.000000  315579.031250  559.284790  48.475681  
1.681522  0.354393  0.233919  0.455517  10.000000  46.146999  26.757380  292101.218750  0.531342  8.361207  15.236547  2.990445  207649360.000000  760884.500000  13496.711914  3302.029785  
0.004175  0.005387  0.004686  0.000209  0.000916  10.000000  0.153369  11788.639648  0.015241  0.142917  0.025524  0.011045  2384573.500000  1529.639648  21.724609  6.172717  
0.005029  0.108599  0.000021  0.004048  0.001069  0.308854  10.000000  8422.438477  0.000732  0.012053  0.195199  0.050989  723526.250000  1236.272217  23.828627  5.430235  
0.000003  0.000000  0.000000  0.000000  0.000000  0.000001  0.000000  10.000000  0.000001  0.000000  0.000001  0.000001  26.860445  0.056530  0.000682  0.000027  
0.433474  0.469244  0.001211  0.059710  0.001899  2.745389  0.065467  1436999.750000  10.000000  0.035269  0.288290  0.370334  67122352.000000  541903.062500  34.251015  28.790520  
0.152108  0.602982  0.026045  0.135292  0.004677  4.028831  0.168722  78615.625000  0.005520  10.000000  0.007851  0.146196  3436190.750000  11033.919922  56.027538  2.249411  
0.358476  0.748261  0.010070  0.041167  0.015589  1.316180  4.998332  535589.937500  0.082530  0.014361  10.000000  2.036940  2691664.750000  12627.983398  510.045868  145.462982  
0.269063  0.148228  0.000696  0.001329  0.001202  0.223662  0.512747  240964.984375  0.041635  0.105023  0.799935  10.000000  3154097.000000  1452.986328  9.721773  6.513296  
0.000000  0.000000  0.000000  0.000000  0.000000  0.000000  0.000000  0.009116  0.000000  0.000000  0.000000  0.000000  10.000000  0.009805  0.000008  0.000000  
0.000000  0.000000  0.000000  0.000000  0.000000  0.000002  0.000001  0.555685  0.000003  0.000000  0.000000  0.000000  284.009949  10.000000  0.000108  0.000013  
0.001005  0.000139  0.000003  0.000034  0.000037  0.003004  0.001636  909.179443  0.000026  0.000275  0.001368  0.000066  30807.703125  14.593801  10.000000  0.084070  
0.010305  0.000292  0.000042  0.000056  0.000175  0.016478  0.007198  704.321838  0.000427  0.000213  0.007531  0.000859  9857.598633  32.923683  1.622791  10.000000  
0.013193  0.024927  0.280528  0.108726  0.508388  0.002265  0.003214  0.000000  0.030393  0.012023  0.016261  0.010191  0.000000  0.000000  0.000027  0.000117  