10.000000  753.951904  1.806092  113.700958  34.681133  0.045187  0.706740  0.124137  0.095617  5.925630  10.272358  2.485932  0.066972  0.209042  382.953949  19.399546  
0.000277  10.000000  0.002934  0.030383  0.002950  0.000421  0.000404  0.002696  0.001214  0.000432  0.000963  0.078605  0.000458  0.000923  0.111332  0.001493  
0.012439  55.034229  10.000000  6.241213  0.085039  0.071401  0.004547  0.062382  0.300538  0.253987  0.423793  8.784381  0.105553  0.004454  5.240705  0.538687  
0.000081  0.058787  0.000644  10.000000  0.003413  0.000773  0.000635  0.000530  0.000886  0.002449  0.002966  0.022681  0.000506  0.000392  0.764652  0.039488  
0.015693  3.636389  0.005587  2.174255  10.000000  0.000844  0.026948  0.012515  0.020242  0.000488  0.313661  1.640340  0.004116  0.016910  31.992332  0.092499  
0.009752  247.362366  2.237511  234.899750  0.402497  10.000000  2.499434  0.134239  3.547619  1.764899  0.498881  33.231995  0.558318  0.465537  157.850708  4.971459  
0.039105  60.866196  0.036528  49.461395  3.295334  0.640792  10.000000  0.252080  0.312434  0.940818  1.304039  10.760547  0.084289  0.167231  4.434220  0.245877  
0.014165  837.820496  1.033616  85.194870  3.156074  0.070977  0.519875  10.000000  1.818070  3.612689  0.040048  31.508801  0.018194  1.077975  579.755188  7.362284  
0.001425  49.290829  0.650242  18.588018  0.666606  0.244936  0.084139  0.237405  10.000000  0.330426  0.082374  5.097819  0.014798  0.746106  53.932041  0.291556  
0.013087  2.597413  0.081451  7.614192  0.002380  0.018061  0.037554  0.069922  0.048976  10.000000  0.662988  0.261199  0.083941  0.048035  32.587505  1.422075  
0.029726  7.591996  0.178066  12.082482  2.005955  0.006689  0.068200  0.001016  0.015997  0.868661  10.000000  0.482799  0.015144  0.002186  9.470221  0.326359  
0.000278  23.930941  0.142565  3.568868  0.405201  0.017211  0.021737  0.030863  0.038239  0.013219  0.018648  10.000000  0.000809  0.002981  2.856285  0.052302  
0.005619  104.612984  1.285882  59.788292  0.763255  0.217045  0.127810  0.013377  0.083319  3.188752  0.439074  0.606954  10.000000  0.136515  144.340683  1.601359  
0.008887  106.898262  0.027492  23.482487  1.588770  0.091704  0.128492  0.401613  2.128725  0.924633  0.032120  1.133714  0.069175  10.000000  65.237915  0.856315  
0.000066  0.051896  0.000130  0.184213  0.012100  0.000125  0.000014  0.000869  0.000619  0.002525  0.000560  0.004373  0.000294  0.000263  10.000000  0.000985  
0.005280  1.107044  0.021288  15.129447  0.055638  0.006269  0.001209  0.017560  0.005325  0.175245  0.030695  0.127356  0.005195  0.005482  1.567191  10.000000  
0.814948  0.000494  0.067631  0.000687  0.017335  0.378596  0.191696  0.275293  0.099480  0.038299  0.043839  0.008616  0.236054  0.168033  0.000337  0.013445  