10.000000  0.002653  0.425081  0.000244  0.021527  0.014512  0.002976  0.010384  0.019080  0.001070  0.123284  0.001405  0.000864  0.008189  0.074380  0.000574  
0.508196  10.000000  2.790314  0.091913  0.425782  0.971186  0.016131  0.006636  0.029056  0.011428  50.844917  0.396127  0.011230  0.000918  1.451095  0.018179  
0.379011  0.012986  10.000000  0.001020  0.019344  0.403063  0.000041  0.008021  0.009781  0.058351  4.145363  0.000061  0.000231  0.002420  0.092711  0.002095  
8.435654  16.603834  39.606216  10.000000  20.330210  34.515053  0.016872  0.103436  4.410541  5.796885  846.115540  13.254429  0.133824  0.275665  18.491653  0.014396  
1.082287  0.111735  1.090771  0.029534  10.000000  1.266746  0.000709  0.018765  0.059725  0.015969  49.618652  0.001294  0.009219  0.063370  0.650217  0.003372  
0.151544  0.052937  4.720728  0.010414  0.263112  10.000000  0.012667  0.050330  0.116554  0.001537  2.620182  0.012533  0.005924  0.008876  0.007770  0.005829  
33.628983  0.951376  0.522322  0.005508  0.159310  13.706150  10.000000  0.933481  0.132013  0.297381  254.539062  0.081871  0.071124  0.109811  15.921988  0.034892  
10.029344  0.033454  8.689165  0.002887  0.360489  4.655095  0.079794  10.000000  0.166469  0.259900  27.760876  0.044214  0.017548  0.062976  2.000484  0.013390  
5.401223  0.042932  3.105304  0.036075  0.336277  3.159485  0.003307  0.048789  10.000000  0.023124  15.086707  0.003051  0.002508  0.035471  0.818611  0.000041  
0.265153  0.014783  16.219820  0.041513  0.078722  0.036484  0.006523  0.066691  0.020246  10.000000  31.614201  0.185828  0.011544  0.076422  2.781984  0.006518  
0.000786  0.001692  0.029645  0.000156  0.006293  0.001600  0.000144  0.000183  0.000340  0.000813  10.000000  0.000452  0.000092  0.000088  0.000470  0.000026  
0.545133  0.802191  0.026754  0.148585  0.009989  0.465641  0.002811  0.017760  0.004182  0.290896  27.529898  10.000000  0.009589  0.008448  2.650258  0.007881  
63.866077  4.332891  19.166945  0.285820  13.553596  41.930710  0.465279  1.342930  0.654986  3.442994  1063.398193  1.826962  10.000000  0.332101  37.589954  0.319930  
217.697708  0.127399  72.149246  0.211734  33.505569  22.594198  0.258341  1.733231  3.330956  8.196769  368.746826  0.578842  0.119432  10.000000  4.413111  0.034160  
0.542824  0.055276  0.758848  0.003899  0.094384  0.005430  0.010284  0.015116  0.021104  0.081918  0.537611  0.049852  0.003711  0.001212  10.000000  0.006128  
106.237579  17.567293  435.101379  0.077013  12.417983  103.336464  0.571717  2.566613  0.026741  4.869237  763.514893  3.760604  0.801332  0.237916  155.464157  10.000000  
0.001657  0.022935  0.001565  0.308254  0.011749  0.005355  0.176132  0.051496  0.027878  0.026086  0.000132  0.032637  0.450493  0.270155  0.004476  0.712963  