10.000000  0.367619  0.047532  0.103150  0.011749  0.803032  1.702765  332515.000000  0.068568  0.162685  0.443038  0.860789  12820315.000000  15561.138672  269.425446  23.303802  
1.312423  10.000000  0.038327  0.059077  0.016641  0.719362  7.046093  572020.562500  0.278389  0.646210  0.776071  1.520755  43704780.000000  79731.421875  448.360931  105.361160  
21.490835  4.854000  10.000000  1.252563  0.137558  92.072990  14.071096  720549.625000  13.798905  36.950218  10.402404  56.620956  606039296.000000  1959263.875000  911.662109  906.857849  
7.005753  1.123895  0.188155  10.000000  0.027453  26.890924  38.560661  12803106.000000  0.202258  11.112110  7.878285  5.993405  105812320.000000  1259171.000000  4340.478516  71.882812  
17.446100  6.921730  0.451775  0.600214  10.000000  230.317551  166.174728  13454009.000000  21.884136  25.070019  42.272030  40.029869  349820256.000000  1394007.500000  13633.790039  3432.247070  
0.023660  0.005937  0.006000  0.011665  0.004570  10.000000  0.225193  38889.730469  0.012506  0.009686  0.037962  0.087451  2481759.750000  32236.654297  175.030624  10.875856  
0.101029  0.117102  0.001847  0.033686  0.006640  0.453495  10.000000  10631.520508  0.001857  0.017278  0.031676  0.067627  1261692.625000  56558.183594  159.410965  23.297827  
0.000001  0.000000  0.000000  0.000001  0.000000  0.000004  0.000001  10.000000  0.000001  0.000000  0.000001  0.000002  42.484955  0.137453  0.000381  0.000061  
0.363897  0.413841  0.161968  0.015804  0.078213  2.252657  0.166114  1467300.500000  10.000000  0.056578  1.601532  5.136874  51442944.000000  348227.187500  185.701599  198.271500  
0.135119  0.150337  0.067876  0.135888  0.014022  0.273058  0.241865  88305.804688  0.008854  10.000000  0.189579  0.530006  12982418.000000  46443.464844  142.097412  104.355576  
0.673101  0.330267  0.034954  0.176232  0.043250  1.957568  0.811108  528504.687500  0.458478  0.346786  10.000000  0.922223  5369529.500000  21502.123047  611.557007  8.060426  
0.513585  0.254156  0.074718  0.052651  0.016084  1.770938  0.680054  472390.000000  0.577509  0.380739  0.362170  10.000000  10800850.000000  58341.230469  70.433113  44.710342  
0.000000  0.000000  0.000000  0.000000  0.000000  0.000000  0.000000  0.014418  0.000000  0.000000  0.000000  0.000000  10.000000  0.012666  0.000017  0.000000  
0.000000  0.000001  0.000000  0.000001  0.000000  0.000033  0.000029  1.351155  0.000002  0.000002  0.000000  0.000003  366.879700  10.000000  0.005326  0.000310  
0.001098  0.000512  0.000008  0.000260  0.000037  0.024206  0.010947  508.456329  0.000143  0.000697  0.001640  0.000481  66309.328125  722.528259  10.000000  0.257289  
0.001833  0.002321  0.000158  0.000083  0.000182  0.029033  0.030884  1575.303955  0.002938  0.009882  0.000417  0.005894  31805.355469  811.327087  4.966415  10.000000  
0.013193  0.024927  0.280528  0.108726  0.508388  0.002265  0.003214  0.000000  0.030393  0.012023  0.016261  0.010191  0.000000  0.000000  0.000027  0.000117  