10.000000  377.532623  15137.285156  0.989539  33.536137  0.196898  0.863579  5.680793  2.185203  21.429819  1.513759  7.528913  0.672799  0.425273  210.958923  0.070214  
0.002611  10.000000  35.339481  0.005256  0.508331  0.003923  0.000522  0.020976  0.003682  0.103487  0.002966  0.016022  0.014247  0.000626  0.243910  0.000066  
0.000033  0.011269  10.000000  0.000063  0.006104  0.000117  0.000013  0.000250  0.000031  0.000971  0.000013  0.000299  0.000185  0.000007  0.000773  0.000127  
0.011823  9.080040  340.216919  10.000000  10.296111  0.312759  0.133137  0.445913  0.371857  2.420110  0.092107  0.170075  0.033490  0.180158  1.352972  0.071124  
0.000752  1.646966  62.014118  0.019311  10.000000  0.012641  0.009237  0.008090  0.004690  0.204135  0.006948  0.055992  0.011673  0.002251  2.107373  0.018464  
0.004260  12.271807  1147.405640  0.566361  12.204925  10.000000  0.086189  0.031266  0.073032  6.492568  0.091721  2.015711  0.092969  0.074132  25.552999  0.093540  
0.381515  33.360683  2660.685547  4.922658  182.104355  1.759815  10.000000  0.770898  0.120625  74.867210  0.045339  1.731048  1.825907  0.315943  100.453400  4.169196  
0.396473  211.655655  7910.418457  2.604628  25.196638  0.100852  0.121785  10.000000  0.198525  6.320810  0.081575  0.733311  0.546909  0.026044  27.406811  0.169468  
0.458144  111.611740  2974.747559  6.524954  43.882599  0.707667  0.057245  0.596376  10.000000  33.288315  0.466677  5.195163  1.569931  0.024968  185.139465  1.043883  
0.003473  2.424655  71.350945  0.032824  1.476192  0.048628  0.027463  0.014677  0.025730  10.000000  0.003068  0.062732  0.023353  0.002975  3.951940  0.075207  
0.264594  74.959343  1051.611694  1.347431  54.196625  0.740969  0.017938  0.204303  0.389071  3.308865  10.000000  3.321681  2.703465  0.120985  11.006373  0.037632  
0.050160  15.432840  904.666687  0.094832  16.646320  0.620670  0.026105  0.070002  0.165088  2.579041  0.126608  10.000000  0.713950  0.019169  1.377485  0.396970  
0.040095  122.756416  4987.023926  0.167036  31.042391  0.256066  0.246307  0.466999  0.446248  8.587940  0.921732  6.386285  10.000000  0.021597  58.811802  0.161952  
1.114525  237.055099  8380.062500  39.515354  263.256195  8.979101  1.874223  0.977980  0.312098  48.108204  1.813978  7.540349  0.949751  10.000000  124.535332  2.559478  
0.002086  0.348689  3.464080  0.001120  0.929848  0.011678  0.002248  0.003883  0.008732  0.241133  0.000623  0.002044  0.009758  0.000470  10.000000  0.044907  
0.001832  0.249260  1507.947388  0.155299  21.495626  0.112789  0.246211  0.063350  0.129899  12.107724  0.005617  1.554518  0.070900  0.025480  118.486809  10.000000  
0.271913  0.000715  0.000013  0.029722  0.001287  0.039997  0.180732  0.071834  0.124505  0.003461  0.113682  0.022194  0.066379  0.440191  0.000855  0.043920  