10.000000  0.047092  0.122346  0.016948  0.033178  0.812423  553.256348  0.040359  7128.766113  9.798024  81.021347  0.049922  53.371403  72.819710  0.087084  1.976368  
4.389943  10.000000  0.235759  0.268061  1.027033  1.936390  25989.126953  0.646176  24905.386719  193.539597  314.588440  0.946513  562.634155  79.437431  1.923701  51.517006  
5.730918  0.118464  10.000000  0.137486  0.402834  0.884467  51212.085938  0.659683  23143.679688  165.411896  5.181534  0.070369  2099.967773  299.830719  0.260193  27.977774  
1.341804  0.227660  0.232376  10.000000  1.481716  0.327448  13904.714844  0.221783  22544.923828  1092.762085  100.322433  0.611105  1349.281250  33.816799  1.238083  17.671337  
0.907902  0.301478  0.235331  0.512135  10.000000  6.958142  6816.268066  0.422752  3645.215820  27.175730  126.817345  0.907574  244.823730  579.805725  0.227563  6.503330  
0.200582  0.005128  0.004662  0.001021  0.062779  10.000000  6130.436523  0.002736  1248.379272  9.991157  4.019264  0.125095  29.547724  46.280964  0.024217  2.049292  
0.000005  0.000003  0.000010  0.000002  0.000002  0.000236  10.000000  0.000007  0.088860  0.001736  0.001898  0.000047  0.010872  0.017067  0.000011  0.000441  
5.067890  0.870415  1.768445  0.351764  1.939948  1.391527  94612.484375  10.000000  21108.576172  734.374756  70.054413  3.798215  3598.475586  1478.328369  1.015636  44.026306  
0.000418  0.000016  0.000029  0.000017  0.000008  0.000297  0.548354  0.000010  10.000000  0.005678  0.001523  0.000072  0.006461  0.005301  0.000002  0.000088  
0.002900  0.000614  0.001045  0.004085  0.000294  0.011976  54.069126  0.001731  28.649361  10.000000  0.703162  0.003321  2.846836  0.658782  0.002612  0.048556  
0.051080  0.002128  0.000070  0.000799  0.002922  0.010263  125.874504  0.000352  16.374348  1.497978  10.000000  0.000536  1.292094  1.313463  0.002046  0.007705  
0.549370  0.111735  0.016532  0.084943  0.364982  5.575796  54651.187500  0.332863  13549.589844  123.496971  9.350624  10.000000  171.195892  337.833954  0.508192  0.280853  
0.000856  0.000097  0.000719  0.000273  0.000144  0.001920  18.353573  0.000460  1.767552  0.154347  0.032884  0.000250  10.000000  0.034663  0.000017  0.008334  
0.008711  0.000102  0.000766  0.000051  0.002535  0.022425  214.816544  0.001408  10.812406  0.266309  0.249236  0.003673  0.258449  10.000000  0.002230  0.015263  
3.977786  0.942601  0.253727  0.714312  0.379857  4.480341  54344.617188  0.369447  1763.391113  403.187531  148.269516  2.109388  47.524532  851.381042  10.000000  11.996935  
0.072105  0.020162  0.021791  0.008143  0.008671  0.302825  1692.484131  0.012791  54.778667  5.986009  0.445887  0.000931  18.951351  4.654843  0.009582  10.000000  
0.039049  0.377019  0.267253  0.347448  0.204267  0.019403  0.000004  0.437574  0.000009  0.000672  0.000980  0.129537  0.000156  0.000427  0.263912  0.007459  