10.000000  8.226058  526.358887  2371.341309  35647.808594  0.580715  0.612303  0.459623  103.087051  0.808823  1.324442  0.820331  341.760040  0.014643  2580.340820  0.247444  
0.028114  10.000000  296.866180  37.293255  459.115540  0.049685  0.181290  0.078486  6.175578  0.004313  0.031758  0.326176  7.341790  0.002409  351.942810  0.039380  
0.000041  0.006725  10.000000  0.151451  0.194504  0.000182  0.002411  0.000319  0.013258  0.000121  0.000161  0.001377  0.138853  0.000009  0.856084  0.000277  
0.000757  0.003485  0.624719  10.000000  6.425051  0.000182  0.005353  0.000059  0.011980  0.000124  0.000772  0.001385  0.230547  0.000165  1.850030  0.000066  
0.000076  0.000288  0.005381  0.043093  10.000000  0.000010  0.000332  0.000031  0.003086  0.000004  0.000098  0.000045  0.000344  0.000000  0.006287  0.000062  
0.831828  20.824057  3360.593994  815.883240  6413.871582  10.000000  3.523177  0.835624  63.499153  0.629906  0.487524  4.398872  292.507538  0.136871  1418.477905  1.098540  
0.010872  0.941861  552.830566  297.636688  2748.210693  0.043673  10.000000  0.096712  6.554299  0.015866  0.096400  0.535890  33.338936  0.005410  50.242336  0.149143  
0.279818  13.980866  2509.259766  112.304474  8815.862305  0.355152  3.315959  10.000000  50.076382  0.622862  0.129289  1.611436  355.322144  0.040866  333.087402  0.100380  
0.022935  0.402010  38.097240  8.345325  320.481720  0.009863  0.082124  0.018300  10.000000  0.002136  0.037994  0.003878  8.678626  0.001370  76.818916  0.018765  
1.195628  1.865479  2303.543945  575.081848  2808.935791  0.650052  1.320866  1.512380  14.191957  10.000000  2.115712  0.636169  725.234619  0.138039  320.123657  1.356156  
0.360677  2.530508  567.443909  657.935120  12478.925781  0.092685  1.478492  0.057833  46.505493  0.389762  10.000000  0.070823  524.717102  0.065741  3059.469482  0.063166  
0.040558  4.718576  879.549255  214.427963  1047.871216  0.151832  1.492183  0.130867  0.861805  0.021278  0.012858  10.000000  48.922935  0.005438  122.712250  0.144896  
0.000913  0.005737  4.789822  1.928030  0.429150  0.000545  0.005015  0.001559  0.104185  0.001310  0.005146  0.002643  10.000000  0.000042  10.437366  0.001128  
0.651348  31.348297  5340.908691  23046.226562  7741.526367  4.250237  13.553048  2.985803  273.872864  4.153650  10.737958  4.892690  706.125671  10.000000  5056.848145  16.898132  
0.000165  0.006587  0.707307  0.370560  0.187771  0.000063  0.000181  0.000035  0.022088  0.000014  0.000719  0.000159  0.249987  0.000007  10.000000  0.000060  
0.080937  3.768857  1170.656982  67.244308  9448.967773  0.250852  2.747457  0.053932  27.588726  0.300081  0.075870  0.958600  138.182892  0.124262  305.382202  10.000000  
0.221830  0.012968  0.000062  0.000125  0.000010  0.265495  0.029559  0.173084  0.003309  0.269707  0.115761  0.049325  0.000363  1.479471  0.000056  0.126869  