10.000000  80.188934  38.651806  0.632019  0.494853  2.184774  0.026243  0.050507  0.064576  0.013020  4.546732  0.034794  223.606293  0.185331  0.606450  0.039034  
0.000157  10.000000  0.002958  0.003264  0.000563  0.008846  0.000044  0.000067  0.000186  0.000008  0.000746  0.000637  0.303726  0.001119  0.000320  0.000365  
0.048855  1.908477  10.000000  0.012382  0.013923  0.052226  0.004524  0.002399  0.001991  0.001914  0.349930  0.029117  5.770155  0.001894  0.017250  0.004328  
0.165684  436.792053  2.568154  10.000000  0.312839  0.860129  0.033733  0.112462  0.007942  0.005404  1.242212  0.256788  76.352867  0.149825  0.151060  0.399068  
0.159481  92.663055  3.549888  0.384594  10.000000  0.906058  0.034084  0.028331  0.027524  0.007464  3.905908  1.206817  84.946304  0.156527  0.185216  0.003736  
0.075480  156.027313  1.427503  0.113355  0.097130  10.000000  0.002512  0.003222  0.001988  0.000930  0.530873  0.308255  1.120350  0.063322  0.039836  0.051987  
2.335281  1978.050171  318.468719  11.450727  9.411056  6.470018  10.000000  1.642714  1.540567  0.181579  34.528790  16.169308  1014.112915  0.570494  3.224981  0.589362  
1.755081  1186.286133  65.947701  14.907316  3.054685  3.240853  0.641480  10.000000  0.105020  0.216027  38.716709  6.530335  2010.044556  1.265170  0.206825  0.142386  
9.980039  14659.705078  243.389328  4.682149  13.199244  8.892666  2.675604  0.467081  10.000000  0.738718  118.816780  37.940445  1937.796265  1.054745  2.264049  2.058672  
3.533684  1107.805298  410.976288  5.594038  6.285192  7.305145  0.553788  1.687194  1.297228  10.000000  25.712038  18.195889  4458.477539  1.646054  7.578391  4.361316  
0.056873  4.762087  3.463001  0.059272  0.151599  0.192207  0.004854  0.013937  0.009617  0.001185  10.000000  0.312791  9.464768  0.005987  0.109206  0.018488  
0.003315  30.988741  2.194459  0.093313  0.356720  0.849963  0.017310  0.017902  0.023386  0.006387  2.382128  10.000000  51.419918  0.011645  0.018615  0.117060  
0.003002  2.081958  0.061295  0.003911  0.003539  0.000435  0.000153  0.000777  0.000168  0.000221  0.010160  0.007247  10.000000  0.000130  0.002162  0.000107  
0.932946  2876.834229  7.545115  2.877018  2.444927  9.226461  0.032273  0.183280  0.034355  0.030532  2.409233  0.615337  48.738850  10.000000  0.391295  0.340700  
0.482643  130.165497  10.861120  0.458595  0.457379  0.917646  0.028843  0.004737  0.011659  0.022223  6.948189  0.155513  128.171997  0.061862  10.000000  0.089625  
0.536932  2566.375488  47.106583  20.940039  0.159450  20.699034  0.091105  0.056364  0.183234  0.221054  20.331366  16.903282  109.885040  0.930989  1.549102  10.000000  
0.034300  0.000048  0.001219  0.017562  0.019472  0.006375  0.323556  0.202190  0.426402  0.565052  0.003836  0.010586  0.000126  0.076956  0.030599  0.127212  