10.000000  5.823798  0.134411  0.817421  1.308071  2448139.000000  1.576931  139.306549  1.454700  153.710602  1.287550  9.495117  0.067020  0.608172  9771584.000000  2.837345  
0.095312  10.000000  0.001798  0.055018  0.093689  537870.937500  0.087038  22.124653  0.087648  173.169495  0.039818  0.706433  0.098149  0.004241  1358850.875000  0.887333  
6.100079  4.985210  10.000000  6.287444  8.208221  8989219.000000  3.708761  747.562805  3.978884  551.027466  22.287239  24.538382  15.526409  9.154955  162988096.000000  89.981277  
0.482414  1.983996  0.081761  10.000000  0.225867  1757389.500000  0.014972  223.163284  1.941946  376.830231  2.287898  1.655163  0.550994  0.928814  10914329.000000  2.219885  
0.524453  2.295209  0.072514  0.153445  10.000000  1975543.750000  0.048877  47.077747  0.152759  397.816925  0.751621  8.474498  0.722149  0.666573  3943625.250000  2.097746  
0.000000  0.000001  0.000000  0.000000  0.000000  10.000000  0.000000  0.000004  0.000000  0.000234  0.000001  0.000001  0.000000  0.000000  0.630522  0.000002  
0.438001  1.477165  0.022698  0.007046  0.033860  1216255.000000  10.000000  113.166817  1.459208  629.938110  1.739887  0.652057  0.327877  0.096142  2484913.000000  2.938694  
0.001381  0.013406  0.000163  0.003750  0.001164  1676.026245  0.004040  10.000000  0.001360  0.402550  0.000866  0.038575  0.002581  0.001544  31312.095703  0.021948  
0.223153  0.821544  0.013449  0.504769  0.058447  1730964.125000  0.805905  21.040596  10.000000  798.156860  0.553496  2.196092  0.101177  0.253690  1697123.125000  2.210127  
0.000084  0.005773  0.000007  0.000348  0.000541  5269.170410  0.001237  0.022146  0.002839  10.000000  0.001403  0.023337  0.000183  0.000520  150.194916  0.006038  
0.082381  0.155671  0.031421  0.248043  0.119946  1437984.375000  0.400795  5.584183  0.230860  164.486694  10.000000  2.123577  0.640567  0.583749  1726873.875000  1.417614  
0.039153  0.177990  0.002230  0.011565  0.087158  188959.968750  0.009680  16.039492  0.059032  176.390305  0.136858  10.000000  0.040284  0.109721  40303.859375  0.067746  
0.044064  3.942971  0.224930  0.613835  1.184213  1026692.500000  0.776117  171.084778  0.433642  220.643753  6.582326  6.423078  10.000000  0.315209  2581206.500000  4.201698  
0.528240  0.225076  0.175210  1.366970  1.444033  2508590.500000  0.300647  135.213104  1.436408  827.575439  7.924407  23.111544  0.416414  10.000000  29347016.000000  4.166182  
0.000000  0.000000  0.000000  0.000000  0.000000  0.057593  0.000000  0.000007  0.000000  0.000001  0.000000  0.000000  0.000000  0.000000  10.000000  0.000000  
0.028992  0.553998  0.020259  0.038434  0.053461  844565.812500  0.108107  22.613903  0.147215  113.079170  0.226390  0.167872  0.065299  0.049011  1936500.500000  10.000000  
0.108583  0.013891  0.731497  0.083416  0.068754  0.000000  0.057226  0.000342  0.042528  0.000080  0.027466  0.006973  0.088044  0.101196  0.000000  0.010976  