10.000000  0.000037  0.043430  0.001003  0.001519  0.037325  19.039171  0.137075  0.001616  0.000358  0.070008  0.000101  0.000244  0.002036  0.009155  10.357888  
43.352417  10.000000  457.907288  3.271623  38.627567  215.278610  12900.729492  24.118904  4.527140  0.134709  65.869965  1.986186  0.839802  7.653970  4.645033  5379.042969  
0.121948  0.001104  10.000000  0.002498  0.024561  0.017318  11.032648  0.040176  0.001891  0.001152  0.346686  0.000945  0.007983  0.018490  0.033633  30.322014  
138.649796  0.388345  122.979950  10.000000  13.002091  42.696045  2414.170410  3.039619  1.714582  1.009034  8.787246  0.103103  0.904074  0.765150  2.626446  6880.971680  
1.822891  0.039805  10.496474  0.112875  10.000000  0.029198  280.907257  0.396692  0.204216  0.011475  2.822161  0.005168  0.143717  0.137874  0.102640  289.052307  
1.000571  0.004956  0.165334  0.008280  0.000652  10.000000  47.575279  0.048181  0.003624  0.001922  0.311446  0.008725  0.010874  0.040070  0.100038  123.632874  
0.016663  0.000010  0.003439  0.000015  0.000205  0.001553  10.000000  0.001824  0.000446  0.000006  0.007690  0.000050  0.000028  0.000007  0.000089  0.375710  
34.693451  0.005242  3.621408  0.005566  0.083670  0.454906  527.414795  10.000000  0.035751  0.018875  1.348093  0.005406  0.025038  0.021525  0.050957  101.039490  
44.157932  0.106222  18.404020  0.338917  4.649857  3.693275  13934.315430  3.859401  10.000000  0.132412  19.193142  0.159168  0.240151  0.580691  0.495423  1719.191162  
78.783607  0.025469  90.319466  1.607203  2.105368  15.787139  1503.893066  16.418697  1.066984  10.000000  95.969276  0.098936  0.226465  0.127609  1.603293  596.414734  
1.955508  0.001580  3.448801  0.001776  0.065693  0.324526  245.420151  0.148779  0.019622  0.012176  10.000000  0.002677  0.002671  0.041520  0.014793  33.021561  
188.623535  3.200413  631.554871  1.399593  8.080877  610.749207  106307.164062  40.081177  10.930813  0.843182  179.834976  10.000000  2.175621  1.762941  13.129338  12227.632812  
33.581345  0.099441  392.020294  0.901854  16.514177  55.934406  4361.862305  13.640334  1.211941  0.141830  13.183432  0.159876  10.000000  2.459120  7.579098  4658.373535  
22.188501  0.071632  71.764557  0.060327  1.252163  16.289974  90.735512  0.926855  0.231619  0.006317  16.199261  0.010239  0.194362  10.000000  0.026632  1609.231689  
39.723991  0.017308  51.972286  0.082446  0.371138  16.192274  443.457458  0.873575  0.078676  0.031597  2.297911  0.030361  0.238500  0.010603  10.000000  369.139801  
0.023187  0.000010  0.024174  0.000111  0.000539  0.010324  0.960973  0.000894  0.000141  0.000006  0.002646  0.000015  0.000076  0.000331  0.000190  10.000000  
0.000441  0.475459  0.000738  0.163810  0.015263  0.002281  0.000013  0.007010  0.072830  0.206739  0.002329  0.603541  0.163609  0.045996  0.029023  0.000021  