10.000000  0.024676  0.089962  4.029830  0.858704  0.107779  0.096302  0.008692  5.095641  0.003532  60.375179  0.061407  0.220352  0.016460  0.004418  0.001139  
1.450871  10.000000  2.806118  59.542896  17.034313  0.169176  0.725470  0.037108  35.114609  0.260492  2031.272461  0.596577  7.012311  0.878369  0.024769  0.525763  
2.000879  1.061465  10.000000  127.475060  2.451375  0.490749  0.204238  0.015900  11.111177  0.036542  122.547249  0.504773  6.404866  0.744432  0.086048  0.258016  
0.009421  0.002367  0.013399  10.000000  0.016925  0.008104  0.001998  0.000516  0.275162  0.000269  11.435001  0.003100  0.009761  0.001509  0.000555  0.001237  
0.059999  0.020243  0.007701  0.505882  10.000000  0.013011  0.045065  0.002563  1.298648  0.000771  62.048248  0.012758  0.103506  0.060095  0.005088  0.007465  
6.542566  0.174660  1.339409  210.431931  11.303596  10.000000  2.028548  0.131591  11.258894  0.100531  687.429932  0.064635  0.432675  1.121603  0.175788  0.141991  
6.557023  0.840100  0.625243  58.202324  43.914898  2.275325  10.000000  0.055827  36.219894  0.054482  1555.363770  0.147208  0.914234  0.508001  0.033952  0.269710  
37.554180  2.726634  3.088479  954.207275  158.472488  9.365458  3.542322  10.000000  76.059700  0.051275  19262.121094  6.163054  7.104218  20.109125  0.915363  0.611008  
0.051433  0.006028  0.005042  1.188054  0.187599  0.001872  0.005369  0.000178  10.000000  0.000024  2.955767  0.008975  0.027209  0.019457  0.001800  0.003944  
13.283495  16.660994  6.178764  432.394867  41.515541  6.228034  3.009182  0.044633  9.058525  10.000000  171.711136  6.562208  5.732565  1.169150  1.073965  1.488516  
0.000643  0.000368  0.000059  0.052089  0.009456  0.000121  0.000243  0.000047  0.003118  0.000000  10.000000  0.000136  0.000502  0.001342  0.000017  0.000025  
5.057508  0.835645  1.869181  109.202354  15.038680  0.087694  0.178064  0.117488  73.233238  0.143714  1054.838013  10.000000  6.781605  1.148120  0.056170  0.096680  
0.464719  0.251520  0.607326  8.806035  3.124177  0.015032  0.028318  0.003468  5.685101  0.003215  99.496864  0.173656  10.000000  0.068885  0.013619  0.148337  
0.319013  0.289531  0.648698  12.507504  16.669258  0.358099  0.144601  0.090210  37.359612  0.006025  2442.370361  0.270178  0.633039  10.000000  0.093980  0.120358  
2.782586  0.265308  2.436611  149.602951  45.857323  1.823816  0.314051  0.133439  112.310020  0.179858  1010.663574  0.429533  4.067005  3.053946  10.000000  0.690196  
0.538700  4.230720  5.488727  250.362061  50.545959  1.106703  1.874174  0.066914  184.886292  0.187272  1098.918701  0.555401  33.278370  2.938194  0.518504  10.000000  
0.011313  0.086744  0.053351  0.000547  0.002990  0.088139  0.093346  0.743563  0.001137  0.693733  0.000037  0.102664  0.016428  0.049802  0.283898  0.246066  