10.000000  14.672932  176.479767  0.028836  0.256709  0.046933  2.471971  2.546350  0.039663  179.958176  0.319722  0.007715  0.027271  0.005246  0.006192  0.021590  
0.000193  10.000000  0.082758  0.000224  0.000064  0.000063  0.004009  0.024477  0.000125  0.177900  0.000746  0.000016  0.000050  0.000049  0.000021  0.000063  
0.005693  0.202929  10.000000  0.000271  0.000112  0.000105  0.006965  0.038245  0.000185  0.506866  0.000577  0.000146  0.000171  0.000036  0.000046  0.000136  
3.511939  2070.310791  1024.587280  10.000000  2.902521  0.505988  22.205481  64.612541  0.106847  955.644043  0.272174  0.084444  0.094056  0.122397  0.217396  0.255223  
2.353369  44.871193  31.904020  0.218478  10.000000  0.056805  5.844140  63.810116  0.010291  184.344177  1.092632  0.053118  0.062914  0.025177  0.007672  0.071429  
43.437897  4460.920410  3025.104980  3.845133  5.734874  10.000000  3.419932  216.246552  0.472143  3506.665283  5.923422  0.020336  0.513377  0.098845  0.716316  0.803482  
0.327183  40.328800  28.576155  0.024132  0.084376  0.000489  10.000000  3.679036  0.003796  11.044415  0.012708  0.006671  0.004796  0.001025  0.009309  0.001613  
0.011211  8.190898  5.219272  0.002336  0.030644  0.001029  0.122377  10.000000  0.003236  1.561558  0.004544  0.000513  0.000072  0.000298  0.000259  0.000820  
9.861444  2368.506592  1422.599487  0.218121  0.279112  0.126835  7.129977  182.750488  10.000000  497.413208  0.527324  0.023802  0.191119  0.011255  0.927509  0.145961  
0.015286  1.148548  1.334548  0.000666  0.001708  0.000322  0.007088  0.030128  0.000170  10.000000  0.003292  0.000060  0.000181  0.000053  0.000642  0.000161  
4.227001  749.765686  236.477570  0.029545  1.575740  0.084614  1.269354  13.646244  0.028040  512.349976  10.000000  0.038190  0.011309  0.014774  0.104842  0.106025  
36.103146  5606.043457  21165.949219  3.244644  27.115097  0.102824  235.863663  545.199463  0.447992  3285.530029  13.517759  10.000000  0.448191  0.267241  0.892572  0.505679  
36.079323  5016.604492  7021.416992  1.021702  9.079331  0.733843  47.942478  21.672823  1.016962  2825.933838  1.131686  0.126708  10.000000  0.059992  4.329859  0.421818  
44.597420  31834.394531  9560.286133  8.543134  23.346184  0.907885  65.814682  575.992493  0.384813  5350.559082  9.499645  0.485458  0.385476  10.000000  1.171463  0.451611  
2.350367  603.324463  544.088562  0.677496  0.317658  0.293757  26.695719  22.335814  1.415912  2870.490967  3.009862  0.072394  1.242195  0.052304  10.000000  0.139908  
15.302191  3407.123291  2986.048340  1.485231  5.522260  0.615289  8.636765  131.970459  0.416078  1344.589600  5.683838  0.076586  0.225975  0.037652  0.261254  10.000000  
0.005900  0.000021  0.000034  0.065107  0.017862  0.179478  0.002146  0.000391  0.093024  0.000054  0.021451  0.403574  0.214582  0.543936  0.114935  0.157059  