10.000000  0.009104  0.019673  34.319893  0.005258  0.002183  0.009287  20.553024  0.075619  0.066508  8.247471  107.343063  1.041338  0.049168  2.561718  0.011237  
24.039139  10.000000  1.068993  5015.155273  0.697233  0.245426  0.112151  5554.620117  1.700195  4.905968  115.169327  3966.372314  96.414612  2.472041  135.938766  1.044708  
30.083101  0.619047  10.000000  1096.252808  0.221065  0.066919  0.149761  3641.749268  3.301377  3.725226  268.043213  1031.678589  45.047897  0.826143  11.952474  0.796784  
0.003006  0.000166  0.000063  10.000000  0.000125  0.000038  0.000230  0.416897  0.001864  0.000519  0.009690  1.150462  0.006843  0.004680  0.037852  0.000093  
21.318806  1.070575  0.586152  5793.723633  10.000000  0.061444  1.260304  2794.320312  1.681952  1.770804  62.609909  348.837280  17.207819  16.301800  61.904408  0.180465  
31.785572  1.353109  0.637108  6302.113281  0.220624  10.000000  2.597826  2342.189209  25.986399  2.633470  257.413910  27643.310547  116.116997  13.831999  565.900269  1.581196  
11.890658  0.054380  0.125397  3356.539551  0.397992  0.228474  10.000000  851.088989  0.727752  0.638761  45.718464  4520.918945  23.621969  4.486893  403.321045  0.442524  
0.001484  0.000152  0.000172  0.343591  0.000050  0.000012  0.000048  10.000000  0.000891  0.000750  0.026308  0.364251  0.007843  0.000169  0.049843  0.000027  
1.588747  0.013528  0.045360  447.184204  0.008716  0.037503  0.011942  259.234619  10.000000  1.112175  7.806011  144.737366  0.716748  0.158325  11.760653  0.014038  
5.752266  0.160692  0.210705  512.487732  0.037775  0.015645  0.043149  898.911255  4.578433  10.000000  28.999130  326.945740  9.716501  0.662141  18.069038  0.088334  
0.416765  0.002204  0.008858  5.590567  0.000780  0.000893  0.001804  18.417059  0.018775  0.016943  10.000000  10.511339  0.156089  0.038334  0.225860  0.001427  
0.007093  0.000099  0.000045  0.867995  0.000006  0.000125  0.000233  0.333451  0.000455  0.000250  0.013745  10.000000  0.000850  0.000617  0.037901  0.000012  
0.987511  0.034626  0.027937  74.093910  0.004025  0.007564  0.017496  103.042053  0.032351  0.106535  2.929215  12.198513  10.000000  0.063347  1.358190  0.010836  
0.946030  0.018013  0.010395  1028.106689  0.077361  0.018281  0.067427  45.133640  0.144993  0.147301  14.595993  179.621292  1.285287  10.000000  23.773260  0.031111  
0.046272  0.000930  0.000141  7.806599  0.000276  0.000702  0.005690  12.472692  0.010111  0.003774  0.080734  10.360484  0.025870  0.022318  10.000000  0.001439  
20.673243  0.727886  0.958650  1952.050659  0.081888  0.199822  0.635868  700.747986  1.229303  1.878986  51.952160  343.166077  21.022413  2.974828  146.580688  10.000000  
0.005813  0.298715  0.227317  0.000054  0.370149  0.701395  0.208006  0.000049  0.026645  0.054062  0.001307  0.000047  0.005661  0.025499  0.000781  0.249339  