10.000000  0.065364  0.338798  0.008921  0.089369  0.027590  0.004638  0.018620  0.033478  0.012850  4.141181  0.001897  0.001154  0.001883  0.141788  0.001126  
12.522665  10.000000  5.725565  0.132099  3.022249  3.244151  0.003070  0.335401  0.141341  0.426070  30.864002  0.645128  0.032184  0.045338  1.490660  0.008481  
0.302080  0.026646  10.000000  0.001102  0.292799  0.298949  0.002348  0.008520  0.009953  0.063958  3.706578  0.047456  0.002218  0.001618  0.072631  0.002227  
308.736389  23.863283  42.794598  10.000000  21.256929  28.700594  0.050217  0.663988  2.616989  1.227121  844.228638  4.896709  0.424250  1.492338  85.226418  0.104893  
4.493178  0.793111  16.510279  0.030880  10.000000  1.356167  0.004221  0.034871  0.310549  0.107149  69.578102  0.399710  0.008059  0.026462  4.789034  0.012621  
0.288112  0.176830  3.501325  0.008660  0.281685  10.000000  0.021001  0.040080  0.111643  0.186751  4.661031  0.045913  0.007768  0.007893  0.640809  0.010204  
52.407860  0.181034  29.750933  0.016395  0.948621  22.723043  10.000000  0.326296  0.093969  1.125539  699.570496  1.770522  0.089100  0.343527  16.924858  0.166832  
17.984631  1.690903  9.229197  0.018530  0.669915  3.707025  0.027892  10.000000  0.174695  0.291111  506.123871  3.378351  0.069259  0.280366  2.926680  0.015369  
9.476901  0.208840  3.160101  0.021405  1.748527  3.026369  0.002354  0.051200  10.000000  0.043507  85.284882  0.581700  0.016859  0.021462  0.842365  0.001679  
3.184709  0.551185  17.778444  0.008788  0.528202  4.432247  0.024688  0.074700  0.038091  10.000000  139.859100  0.328366  0.011681  0.027344  0.915551  0.006883  
0.026406  0.001027  0.026507  0.000156  0.008824  0.002846  0.000395  0.003341  0.001921  0.003598  10.000000  0.003522  0.000106  0.000463  0.024230  0.000106  
0.735855  1.306441  20.649942  0.054893  3.084498  1.705784  0.060793  1.357045  0.797254  0.514027  214.303040  10.000000  0.002708  0.145027  4.775929  0.026423  
85.331093  12.417517  183.918335  0.906110  11.849326  54.986534  0.582874  5.300399  4.402228  3.483855  1230.809326  0.515943  10.000000  0.106530  43.671928  0.689233  
50.067970  6.290682  48.242416  1.146241  13.991538  20.091722  0.808180  7.716313  2.015378  2.932774  1932.190308  9.936774  0.038311  10.000000  14.036430  0.090282  
1.034768  0.056783  0.594492  0.017972  0.695163  0.447833  0.010931  0.022114  0.021717  0.026959  27.732607  0.089837  0.004312  0.003854  10.000000  0.012446  
208.418762  8.195755  462.460846  0.561131  46.477348  180.906921  2.733592  2.945949  1.098323  5.141348  3070.756348  12.609083  1.726329  0.628794  315.736023  10.000000  
0.001657  0.022935  0.001565  0.308254  0.011749  0.005355  0.176132  0.051496  0.027878  0.026086  0.000132  0.032637  0.450493  0.270155  0.004476  0.712963  