10.000000  0.005454  0.002225  0.002423  6.468851  0.008754  0.168979  0.001810  1.743667  0.002497  0.178825  0.002285  0.001510  0.014292  0.006521  0.007333  
2.745963  10.000000  0.009952  0.076445  266.414642  0.352103  11.709386  0.062733  9.186852  0.011942  0.169815  0.080852  0.008485  0.078141  0.095607  2.428551  
291.302612  2.587816  10.000000  0.461093  8750.231445  16.072397  212.321121  0.486120  426.315948  1.028780  26.019026  1.636699  0.755226  1.048565  1.447175  15.406960  
272.765656  17.089725  0.396426  10.000000  562.615479  5.838727  20.808662  1.237823  129.448502  0.221752  2.391956  0.359848  0.517970  5.749163  0.581538  9.072532  
0.009136  0.000747  0.000094  0.000007  10.000000  0.000320  0.026802  0.000093  0.045479  0.000024  0.004809  0.000335  0.000028  0.000230  0.000165  0.002779  
7.523723  0.601018  0.105508  0.044581  194.579987  10.000000  10.837350  0.050732  12.947346  0.045525  0.717251  0.213085  0.100696  0.115445  0.061936  2.467801  
0.365591  0.050316  0.003509  0.000400  41.058281  0.027282  10.000000  0.001769  2.876038  0.000218  0.109194  0.003443  0.002593  0.005544  0.008330  0.018103  
184.916977  12.727583  0.379301  1.123375  6760.758789  6.029984  83.508614  10.000000  305.239960  0.184343  35.394848  0.016370  0.619219  4.555026  2.804309  8.667093  
0.306633  0.003209  0.000573  0.000202  5.662904  0.002649  0.233770  0.000525  10.000000  0.000435  0.018544  0.000223  0.000146  0.000916  0.000999  0.015326  
614.423340  5.835630  1.933421  0.484727  4114.794434  13.033192  24.741293  0.444009  608.721008  10.000000  20.222061  1.771049  0.737581  1.481423  0.068153  26.213049  
25.027088  0.047203  0.027814  0.002974  476.577942  0.116800  7.063493  0.048493  14.757690  0.011503  10.000000  0.037667  0.009042  0.124383  0.001936  0.113984  
81.943390  5.759093  0.448350  0.114655  8496.683594  8.891940  57.068821  0.005747  45.563709  0.258152  9.652386  10.000000  0.517187  2.011355  0.211449  11.113335  
208.185165  2.323906  0.795483  0.634578  2755.242188  16.157085  165.247894  0.835908  114.211983  0.413390  8.909419  1.988626  10.000000  0.869882  0.803684  17.143398  
111.075790  1.206206  0.062248  0.396974  1263.660278  1.044005  19.917427  0.346563  40.480740  0.046796  6.907382  0.435885  0.049027  10.000000  0.441458  3.819191  
309.952057  9.026278  0.525442  0.245589  5557.340332  3.425630  183.006790  1.304938  270.141327  0.013167  0.657615  0.280260  0.277035  2.699990  10.000000  4.547889  
0.639100  0.420355  0.010256  0.007024  171.463547  0.250243  0.729218  0.007394  7.595050  0.009285  0.070978  0.027005  0.010834  0.042825  0.008338  10.000000  
0.000815  0.018291  0.294950  0.273486  0.000031  0.023897  0.001199  0.260537  0.000342  0.404344  0.009644  0.154374  0.302709  0.071864  0.177726  0.007610  