10.000000  0.197347  0.035466  0.274969  0.141551  0.197459  0.022667  0.033471  0.001907  0.091976  0.109586  0.025353  4.590961  0.834525  0.103618  0.006492  
18.731422  10.000000  0.349137  0.640233  4.036128  4.085029  0.320690  0.243385  0.141186  2.218587  0.028710  0.362371  21.849176  5.881226  0.084491  0.052239  
2.503880  0.259692  10.000000  0.488437  24.133184  0.186462  0.633307  0.501159  0.307790  22.345247  0.216228  0.741745  7.948829  1.254903  0.939767  0.209134  
3.956542  0.097058  0.099549  10.000000  1.063654  0.228852  0.064649  0.186600  0.084363  1.279491  0.164884  0.103219  10.890636  0.600009  0.104245  0.036196  
0.105213  0.031607  0.254078  0.054944  10.000000  0.006253  0.033230  0.075066  0.032508  0.193325  0.029070  0.018177  5.689180  0.578115  0.025282  0.005131  
4.694756  1.023273  0.062795  0.378146  0.200029  10.000000  0.103873  0.231506  0.036805  8.021501  0.054187  0.123288  19.732855  7.645611  0.212052  0.090998  
2.116933  0.315545  0.837778  0.419613  4.175350  0.408022  10.000000  0.127249  0.099174  43.919827  0.337344  0.219047  153.635773  0.918809  0.659927  0.348115  
12.990292  0.995196  2.755047  5.033104  39.196491  3.779035  0.528801  10.000000  0.585684  10.790349  0.530042  0.518670  176.027328  21.695175  0.399549  0.625465  
2.701440  2.106988  6.175353  8.304797  61.951298  2.192686  1.504150  2.137559  10.000000  113.617973  2.103027  1.180654  27.958584  28.316120  1.985507  0.959291  
0.017730  0.004506  0.061012  0.017141  0.050138  0.065035  0.090651  0.005359  0.015462  10.000000  0.005166  0.002003  3.609961  0.458490  0.003417  0.002301  
10.528754  0.029061  0.294261  1.100954  3.757633  0.218968  0.347040  0.131213  0.142645  2.574649  10.000000  0.233220  252.042587  8.248653  0.491458  0.091327  
5.644711  0.850023  2.339212  1.597147  5.444893  1.154517  0.522201  0.297545  0.185579  2.313435  0.540455  10.000000  48.277252  2.449198  0.358895  0.884158  
0.018155  0.000910  0.000445  0.002993  0.030269  0.003282  0.006505  0.001794  0.000078  0.074058  0.010374  0.000857  10.000000  0.030042  0.014065  0.001356  
0.347922  0.025833  0.007411  0.017385  0.324267  0.134066  0.004102  0.023305  0.008334  0.991614  0.035793  0.004586  3.167209  10.000000  0.015400  0.064590  
11.985499  0.102966  1.539707  0.838001  3.934389  1.031635  0.817334  0.119079  0.162137  2.050192  0.591677  0.186453  411.384094  4.272552  10.000000  0.474616  
1.718970  0.145733  0.784380  0.666081  1.827741  1.013436  0.986982  0.426728  0.179326  3.160909  0.251698  1.051516  90.821442  41.023033  1.086489  10.000000  
0.019445  0.189445  0.163386  0.073761  0.016764  0.094816  0.187919  0.383081  0.731843  0.008537  0.190601  0.290149  0.001223  0.012556  0.209133  0.316420  