10.000000  0.049165  0.031754  0.180152  0.022978  0.027865  1.101368  0.539780  0.088811  0.009113  14.698610  1.472605  0.007784  0.035981  351432832.000000  0.017606  
22.318310  10.000000  0.159050  5.200674  3.889711  0.335146  3.487770  2.675437  0.305300  0.261136  575.506287  63.783859  0.196273  1.306835  8479695872.000000  0.150261  
7.971629  0.087959  10.000000  2.364840  3.656495  0.055121  3.484205  1.132898  1.336983  0.017245  31.937237  29.005865  0.125983  2.670575  3218170112.000000  0.319702  
2.400612  0.152665  0.125527  10.000000  0.566835  0.093684  4.906192  2.876440  0.301326  0.026265  24.446627  4.807574  0.022199  0.515493  634611200.000000  0.044164  
0.142625  0.053187  0.090408  0.264037  10.000000  0.026719  0.584973  3.078016  0.073958  0.020900  27.069662  0.760753  0.004979  0.575617  175526032.000000  0.023900  
45.530487  1.206360  0.358770  11.487521  7.033640  10.000000  19.439840  2.660278  2.686775  0.462735  111.616798  90.111580  0.159853  2.959503  3192602112.000000  0.461357  
1.592070  0.011106  0.020063  0.532222  0.136231  0.017198  10.000000  0.099359  0.027667  0.003125  5.069139  0.993643  0.002235  0.360988  108772344.000000  0.007876  
0.581207  0.006346  0.004859  0.232428  0.533944  0.001753  0.074010  10.000000  0.015436  0.007359  6.626713  0.404292  0.000474  0.495151  234186512.000000  0.015563  
9.510087  0.072018  0.570291  2.421431  1.275886  0.176078  2.049494  1.535118  10.000000  0.046666  111.245415  11.720106  0.040810  0.920677  1505976192.000000  0.031127  
103.886116  6.557550  0.783077  22.468594  38.382019  3.228227  24.645439  77.912323  4.967750  10.000000  138.740402  464.211304  0.087171  21.263844  39951159296.000000  0.180027  
0.065743  0.005670  0.000569  0.008206  0.019506  0.000306  0.015685  0.027527  0.004647  0.000054  10.000000  0.148421  0.000134  0.005026  20535978.000000  0.000471  
0.167356  0.015968  0.013131  0.041001  0.013929  0.006267  0.078119  0.042671  0.012438  0.004628  3.771179  10.000000  0.000635  0.127532  67638896.000000  0.001574  
101.904877  5.660579  6.570024  21.809559  10.502060  1.280792  20.246319  5.767234  4.989396  0.100114  390.884766  73.186623  10.000000  6.558419  6361744896.000000  1.514249  
0.199747  0.015982  0.059055  0.214755  0.514809  0.010055  1.386324  2.552848  0.047730  0.010355  6.238009  6.229716  0.002781  10.000000  733973632.000000  0.027737  
0.000000  0.000000  0.000000  0.000000  0.000000  0.000000  0.000000  0.000000  0.000000  0.000000  0.000000  0.000000  0.000000  0.000000  10.000000  0.000000  
82.096146  1.543501  5.938270  15.454207  17.954458  1.316602  25.406706  67.398178  1.355449  0.073642  490.596954  64.600037  0.539333  23.297829  5432330240.000000  10.000000  
0.012475  0.265787  0.197654  0.045538  0.031080  0.504261  0.014998  0.012945  0.129090  1.331898  0.000834  0.004205  1.427360  0.029392  0.000000  0.851851  