10.000000  0.009880  0.018426  0.087439  0.018275  0.031327  0.022511  0.096598  0.069731  0.056515  0.008606  0.030100  1676.709106  0.002879  0.004125  0.272088  
27.437338  10.000000  0.633236  12.829334  2.993569  1.249721  0.361312  2.522129  0.619813  23.396063  0.675901  1.945917  360771.937500  0.045204  0.420418  15.726199  
5.816718  0.071988  10.000000  0.714677  0.460929  0.011744  0.106182  0.341622  0.694117  3.875701  0.707770  0.527832  111958.789062  0.066226  0.566042  1.858335  
0.482475  0.025492  0.012492  10.000000  0.055557  0.026778  0.049340  0.082268  0.094737  0.071216  0.018756  0.082207  9252.512695  0.002179  0.002214  0.639722  
6.774000  0.399590  0.541212  3.732201  10.000000  0.453527  0.124496  0.058837  0.038148  3.295981  0.321214  1.206954  11903.856445  0.205275  0.680745  19.710957  
86.486893  1.242462  0.102706  13.398157  3.377911  10.000000  0.780670  1.481670  0.613572  42.084145  1.803400  0.504412  68415.195312  0.123252  0.720962  2.902456  
15.089088  0.087213  0.225453  5.993652  0.225127  0.189537  10.000000  0.197188  0.172249  4.691935  0.652477  0.859309  113248.929688  0.036781  0.767810  23.097576  
16.521528  0.155340  0.185085  2.550025  0.027148  0.091790  0.050315  10.000000  0.707621  0.354285  0.518525  0.090736  79227.406250  0.176921  0.427344  4.538893  
11.493069  0.036788  0.362399  2.829854  0.016963  0.036630  0.042355  0.681916  10.000000  1.008471  0.573069  0.524422  4667.655762  0.033977  0.075854  7.190411  
0.479212  0.071440  0.104101  0.109440  0.075398  0.129255  0.059354  0.017564  0.051882  10.000000  0.059565  0.040806  7845.416992  0.005039  0.006779  2.530113  
5.161983  0.145994  1.344782  2.038890  0.519782  0.391809  0.583875  1.818467  2.085511  4.213494  10.000000  2.104939  74386.179688  0.063105  0.164392  19.072424  
5.432080  0.126463  0.301747  2.688721  0.587631  0.032973  0.231362  0.095742  0.574214  0.868480  0.633325  10.000000  24961.744141  0.066665  0.426363  10.449013  
0.000051  0.000004  0.000011  0.000051  0.000001  0.000001  0.000005  0.000014  0.000001  0.000028  0.000004  0.000004  10.000000  0.000000  0.000001  0.000078  
40.875561  0.231124  2.978529  5.606567  7.862773  0.633857  0.779091  14.686894  2.926910  8.437221  1.493744  5.244760  200520.609375  10.000000  2.408839  107.546913  
7.538114  0.276678  3.276806  0.733332  3.356243  0.477239  2.093392  4.566207  0.841054  1.461029  0.500868  4.317514  47729.410156  0.310053  10.000000  59.285034  
0.404114  0.008411  0.008743  0.172194  0.078979  0.001561  0.051180  0.039415  0.064794  0.443169  0.047226  0.085993  3788.533936  0.011250  0.048181  10.000000  
0.006273  0.330547  0.111450  0.014734  0.120766  0.329586  0.162398  0.082034  0.080530  0.018266  0.153624  0.084266  0.000001  0.747423  0.268152  0.007644  