10.000000  183.854797  1.486697  0.027803  1.109658  0.555306  25.773155  8.190622  0.045587  0.573243  2911.384521  0.083898  0.006792  0.206081  3.668544  19410.580078  
0.003236  10.000000  0.001155  0.000209  0.003205  0.003206  0.026431  0.006530  0.000184  0.001470  1.035612  0.000005  0.000234  0.002109  0.028366  74.036163  
0.192186  8.485011  10.000000  0.024168  0.436836  0.078370  41.550003  16.141422  0.022003  0.010740  215.017334  0.002046  0.002375  0.642469  5.134737  1795.790039  
0.869111  371.216309  5.844315  10.000000  1.041788  4.746594  128.447647  189.548187  0.414646  0.328938  5157.885742  0.018838  0.379307  18.316572  33.198246  54834.343750  
0.682672  112.033630  2.078943  0.020503  10.000000  0.171386  47.356407  42.375717  0.038577  0.073059  953.226501  0.011484  0.020819  1.534553  7.997140  1255.400146  
0.309960  101.692024  0.338395  0.084756  0.155498  10.000000  19.608292  19.686308  0.162008  0.076175  331.130737  0.019880  0.010048  0.182283  1.119330  20213.753906  
0.002872  0.167349  0.035816  0.000458  0.008577  0.003914  10.000000  0.253976  0.000619  0.009637  10.409715  0.000341  0.000173  0.009206  0.014571  44.062599  
0.000977  0.044244  0.014891  0.000723  0.008214  0.004206  0.271807  10.000000  0.000074  0.001949  0.307619  0.000250  0.000799  0.005553  0.117877  171.128036  
2.074726  475.200623  7.746618  0.603686  2.853801  13.209402  252.934143  28.341211  10.000000  5.663916  3497.804932  0.232706  0.110507  0.934570  30.296587  178836.843750  
1.629931  237.497925  0.236222  0.029920  0.337661  0.388033  245.908234  46.466034  0.353856  10.000000  3031.663574  0.066833  0.004158  0.570130  40.605961  6062.404785  
0.000419  0.008465  0.000239  0.000024  0.000223  0.000085  0.013439  0.000371  0.000011  0.000153  10.000000  0.000002  0.000012  0.000119  0.001851  7.440943  
39.297916  129.669952  7.414538  0.282271  8.743455  16.682371  1435.020386  981.564941  2.394994  11.009768  7163.528320  10.000000  0.414501  8.861459  125.096214  444628.437500  
1.639994  3208.157959  4.436295  2.929864  8.171260  4.346726  374.740631  1618.409912  0.586288  0.353064  19871.673828  0.213674  10.000000  11.083694  77.965149  67503.882812  
0.102289  59.488033  2.466861  0.290837  1.238085  0.162093  41.004875  23.111549  0.010193  0.099526  410.741425  0.009390  0.022784  10.000000  1.049107  15828.319336  
0.009378  4.120192  0.101542  0.002715  0.033230  0.005126  0.334281  2.526863  0.001702  0.036508  32.887997  0.000683  0.000825  0.005403  10.000000  546.965942  
0.000039  0.008482  0.000028  0.000004  0.000004  0.000073  0.000797  0.002894  0.000008  0.000004  0.104294  0.000002  0.000001  0.000064  0.000431  10.000000  
0.024795  0.000104  0.008915  0.138632  0.019448  0.018525  0.000262  0.000271  0.167275  0.041810  0.000009  0.536634  0.385293  0.017469  0.001254  0.000001  