10.000000  0.036688  0.078920  0.715601  2295330.250000  0.057127  0.057569  0.270459  4.427757  3.086136  0.154831  0.088164  3.902489  0.319068  0.228433  1.135307  
10.200580  10.000000  11.261989  21.661423  21355802.000000  0.385686  13.391557  10.417039  147.199509  47.896751  1.007395  5.203989  47.969845  3.813035  42.873074  4.429753  
0.573715  0.294454  10.000000  0.960439  22346130.000000  0.080979  1.170172  8.131964  68.792076  3.402187  0.395540  0.488867  24.959564  0.304993  1.425220  3.241481  
0.237659  0.025874  0.043878  10.000000  3269709.500000  0.045647  0.047527  0.402512  8.755870  0.478199  0.069257  0.068327  5.277941  0.109808  0.784420  0.240332  
0.000000  0.000000  0.000000  0.000000  10.000000  0.000000  0.000000  0.000000  0.000000  0.000000  0.000000  0.000000  0.000000  0.000000  0.000000  0.000000  
2.015503  0.048941  0.393012  4.849174  281187584.000000  10.000000  0.687920  8.214930  58.467754  30.125174  0.976845  1.195341  22.852751  1.383015  2.212028  6.961110  
0.150007  0.125501  0.419433  0.372886  2565463.750000  0.050806  10.000000  0.846860  6.644506  0.302103  0.239934  0.013758  2.611681  0.611222  0.170973  12.154370  
0.194436  0.026935  0.804199  0.871309  394119.187500  0.167394  0.233651  10.000000  9.341132  0.622310  0.154994  0.020641  13.807857  0.299845  0.258057  0.322468  
0.023785  0.002844  0.050835  0.141626  609300.500000  0.008902  0.013698  0.069799  10.000000  0.076381  0.047417  0.011408  0.952633  0.021644  0.042983  0.109446  
0.396009  0.022105  0.060054  0.184763  7877673.500000  0.109567  0.014877  0.111076  1.824510  10.000000  0.012159  0.030655  0.129439  0.105991  0.935280  1.572940  
0.723228  0.016924  0.254156  0.974088  26247954.000000  0.129331  0.430119  1.007064  41.231400  0.442623  10.000000  0.280826  1.647310  0.120869  1.669608  2.110575  
2.414124  0.512506  1.841411  5.633447  1448265.875000  0.927724  0.144575  0.786175  58.151863  6.541539  1.646220  10.000000  57.842751  0.663392  2.024811  2.266667  
0.048541  0.002146  0.042707  0.197673  566106.125000  0.008057  0.012467  0.238900  2.205787  0.012547  0.004387  0.026275  10.000000  0.025264  0.021502  0.058995  
2.223766  0.095581  0.292407  2.304387  20137344.000000  0.273207  1.634872  2.906873  28.080576  5.756864  0.180344  0.168853  14.156009  10.000000  1.103290  3.380986  
0.071033  0.047949  0.060964  0.734460  1629461.375000  0.019496  0.020404  0.111620  2.488096  2.266493  0.111147  0.022994  0.537550  0.049225  10.000000  1.292904  
0.090716  0.001273  0.035629  0.057823  1943332.125000  0.015766  0.372722  0.035841  1.627954  0.979479  0.036104  0.006614  0.378985  0.038762  0.332228  10.000000  
0.109602  1.827559  0.295510  0.063163  0.000000  0.651012  0.176921  0.092930  0.008033  0.039261  0.236879  0.573525  0.012224  0.289349  0.061118  0.030982  