10.000000  2.699136  0.623915  3.422794  6.147429  12.592480  0.998480  0.435073  1.987531  0.021284  0.795922  1.672103  0.145016  3.682777  22.523449  0.262364  
0.167778  10.000000  0.457500  9.943945  2.639062  15.884373  0.410586  0.024992  0.032047  0.013881  2.558455  2.346258  0.283873  0.291192  2.841255  0.115695  
0.436426  5.148331  10.000000  68.071175  16.507671  5.469834  4.342557  0.334329  1.145009  0.031357  18.345280  3.165181  1.570760  0.706939  75.146973  1.348782  
0.000373  0.017433  0.010605  10.000000  0.096023  0.282103  0.057007  0.013905  0.003212  0.000131  0.044667  0.063970  0.002481  0.014177  0.140178  0.006652  
0.020583  0.142154  0.079017  2.950360  10.000000  2.410300  0.035636  0.017576  0.036351  0.000272  0.145862  0.218003  0.025149  0.107506  3.230255  0.016649  
0.007427  0.150723  0.004612  1.526896  0.424591  10.000000  0.012359  0.000432  0.002148  0.000120  0.349095  0.389040  0.004492  0.003485  2.117182  0.018281  
0.081498  0.539139  0.506718  42.698910  0.868711  1.710235  10.000000  0.212264  0.238813  0.000755  1.029514  2.064308  0.063650  0.232512  46.867451  0.030669  
0.562569  0.519878  0.618020  164.998291  6.787429  0.946768  3.362667  10.000000  0.171309  0.024803  8.199752  8.692515  0.352898  2.496940  139.695633  0.118953  
0.472752  0.122631  0.389353  7.011643  2.582329  0.866316  0.695938  0.031513  10.000000  0.020306  1.873456  1.070271  0.472075  0.107118  16.222326  0.273440  
16.024828  168.136276  33.752251  902.076355  61.135509  153.460953  6.960147  14.442223  64.276726  10.000000  120.157791  420.417084  1.814416  36.578529  2946.161377  6.098094  
0.005995  0.310003  0.197532  3.087237  0.328110  4.457818  0.095000  0.047762  0.059323  0.001202  10.000000  0.346981  0.027330  0.271220  1.935796  0.052741  
0.019807  0.447110  0.053600  6.953583  0.771242  7.813080  0.299582  0.079630  0.053299  0.006614  0.545702  10.000000  0.036593  0.081800  4.990396  0.007736  
0.212682  6.697743  3.293353  33.384041  11.015811  11.170647  1.143680  0.400266  2.910753  0.003534  5.321841  4.530709  10.000000  1.213965  338.516357  1.291110  
0.464517  0.590875  0.127474  16.408966  4.049847  0.745281  0.359306  0.243568  0.056803  0.006128  4.542033  0.871025  0.104404  10.000000  6.250422  0.022196  
0.000457  0.000927  0.002179  0.026089  0.019566  0.072800  0.011645  0.002191  0.001383  0.000079  0.005213  0.008544  0.004681  0.001005  10.000000  0.000439  
0.369536  2.621538  2.715873  85.981720  7.003405  43.655148  0.529225  0.129572  1.619182  0.011408  9.862910  0.919881  1.239945  0.247863  30.488682  10.000000  
0.303699  0.075718  0.254001  0.003170  0.017573  0.007376  0.086765  0.345343  0.148116  8.333327  0.026357  0.033053  0.367790  0.107859  0.001368  0.360429  