10.000000  0.006051  0.010637  1.687259  0.088785  1.698545  0.019334  0.028269  0.015755  0.493733  1.272161  0.006021  310358.031250  0.401701  0.120402  3.456856  
13.088310  10.000000  1.278349  9.329373  1.066162  43.670406  1.861719  1.821732  0.247591  5.287323  44.303600  1.390493  6554584.500000  8.960716  7.092934  142.214539  
4.849318  0.269415  10.000000  2.682158  0.331925  10.221879  0.079341  1.510157  0.197776  2.356049  29.198475  0.328835  4184416.500000  21.499626  8.925162  160.225983  
1.436975  0.003673  0.005011  10.000000  0.022036  1.745837  0.002667  0.026338  0.010050  0.353453  2.303170  0.004332  10519.433594  0.179155  0.076613  3.676356  
10.083386  0.055976  0.082688  2.938551  10.000000  11.714959  0.145602  0.487089  0.228309  1.129312  3.970933  0.118120  2439745.250000  3.435961  1.652009  73.008179  
0.725904  0.008628  0.009582  0.876069  0.044084  10.000000  0.007903  0.034664  0.015766  0.005603  1.316203  0.010617  58368.644531  0.184936  0.216675  1.730954  
13.165033  0.586035  0.118504  2.132055  0.872970  12.591877  10.000000  0.541929  0.537142  7.000447  17.944664  0.076803  1400067.500000  1.634293  1.693511  39.232330  
6.015916  0.179223  0.704949  6.581353  0.912725  17.261551  0.169372  10.000000  0.591923  3.259389  4.257163  0.323798  4181948.250000  1.458060  1.112164  31.057608  
25.883165  0.188039  0.712709  19.385925  3.302605  60.606747  1.295958  4.569493  10.000000  3.822882  4.558191  0.053011  724551.125000  1.947755  2.995670  14.729292  
4.227712  0.020930  0.044252  3.553669  0.085145  0.112264  0.088032  0.131145  0.019925  10.000000  5.713243  0.010445  424199.281250  0.528047  0.731727  6.049103  
0.574574  0.009250  0.028927  1.221413  0.015792  1.390993  0.011903  0.009035  0.001253  0.301352  10.000000  0.002671  34113.679688  0.122238  0.128884  1.356359  
17.193460  1.835677  2.059839  14.524316  2.970111  70.943085  0.322104  4.345039  0.092146  3.483637  16.891161  10.000000  15542253.000000  7.534369  20.469172  42.114567  
0.000002  0.000000  0.000000  0.000000  0.000000  0.000001  0.000000  0.000000  0.000000  0.000000  0.000001  0.000000  10.000000  0.000002  0.000001  0.000005  
1.022821  0.010548  0.120078  0.535623  0.077033  1.101835  0.006111  0.017445  0.003019  0.157021  0.689128  0.006718  560212.500000  10.000000  0.309109  11.645355  
0.902668  0.024583  0.146774  0.674417  0.109054  3.801042  0.018646  0.039180  0.013671  0.640666  2.139401  0.053738  771952.625000  0.910146  10.000000  6.529042  
0.064261  0.001222  0.006533  0.080245  0.011950  0.075292  0.001071  0.002713  0.000167  0.013132  0.055826  0.000274  12600.330078  0.085021  0.016189  10.000000  
0.016616  0.772818  0.354784  0.015334  0.177078  0.010863  0.433592  0.242399  0.673492  0.048623  0.011167  0.887955  0.000000  0.026514  0.045497  0.002266  