10.000000  0.265993  0.700870  0.533344  5.300978  0.553705  114.746613  0.261584  3.860880  9.793220  8.881968  0.716274  1.417723  5.297365  2.328183  0.207047  
0.161874  10.000000  0.836932  1.652654  0.591345  0.164202  50.797836  0.020743  0.205547  16.618011  8.334826  0.073534  3.274798  3.458495  0.502807  0.048703  
0.046535  0.091311  10.000000  0.424844  0.017708  0.059110  30.004240  0.068507  0.904622  1.219850  1.059136  0.101847  0.317251  0.666235  0.179964  0.010978  
0.030710  0.156365  0.368431  10.000000  0.181242  0.031651  28.194544  0.025529  2.285799  1.933285  2.178151  0.039030  0.244583  1.157811  0.116208  0.000912  
0.247726  0.045410  0.012464  0.147098  10.000000  0.058174  3.946402  0.060165  0.521915  3.624084  0.143434  0.051674  0.083404  1.014363  0.488214  0.025508  
3.845042  1.873667  6.182194  3.817189  8.644401  10.000000  117.496033  0.228918  1.877544  1.457564  40.111141  1.129867  1.867140  0.966437  2.720335  1.366635  
0.004298  0.003127  0.016927  0.018341  0.003163  0.000634  10.000000  0.001607  0.021046  0.018536  0.011966  0.003540  0.004913  0.009604  0.008203  0.000461  
1.624127  0.211627  6.406241  2.752840  7.993441  0.204676  266.354584  10.000000  29.300034  5.411067  22.174553  0.634741  1.311902  12.751680  1.877014  0.873732  
0.038208  0.003342  0.134832  0.392860  0.110522  0.002676  5.560295  0.046701  10.000000  0.118721  0.701822  0.011553  0.047647  0.169837  0.027360  0.003830  
0.066365  0.185049  0.124504  0.227534  0.525531  0.001422  3.353558  0.005906  0.081298  10.000000  0.698132  0.052162  0.115662  0.246108  0.225638  0.017928  
0.040668  0.062709  0.073039  0.173207  0.014053  0.026448  1.462757  0.016353  0.324717  0.471699  10.000000  0.010663  0.072632  0.255329  0.060712  0.019188  
1.021988  0.172403  2.188634  0.967163  1.577681  0.232151  134.848160  0.145866  1.665717  10.982579  3.322821  10.000000  1.470635  1.598053  0.149538  0.382380  
0.382015  1.449992  1.287514  1.144589  0.480903  0.072451  35.340454  0.056935  1.297359  4.599014  4.274409  0.277733  10.000000  0.239542  0.223497  0.162824  
0.214147  0.229737  0.405639  0.812875  0.877465  0.005626  10.365256  0.083025  0.693778  1.468125  2.254281  0.045277  0.035937  10.000000  0.141393  0.028293  
0.397970  0.141230  0.463317  0.344988  1.785778  0.066963  37.434998  0.051676  0.472581  5.691537  2.266556  0.017915  0.141780  0.597873  10.000000  0.056504  
1.367406  0.528543  1.091971  0.104621  3.604920  1.299744  81.223648  0.929389  2.555967  17.472328  27.676895  1.769933  3.990772  4.622206  2.183119  10.000000  
0.332432  0.259332  0.085659  0.079769  0.071864  0.876020  0.002035  0.828337  0.033070  0.027366  0.022494  0.397087  0.172563  0.066839  0.137442  0.854312  