10.000000  0.007024  0.035900  0.081900  7691.614746  0.288090  2.809659  0.040759  0.256029  0.346745  0.568771  1.949530  1.114084  0.108156  603.562195  134.254242  
0.013348  10.000000  0.097439  0.250798  50223.769531  0.665419  4.406078  0.009590  7.052505  0.400563  0.683447  2.115009  3.240894  0.145614  534.964417  327.981232  
0.096753  0.138197  10.000000  0.732432  13493.026367  1.293969  4.418153  0.160941  0.159418  1.110797  0.876499  2.065647  23.990244  0.314042  529.797302  26.901884  
0.513242  0.827093  1.703069  10.000000  38486.859375  2.479403  8.136074  0.082831  1.903941  0.397403  0.051719  0.691394  9.174137  0.311234  440.493683  2651.185303  
0.000001  0.000003  0.000001  0.000001  10.000000  0.000013  0.000040  0.000001  0.000002  0.000004  0.000005  0.000019  0.000027  0.000003  0.009818  0.008590  
0.374027  0.454637  0.623343  0.513671  157916.234375  10.000000  0.129613  0.231631  0.454232  0.264087  0.945943  0.502971  1.583063  0.277808  46.179966  1404.599487  
0.201845  0.166576  0.117770  0.093270  27027.361328  0.007172  10.000000  0.003853  0.251925  0.125643  0.187369  0.062968  0.920604  0.124169  11.824265  63.901714  
6.495893  0.804276  9.517212  2.106530  1009002.625000  28.433756  8.548451  10.000000  1.691976  4.978522  3.405602  22.641928  108.905861  3.480237  679.679504  7584.308594  
0.130991  1.898849  0.030264  0.155442  11377.008789  0.179001  1.794150  0.005432  10.000000  0.026250  0.240286  2.246765  3.517056  0.035722  216.793854  220.401932  
1.445138  0.878546  1.717759  0.264298  143304.531250  0.847758  7.289099  0.130193  0.213835  10.000000  1.084415  2.625018  1.580023  0.164630  1552.617554  85.666626  
0.728934  0.460947  0.416803  0.010577  64765.847656  0.933773  3.342606  0.027386  0.601903  0.333463  10.000000  0.358396  12.482866  0.498875  71.124245  127.230591  
0.142995  0.081639  0.056218  0.008092  13322.682617  0.028416  0.064291  0.010421  0.322104  0.046198  0.020512  10.000000  0.847556  0.030746  160.608963  55.573498  
0.015357  0.023510  0.122703  0.020180  3524.365967  0.016808  0.176645  0.009420  0.094759  0.005226  0.134263  0.159283  10.000000  0.022643  23.628353  2.982334  
1.110074  0.786497  1.195957  0.509742  303396.250000  2.196189  17.739847  0.224128  0.716606  0.405425  3.995219  4.302231  16.859482  10.000000  3135.304932  2624.078125  
0.001821  0.000849  0.000593  0.000212  281.339294  0.000107  0.000497  0.000013  0.001278  0.001124  0.000167  0.006606  0.005171  0.000922  10.000000  1.167710  
0.000390  0.000502  0.000029  0.001230  237.209763  0.003145  0.002586  0.000138  0.001252  0.000060  0.000289  0.002203  0.000629  0.000743  1.125354  10.000000  
0.059738  0.082348  0.098070  0.149544  0.000001  0.068067  0.016012  0.754152  0.042730  0.121956  0.067628  0.016179  0.007014  0.191382  0.000104  0.000102  