10.000000  782.865234  1.737132  771.966309  7.669375  0.977132  3.661840  0.863042  2.556234  6.653359  30.690754  5.808514  2.670221  1.942676  448.220001  127.653893  
0.000287  10.000000  0.006330  0.265928  0.015621  0.000197  0.001417  0.001039  0.002464  0.009304  0.001190  0.033111  0.001440  0.005229  1.430869  0.001039  
0.011964  118.735641  10.000000  5.755061  0.213791  0.153377  0.009481  0.198837  0.965843  0.018466  0.541310  5.661355  0.354407  0.248170  83.397598  3.941431  
0.000548  0.514537  0.000594  10.000000  0.022573  0.002051  0.000351  0.000751  0.002044  0.053231  0.007348  0.010155  0.000558  0.001415  1.109110  0.045372  
0.003470  19.252636  0.014046  14.378645  10.000000  0.014868  0.033551  0.015758  0.044812  0.425455  0.119134  0.307753  0.027561  0.019574  32.848419  0.181972  
0.210885  116.059654  4.806411  623.275574  7.091792  10.000000  1.992888  0.567804  3.613135  23.368368  1.480417  3.108171  0.444790  0.218503  1427.308594  5.460252  
0.202613  213.609573  0.076168  27.309292  4.102769  0.510926  10.000000  0.275471  1.081581  3.691472  0.689606  9.463631  0.252713  1.153599  273.022705  11.771765  
0.098483  323.038300  3.294538  120.623848  3.974112  0.300217  0.568115  10.000000  0.278477  4.032103  1.061248  34.073280  0.250642  0.301868  187.617996  1.807454  
0.038090  99.986580  2.089695  42.871922  1.475734  0.249460  0.291273  0.036364  10.000000  2.919404  0.545243  1.030398  0.108272  0.270796  255.378357  0.516368  
0.014695  55.972748  0.005922  165.503387  2.076681  0.239139  0.147349  0.078040  0.432713  10.000000  0.423369  0.353986  0.032610  0.049103  35.931908  1.201331  
0.088811  9.382438  0.227443  29.931952  0.761898  0.019850  0.036066  0.026912  0.105887  0.554707  10.000000  1.059996  0.420588  0.052406  13.148184  4.818777  
0.000649  10.080583  0.091881  1.597840  0.076022  0.001610  0.019117  0.033375  0.007729  0.017915  0.040943  10.000000  0.015692  0.007332  4.037906  0.215441  
0.224031  329.170776  4.317490  65.906296  5.110465  0.172911  0.383196  0.184283  0.609636  1.238778  12.194363  11.779091  10.000000  0.866164  95.711342  5.189467  
0.082590  605.568176  1.531950  84.684296  1.839129  0.043042  0.886369  0.112465  0.772613  0.945204  0.769926  2.788676  0.438901  10.000000  123.528969  2.037288  
0.000077  0.666974  0.002072  0.267197  0.012424  0.001132  0.000844  0.000281  0.002933  0.002784  0.000778  0.006182  0.000195  0.000497  10.000000  0.011172  
0.034743  0.770433  0.155761  17.383898  0.109457  0.006886  0.057904  0.004311  0.009432  0.148042  0.453227  0.524604  0.016834  0.013043  17.767290  10.000000  
0.814948  0.000494  0.067631  0.000687  0.017335  0.378596  0.191696  0.275293  0.099480  0.038299  0.043839  0.008616  0.236054  0.168033  0.000337  0.013445  