10.000000  1.070277  1.711166  1.631773  2.278215  0.559975  5.423131  5.548762  5.768286  0.303822  200.896729  0.753778  3.034442  175.501907  2.541377  0.349533  
0.937933  10.000000  2.147143  1.376704  2.377245  1.960111  1.942631  12.125565  3.988787  0.984785  17.248970  0.361828  0.486667  56.157490  8.927987  0.241094  
0.315288  0.451440  10.000000  1.017028  1.765105  2.202096  1.106805  4.145967  0.045393  0.532946  43.692585  0.255897  0.709493  22.590559  2.525278  0.348879  
0.071814  0.069138  0.242924  10.000000  0.130503  0.349268  0.358676  1.364572  0.131202  0.241930  4.961632  0.159923  3.731843  27.681866  0.726333  0.365296  
0.171266  0.203927  0.720164  0.222918  10.000000  0.963996  0.518444  14.722162  0.222507  0.323276  7.512359  0.072618  0.654725  12.899640  0.116802  0.460545  
0.116158  0.463966  2.479150  1.646220  2.659993  10.000000  0.217208  12.453316  1.508269  0.163257  21.056845  0.410706  0.166569  50.889675  0.803888  0.355687  
0.149697  0.061190  0.165813  0.224965  0.190366  0.028904  10.000000  3.199600  0.310939  0.036243  12.226162  0.136358  0.162782  7.011655  0.188916  0.011493  
0.004765  0.011883  0.019325  0.026629  0.168190  0.051559  0.099549  10.000000  0.019114  0.060287  4.187924  0.042195  0.207725  12.663505  0.158276  0.026574  
0.111803  0.088221  0.004775  0.057782  0.057369  0.140930  0.218332  0.431362  10.000000  0.102283  17.756247  0.232301  1.310222  15.825756  1.299011  0.304278  
0.049917  0.184628  0.475225  0.903169  0.706527  0.129307  0.215723  11.533196  0.867017  10.000000  3.126331  0.497286  2.697998  62.587090  4.252488  0.003244  
0.015601  0.001529  0.018415  0.008755  0.007760  0.007883  0.034396  0.378682  0.071142  0.001478  10.000000  0.005870  0.087174  0.617149  0.025067  0.001796  
0.184503  0.101062  0.339947  0.889442  0.236443  0.484630  1.209139  12.025919  2.933634  0.740859  18.503307  10.000000  1.954167  68.818382  0.357390  2.104516  
0.050698  0.009278  0.064335  1.416724  0.145511  0.013416  0.098528  4.041084  1.129414  0.274362  18.755226  0.133388  10.000000  18.051704  0.355402  0.229587  
0.005476  0.001999  0.003825  0.019625  0.005354  0.007655  0.007926  0.460069  0.025476  0.011886  0.247961  0.008772  0.033711  10.000000  0.022342  0.003085  
0.050442  0.202208  0.272029  0.327571  0.030839  0.076919  0.135840  3.657915  1.330236  0.513728  6.406808  0.028980  0.422209  14.212521  10.000000  0.076742  
0.156223  0.122962  0.846288  3.709805  2.738130  0.766381  0.186089  13.829823  7.016541  0.008824  10.335429  3.842819  6.141734  44.198074  1.728109  10.000000  
0.538319  0.503938  0.231072  0.112932  0.147597  0.245177  0.089438  0.015776  0.074945  0.218200  0.004744  0.266330  0.069582  0.003007  0.075840  0.359889  