10.000000  0.000554  0.487450  0.018190  0.152541  0.020237  6.469710  0.000272  0.030781  0.362428  0.219053  0.085457  75887.492188  0.073772  0.007072  0.000730  
5.474988  10.000000  11.471773  0.140529  2.614369  50.812817  2415.859375  0.078818  17.847368  45.537621  5.055507  0.488108  1336044.750000  2.488847  2.612102  0.014163  
2.749542  0.006543  10.000000  0.069350  0.043671  0.656702  7.986027  0.002018  0.021466  0.029225  1.039699  0.144968  73765.093750  0.202193  0.000653  0.004441  
115.464256  0.090193  78.041306  10.000000  5.655143  11.153896  68.514824  0.035927  7.062436  25.907192  8.355573  5.799500  934656.500000  9.346498  0.156814  0.127968  
17.894527  0.031010  0.908227  0.104512  10.000000  0.179687  122.578911  0.010462  0.820370  0.430833  2.525814  1.005708  164947.562500  1.078337  0.042063  0.013105  
0.090718  0.023031  0.521886  0.007877  0.006866  10.000000  28.545429  0.002712  0.186220  0.104661  0.520607  0.130643  43895.085938  0.031171  0.008442  0.001935  
0.091326  0.003448  0.019985  0.000152  0.014750  0.089890  10.000000  0.000032  0.022124  0.035881  0.008676  0.004896  3653.302002  0.014588  0.002589  0.000235  
118.047287  3.459493  155.301956  2.456968  38.715626  262.604706  983.833801  10.000000  26.656975  161.849060  19.642578  266.433777  17577348.000000  11.993072  8.147117  0.402598  
1.862713  0.109204  0.230294  0.067331  0.423198  2.513946  94.847412  0.003716  10.000000  1.645465  0.242413  1.814988  266281.406250  0.100000  0.015618  0.013558  
2.996733  0.038071  0.042840  0.033747  0.030367  0.193051  21.017466  0.003083  0.224827  10.000000  0.385782  0.348223  45028.093750  0.005977  0.003435  0.004926  
3.743076  0.008735  3.149611  0.022493  0.367916  1.984505  10.501850  0.000773  0.068449  0.797252  10.000000  0.091011  226963.625000  0.205235  0.022856  0.002135  
3.891663  0.002248  1.170389  0.041607  0.390416  1.327195  15.793972  0.027950  1.365825  1.917873  0.242551  10.000000  259202.890625  0.167055  0.142907  0.007351  
0.000021  0.000000  0.000004  0.000000  0.000000  0.000003  0.000071  0.000000  0.000001  0.000002  0.000004  0.000002  10.000000  0.000002  0.000000  0.000000  
8.546577  0.029154  4.152745  0.170585  1.064930  0.805591  119.722977  0.003201  0.191440  0.083748  1.391464  0.424981  813761.250000  10.000000  0.029313  0.004871  
16.840233  0.628873  0.275744  0.058824  0.853779  4.483950  436.718567  0.044688  0.614504  0.989064  3.184922  7.472063  2506415.750000  0.602475  10.000000  0.084933  
126.537163  0.248355  136.544739  3.496235  19.373392  74.863831  2883.130615  0.160838  38.855232  103.325523  21.666941  27.992249  5453757.000000  7.291754  6.185995  10.000000  
0.001084  0.107762  0.002574  0.086331  0.011736  0.002294  0.000129  0.713933  0.008429  0.003116  0.004479  0.007312  0.000000  0.011663  0.052875  0.451248  