10.000000  1.639620  75.840759  5.678766  0.176219  0.365950  21.645098  0.335480  0.077121  0.092560  0.367137  2196.235107  1.324170  1.346434  0.644278  3.577978  
0.347479  10.000000  19.627003  13.095142  0.170558  10.064498  4.687149  0.111405  0.292555  0.121195  0.983133  1612.152710  0.289989  1.801586  0.105729  5.170852  
0.025647  0.031318  10.000000  0.134554  0.001929  0.152136  0.101039  0.053266  0.008072  0.022563  0.009116  6.845973  0.023906  0.089273  0.009544  0.366834  
0.019326  0.210289  1.354127  10.000000  0.026244  0.155678  0.143538  0.075476  0.175317  0.012021  0.025513  151.548309  0.070865  1.139570  0.003989  0.259461  
0.317782  1.451323  10.289328  13.906482  10.000000  0.307862  58.304241  2.550499  1.251028  2.321511  0.496061  4926.724121  1.890477  7.891019  1.075332  8.797370  
0.002086  0.270703  2.564426  0.260749  0.000973  10.000000  0.953133  0.228051  0.026872  0.057755  0.024382  109.852562  0.076950  1.558107  0.024130  0.283217  
0.015851  0.016196  0.218799  0.030886  0.023676  0.122448  10.000000  0.093932  0.013517  0.019791  0.010772  81.767754  0.013997  0.586421  0.004327  0.371701  
0.049362  0.077347  23.176092  3.263176  0.208100  5.886638  18.873466  10.000000  0.558293  0.052230  0.035516  1238.699341  0.096876  2.690620  0.011528  4.077357  
0.034636  0.619972  10.720426  23.135653  0.311559  2.117185  8.289721  1.704076  10.000000  0.962025  0.421842  948.588440  1.233612  12.151358  0.464281  1.563263  
0.080112  0.494961  57.747429  3.057263  1.114210  8.769488  23.391254  0.307237  1.854001  10.000000  0.213889  658.790100  0.478484  0.921576  0.187948  15.747898  
0.114195  1.442932  8.385151  2.331831  0.085561  1.330481  4.575337  0.075079  0.292159  0.076866  10.000000  1830.447876  0.397412  7.387753  0.134070  4.338181  
0.000149  0.000518  0.001377  0.003030  0.000186  0.001311  0.007598  0.000573  0.000144  0.000052  0.000400  10.000000  0.000474  0.000700  0.000035  0.000516  
0.353339  0.365127  18.863722  5.556326  0.279732  3.602191  5.100256  0.175688  0.732953  0.147517  0.340934  1860.320923  10.000000  5.455274  0.233255  1.250919  
0.004373  0.027612  0.857464  1.087615  0.014213  0.887842  2.601048  0.059396  0.087882  0.003458  0.077147  33.409672  0.066404  10.000000  0.002947  0.519780  
1.401264  1.085068  61.382168  2.549117  1.296917  9.206861  12.852086  0.170408  2.248421  0.472292  0.937473  1112.239258  1.901207  1.973400  10.000000  10.345085  
0.020916  0.142635  6.341469  0.445689  0.028518  0.290457  2.967269  0.161997  0.020348  0.106365  0.081534  44.352699  0.027405  0.935502  0.027806  10.000000  
0.299678  0.137958  0.005511  0.017482  0.402432  0.022625  0.008110  0.114952  0.200830  0.278799  0.167134  0.000078  0.154803  0.017079  0.441955  0.022913  