10.000000  12.161775  0.087072  0.213934  0.421981  2993600.750000  0.046403  108.140915  3.271829  1192.918945  0.016383  0.352365  0.223993  1.573529  4572113.500000  5.429056  
0.340931  10.000000  0.042719  0.060275  0.055185  710323.125000  0.326626  1.014050  0.050023  50.566040  0.227244  1.926364  0.155090  0.806502  2267900.250000  7.050423  
2.154016  37.698112  10.000000  2.105075  0.198924  37994296.000000  1.463073  376.358093  2.147661  472.347229  13.056229  16.221325  3.522246  16.645523  20994356.000000  26.827040  
0.062137  0.624509  0.024715  10.000000  0.587864  447317.718750  0.248572  108.230659  0.049521  25.494673  1.229197  0.916874  0.055647  0.012627  2256297.750000  0.436953  
0.169527  0.790846  0.003230  0.813116  10.000000  711913.000000  2.710258  179.993179  0.670225  39.842308  0.138511  18.441275  0.010167  0.035999  3284213.000000  4.145380  
0.000000  0.000000  0.000000  0.000000  0.000000  10.000000  0.000000  0.000005  0.000000  0.000049  0.000000  0.000000  0.000000  0.000000  1.039804  0.000000  
0.019535  4.905103  0.024898  0.360288  2.840095  5475744.000000  10.000000  217.710114  0.759899  217.729080  2.455761  0.612745  0.319694  0.044045  5211784.000000  8.888532  
0.001192  0.000399  0.000168  0.004108  0.004939  3592.924316  0.005701  10.000000  0.004863  4.091640  0.001930  0.056937  0.003278  0.000220  15779.769531  0.001711  
0.847567  0.462260  0.022489  0.044167  0.432175  3181648.750000  0.467598  114.276474  10.000000  3859.145020  0.184246  12.192359  0.130665  0.006297  690040.937500  2.843693  
0.001291  0.001952  0.000021  0.000095  0.000107  3727.870605  0.000560  0.401730  0.016124  10.000000  0.001082  0.010025  0.000160  0.000041  3512.297363  0.009740  
0.000697  0.345116  0.022469  0.180175  0.014678  1267344.375000  0.248348  7.452933  0.030280  42.576160  10.000000  4.469904  0.299832  0.379928  1788095.625000  0.299515  
0.001004  0.195847  0.001869  0.008997  0.130826  4466.245605  0.004148  14.720522  0.134138  26.396856  0.299230  10.000000  0.023663  0.004675  1900856.625000  0.396178  
0.105842  2.614184  0.067277  0.090530  0.011959  1478754.875000  0.358831  140.511322  0.238340  69.997612  3.327808  3.923214  10.000000  0.094873  10289836.000000  4.537621  
1.398865  25.576220  0.598172  0.038649  0.079661  14852129.000000  0.093010  17.776747  0.021608  33.610584  7.933427  1.458161  0.178493  10.000000  6805674.500000  12.256006  
0.000000  0.000000  0.000000  0.000000  0.000000  0.177182  0.000000  0.000003  0.000000  0.000008  0.000000  0.000002  0.000000  0.000000  10.000000  0.000000  
0.062656  2.902573  0.012515  0.017362  0.119085  14725.684570  0.243669  1.791180  0.126688  103.852165  0.081192  1.604275  0.110827  0.159106  847858.812500  10.000000  
0.114168  0.019115  0.567847  0.061529  0.072363  0.000000  0.074076  0.000379  0.058108  0.000119  0.023557  0.006095  0.078480  0.107645  0.000000  0.012265  