10.000000  32.487427  0.948528  0.136785  0.097111  3.204575  0.013687  0.013512  0.076624  0.038011  0.425584  0.299461  144.121628  0.049274  0.890236  0.242278  
0.000099  10.000000  0.005513  0.000625  0.008649  0.004422  0.000076  0.002107  0.000024  0.000105  0.000789  0.009817  0.378210  0.000220  0.006597  0.000343  
0.001267  2.411038  10.000000  0.012481  0.009800  0.024572  0.002406  0.000567  0.000507  0.001346  0.078076  0.031423  0.016263  0.002891  0.014721  0.012542  
0.056856  85.141876  3.885092  10.000000  0.091485  4.307906  0.018330  0.025624  0.008028  0.012047  2.715921  0.358807  46.720112  1.613544  0.157081  0.023172  
0.024198  705.746887  1.828706  0.054842  10.000000  0.619885  0.008518  0.123651  0.036570  0.086436  3.029612  0.588164  161.245193  0.066665  0.590443  0.019915  
0.044432  20.079756  0.255142  0.143699  0.034493  10.000000  0.005166  0.003643  0.005078  0.004271  0.462056  0.061354  13.966082  0.007825  0.003038  0.024362  
1.936385  3524.459717  254.882721  6.238704  4.836161  52.707878  10.000000  0.845685  0.805004  0.587761  49.816757  16.962412  596.784790  6.066290  18.119732  1.130450  
0.764244  39033.550781  23.999445  3.486672  28.067398  14.859836  0.338100  10.000000  0.210964  0.587039  6.062505  35.230808  1634.637695  1.248493  28.824745  1.063070  
15.202493  1564.865356  75.341141  3.832085  29.118574  72.668259  1.128949  0.740028  10.000000  1.269837  10.146336  33.024475  542.721313  1.581730  3.357130  1.523132  
3.622867  3279.865479  96.064964  2.762417  33.062206  29.358408  0.395974  0.989229  0.610011  10.000000  50.085724  4.694423  679.513184  2.290686  45.938667  0.389479  
0.012257  7.440165  1.683949  0.188183  0.350175  0.959778  0.010142  0.003087  0.001473  0.015135  10.000000  0.581979  2.532644  0.041032  0.030102  0.100925  
0.027290  292.989532  2.144498  0.078666  0.215109  0.403259  0.010926  0.056765  0.015169  0.004489  1.841494  10.000000  26.469086  0.005877  0.188098  0.210028  
0.003372  2.898310  0.000285  0.002630  0.015142  0.023570  0.000099  0.000676  0.000064  0.000167  0.002058  0.006797  10.000000  0.002253  0.000405  0.000071  
0.128888  188.232529  5.663445  10.153845  0.699820  1.476271  0.112160  0.057739  0.020853  0.062866  3.726611  0.168693  251.820877  10.000000  0.430096  0.284212  
0.320269  777.238220  3.965925  0.135954  0.852478  0.078822  0.046077  0.183343  0.006087  0.173399  0.376007  0.742553  6.219746  0.059154  10.000000  0.000014  
2.096861  971.869141  81.289513  0.482485  0.691720  15.206791  0.069157  0.162670  0.066442  0.035367  30.328514  19.946550  26.256184  0.940390  0.000329  10.000000  
0.031759  0.000055  0.001161  0.020475  0.015853  0.003740  0.377747  0.238846  0.447341  0.310051  0.005390  0.009587  0.000154  0.051364  0.019049  0.093431  