10.000000  0.062477  0.244632  3.546888  0.719175  0.127581  0.386651  0.009160  6.398202  0.006013  1463.940552  0.011632  0.368823  0.091741  0.022424  0.002723  
3.039532  10.000000  1.358979  103.595024  4.420840  0.053197  1.089311  0.009390  6.921862  0.065117  1299.931885  0.928408  6.136859  3.529869  0.008870  0.006496  
4.227386  0.482711  10.000000  10.141075  0.243772  0.588822  0.333604  0.025377  13.433943  0.054606  175.090820  0.148030  1.410770  0.213648  0.286576  0.260787  
0.007250  0.004352  0.001200  10.000000  0.014823  0.002537  0.001958  0.000270  1.675852  0.000013  20.661949  0.000490  0.035399  0.051786  0.000066  0.000646  
0.022155  0.002799  0.000435  0.223400  10.000000  0.101074  0.000144  0.000710  0.070912  0.000285  54.194450  0.005223  0.396417  0.010287  0.021808  0.001326  
2.787852  0.023894  0.744577  27.121761  71.694717  10.000000  0.723590  0.025190  12.713943  0.001176  172.020081  0.391594  3.799379  0.168001  0.597512  0.059022  
13.892032  0.804477  0.693615  34.424732  0.168307  1.189747  10.000000  0.161817  117.663361  0.059831  3460.677490  0.008160  5.317806  2.909356  0.033780  0.135744  
37.795574  0.796434  6.059562  545.555054  95.064545  4.756593  18.583601  10.000000  1261.989624  1.584106  8183.179688  2.877099  2.881536  15.703015  1.033447  1.303610  
0.048719  0.001083  0.005920  6.243069  0.017528  0.004430  0.024937  0.002329  10.000000  0.000703  9.183368  0.001424  0.048676  0.001552  0.000267  0.000093  
33.536476  7.465559  17.625324  34.416660  51.524746  0.300271  9.288283  2.141337  514.675659  10.000000  12141.197266  8.052865  38.532177  0.955584  2.819282  0.193929  
0.005136  0.000094  0.000036  0.035465  0.006172  0.000028  0.000338  0.000007  0.004231  0.000008  10.000000  0.000064  0.000106  0.000013  0.000229  0.000012  
0.648386  1.063768  0.477511  13.355140  9.450562  0.998951  0.012660  0.038868  10.421402  0.080480  1020.998657  10.000000  0.748316  0.177662  0.089520  0.382061  
0.371156  0.126940  0.082155  17.428204  12.949468  0.174971  0.148944  0.000703  6.432918  0.006952  30.389977  0.013509  10.000000  0.015556  0.009000  0.049652  
0.877228  0.693778  0.118219  242.260269  3.193071  0.073515  0.774278  0.036390  1.948968  0.001638  35.194935  0.030475  0.147808  10.000000  0.046157  0.017576  
9.309174  0.075690  6.884529  13.471950  293.874542  11.351557  0.390309  0.103975  14.541348  0.209836  27091.078125  0.666682  3.712603  2.003956  10.000000  0.155879  
1.359964  0.066687  7.537299  157.846924  21.491825  1.349016  1.886963  0.157792  6.097673  0.017365  1651.795532  3.423172  24.642538  0.918028  0.187534  10.000000  
0.013261  0.092495  0.055126  0.000600  0.002328  0.061990  0.079488  0.851828  0.001157  0.990381  0.000025  0.099008  0.013303  0.041006  0.270192  0.296360  