10.000000  0.075636  0.067887  0.001851  2.388706  0.199122  0.093402  0.006768  0.002741  0.123867  0.004485  0.053306  19.496557  2.175636  0.002537  0.006432  
3.283251  10.000000  0.082957  0.844642  0.700499  29.901028  0.279882  0.068855  0.321828  2.047075  0.667733  0.923307  21.351160  3.458985  0.467075  0.030893  
2.426733  0.068313  10.000000  0.954810  0.777138  0.298127  0.000420  0.586049  0.025791  4.308973  0.021040  0.336085  7.294908  0.494134  0.079785  0.137233  
0.029710  0.312245  0.428632  10.000000  1.105889  1.197152  0.709594  0.144792  0.264109  1.063135  0.035760  1.756037  12.667673  0.534944  0.005518  0.207866  
2.204508  0.014893  0.020064  0.063600  10.000000  0.040375  0.047541  0.002997  0.005620  0.024809  0.009223  0.033073  36.735859  1.305609  0.015346  0.000501  
0.821962  2.843413  0.034427  0.307950  0.180590  10.000000  0.118514  0.019497  0.103554  0.882185  0.274606  0.253015  8.645272  0.529921  0.051490  0.002357  
6.964147  0.480738  0.000876  3.297016  3.840909  2.140667  10.000000  0.474948  0.110406  2.630377  0.421988  0.991270  9.019942  11.406634  0.186636  0.105539  
2.295796  0.538033  5.560964  3.060517  1.101348  1.602098  2.160648  10.000000  0.067289  4.451378  0.002732  0.128091  186.555847  2.805958  1.590936  0.217665  
4.445477  12.022965  1.170048  26.689920  9.874665  40.681877  2.401303  0.321708  10.000000  4.762144  1.939193  0.738207  170.687897  11.070962  1.263379  1.854283  
0.064949  0.024727  0.063206  0.034738  0.014095  0.112058  0.018498  0.006881  0.001540  10.000000  0.032282  0.000912  3.564154  1.325021  0.034567  0.051835  
1.454391  4.987693  0.190846  0.722557  3.240355  21.570133  1.835114  0.002611  0.387731  19.962772  10.000000  0.068417  423.599243  7.184808  1.118076  0.383825  
2.656149  1.059859  0.468485  5.452714  1.785688  3.054177  0.662461  0.018817  0.022683  0.086696  0.010514  10.000000  21.115013  6.666771  0.113203  0.142577  
0.083570  0.002108  0.000875  0.003384  0.170621  0.008977  0.000519  0.002357  0.000451  0.029136  0.005600  0.001816  10.000000  0.015207  0.002039  0.002762  
0.802301  0.029385  0.005098  0.012293  0.521694  0.047340  0.056415  0.003051  0.002518  0.931874  0.008171  0.049339  1.308324  10.000000  0.001063  0.036360  
0.565180  2.397230  0.497268  0.076611  3.704622  2.779015  0.557680  1.044970  0.173568  14.687289  0.768241  0.506148  105.996178  0.642409  10.000000  0.085843  
2.060272  0.227966  1.229732  4.149237  0.173995  0.182897  0.453407  0.205553  0.366267  31.665888  0.379179  0.916552  206.393036  31.583029  0.123421  10.000000  
0.018375  0.121064  0.109861  0.073608  0.017652  0.037333  0.158666  0.338417  0.739963  0.013306  0.330875  0.129708  0.001203  0.011158  0.274270  0.328867  