10.000000  0.013282  0.152548  0.161739  7459708.000000  0.036040  0.028684  1.143278  22.841263  5.903509  0.001940  0.007488  8.736120  0.054700  0.826879  2.307380  
3.261590  10.000000  3.118209  37.314476  85053560.000000  0.322583  16.985069  73.103218  22.400331  29.694429  0.295889  2.250085  34.138412  6.289490  2.107343  12.357581  
1.256929  0.104629  10.000000  0.341334  6610978.500000  0.034624  0.327630  7.933319  44.952297  1.302626  2.524460  0.002716  1.430956  3.315687  1.070668  8.933818  
0.029574  0.027785  0.007575  10.000000  2235501.750000  0.060932  0.017230  0.716689  0.000018  0.168000  0.039638  0.002183  1.198097  0.009765  1.602802  0.884828  
0.000000  0.000000  0.000000  0.000000  10.000000  0.000000  0.000000  0.000000  0.000000  0.000000  0.000000  0.000000  0.000001  0.000000  0.000000  0.000000  
1.486205  0.054173  0.173287  13.741959  47500188.000000  10.000000  0.221676  3.523518  6.689578  19.947268  0.385839  0.065463  4.403352  0.168256  3.687545  4.226201  
0.052181  0.125827  0.072334  0.171414  10698863.000000  0.009779  10.000000  1.690235  3.425089  0.110350  0.442806  0.146243  7.164917  0.032467  0.387483  6.228363  
0.266630  0.069428  0.224547  0.914093  6917366.500000  0.019927  0.216690  10.000000  3.117594  0.953462  0.184229  0.031204  4.503299  0.019920  0.090700  0.216153  
0.206057  0.000823  0.049217  0.000001  356749.406250  0.001463  0.016985  0.120595  10.000000  0.049032  0.128417  0.008237  0.193758  0.004105  0.083647  0.198800  
0.775964  0.015895  0.020780  0.120766  5034680.000000  0.063580  0.007973  0.537376  0.714400  10.000000  0.031946  0.026232  1.616361  0.134132  0.121529  0.053943  
0.010831  0.006728  1.710613  1.210329  109010224.000000  0.052239  1.359054  4.410515  79.477425  1.356972  10.000000  0.090997  12.285634  0.172959  7.446019  0.126807  
0.355356  0.434876  0.015647  0.566518  90444848.000000  0.075340  3.815339  6.350083  43.331463  9.471575  0.773507  10.000000  4.166294  0.831822  4.567263  3.163468  
0.097504  0.001552  0.001938  0.073131  6788405.500000  0.001192  0.043959  0.215516  0.239717  0.137250  0.024559  0.000980  10.000000  0.001530  0.542600  0.073697  
0.284947  0.133423  2.096250  0.278193  64992664.000000  0.021254  0.092970  0.444947  2.370397  5.315879  0.161372  0.091302  0.714002  10.000000  0.041838  2.114770  
0.196605  0.002040  0.030896  2.084180  65484736.000000  0.021261  0.050645  0.092470  2.204614  0.219837  0.317094  0.022881  11.559163  0.001910  10.000000  2.789072  
0.150990  0.003293  0.070951  0.316658  8355737.000000  0.006706  0.224046  0.060650  1.442043  0.026856  0.001486  0.004362  0.432090  0.026565  0.767602  10.000000  
0.116327  1.822890  0.333913  0.049743  0.000000  0.747016  0.156897  0.056177  0.011049  0.042174  0.274869  0.801389  0.012289  0.265502  0.056723  0.029757  