10.000000  0.000324  0.576652  0.000186  0.015921  0.055795  7.479757  0.010351  0.001873  0.000805  0.060348  0.000057  0.001696  0.002743  0.002650  1.401079  
382.239532  10.000000  292.542633  1.251989  48.685543  5.500898  19217.847656  22.408604  1.252056  1.547682  126.445419  1.398524  3.077486  6.664135  29.164858  22069.171875  
3.923739  0.001686  10.000000  0.002086  0.009517  0.125368  5.961754  0.029715  0.000387  0.002697  0.751030  0.000114  0.002032  0.006336  0.001204  5.062511  
9.389798  0.053447  15.450046  10.000000  0.144612  7.149852  2692.874756  11.913043  0.271526  1.335013  113.603386  0.055129  0.011651  0.437535  3.460598  3066.516846  
30.456339  0.078883  2.675581  0.005489  10.000000  0.208183  3458.209473  5.036430  0.116696  0.047993  0.382542  0.010122  0.006804  0.131127  0.072135  1970.955200  
1.143944  0.000096  0.377756  0.002908  0.002231  10.000000  3.626626  0.020804  0.005882  0.004151  0.046829  0.001023  0.010333  0.023910  0.166415  2.766372  
0.014265  0.000031  0.001671  0.000102  0.003448  0.000337  10.000000  0.003181  0.000211  0.000013  0.002247  0.000005  0.000008  0.000016  0.000311  1.023214  
3.287606  0.006028  1.387017  0.075070  0.836195  0.322273  529.750488  10.000000  0.061285  0.001521  0.017599  0.000690  0.086932  0.245072  0.489604  2979.682861  
64.398674  0.036464  1.957899  0.185237  2.097567  9.863983  3812.592529  6.634851  10.000000  0.137920  2.681128  0.018142  0.026198  0.110247  0.208548  1686.150391  
163.263916  0.265843  80.385315  5.371592  5.087917  41.056526  1342.199585  0.971337  0.813443  10.000000  121.198364  0.006178  0.619725  0.261798  0.725913  1390.561401  
0.666110  0.001182  1.218293  0.024879  0.002207  0.025211  13.005795  0.000612  0.000861  0.006596  10.000000  0.000808  0.010966  0.000633  0.002030  12.231175  
174.770706  3.635153  51.383274  3.356652  16.238485  153.130234  8267.385742  6.664138  1.619222  0.093484  224.757462  10.000000  2.227177  4.239755  1.142879  192.545715  
168.884094  0.259570  29.739445  0.023020  0.354213  50.185970  398.811707  27.256454  0.075873  0.304308  98.932869  0.072270  10.000000  0.565178  15.584638  10821.510742  
70.783539  0.145634  24.024601  0.223979  1.768596  30.089422  216.112885  19.908844  0.082726  0.033308  1.479669  0.035646  0.146436  10.000000  1.188899  5752.777344  
14.537599  0.135504  0.970750  0.376634  0.206852  44.524048  895.923401  8.456123  0.033270  0.019635  1.008856  0.002043  0.858484  0.252766  10.000000  3820.859619  
0.003352  0.000045  0.001780  0.000146  0.002465  0.000323  1.283483  0.022443  0.000117  0.000016  0.002651  0.000000  0.000260  0.000533  0.001666  10.000000  
0.000403  0.438292  0.001052  0.090558  0.017642  0.001826  0.000018  0.007189  0.074797  0.181650  0.001340  0.706627  0.127290  0.064792  0.029875  0.000020  