10.000000  259.205109  14162.561523  3.174621  124.862503  0.274422  0.016080  0.613325  1.736230  11.159637  0.233469  0.633159  2.971832  0.150444  180.825012  0.902139  
0.001392  10.000000  3.647454  0.006330  0.533269  0.000041  0.005597  0.003061  0.000545  0.023477  0.000887  0.070779  0.017260  0.000104  0.100824  0.005583  
0.000027  0.001313  10.000000  0.000006  0.008339  0.000199  0.000046  0.000026  0.000012  0.001612  0.000028  0.000113  0.000034  0.000093  0.001755  0.000140  
0.023319  8.658470  23.847464  10.000000  2.118511  0.035094  0.042916  0.039569  0.283295  1.464307  0.023755  1.556111  0.008027  0.033507  5.806576  0.242219  
0.003580  2.847721  123.663712  0.008270  10.000000  0.005886  0.000159  0.008646  0.001173  0.018993  0.000785  0.012444  0.002172  0.008117  0.637280  0.112292  
0.010390  0.292307  3901.296387  0.180891  7.771713  10.000000  0.106616  3.404769  0.197211  1.937191  0.069788  0.606939  0.279538  0.036693  11.231686  0.102207  
0.005334  345.800537  7883.938965  1.938273  1.835917  0.934174  10.000000  1.625100  0.029795  109.546692  0.343692  0.081775  5.201046  0.041069  4.982627  0.905873  
0.042074  39.101334  938.738342  0.369546  20.684887  6.168965  0.336047  10.000000  0.228997  3.318787  0.082193  0.779173  0.733994  0.167193  10.270427  0.569886  
0.269413  15.755253  957.069702  5.984643  6.347820  0.808244  0.013936  0.517982  10.000000  3.710376  1.488901  3.668628  0.468876  0.229676  4.235246  0.128172  
0.001833  0.718265  136.946152  0.032751  0.108818  0.008406  0.054249  0.007948  0.003928  10.000000  0.037316  0.007557  0.022009  0.000210  0.712184  0.002062  
0.082989  58.738403  5166.888184  1.149549  9.728215  0.655192  0.368261  0.425891  3.410720  80.740334  10.000000  0.390740  1.642523  0.445406  361.375214  0.426951  
0.008019  166.929764  742.414734  2.682956  5.496094  0.203016  0.003122  0.143845  0.299417  0.582536  0.013921  10.000000  0.257137  0.034891  2.220287  0.180655  
0.163570  176.921341  966.442139  0.060147  4.168899  0.406369  0.862910  0.588907  0.166313  7.373550  0.254331  1.117532  10.000000  0.004718  15.409540  1.497895  
0.254873  32.697304  81098.867188  7.728145  479.543518  1.641830  0.209729  4.128972  2.507574  2.170217  2.122828  4.667428  0.145209  10.000000  354.280365  4.364873  
0.001821  0.189075  9.138887  0.007960  0.223795  0.002987  0.000151  0.001508  0.000275  0.043653  0.010237  0.001765  0.002819  0.002106  10.000000  0.006837  
0.025142  28.977776  2022.392944  0.919020  109.137001  0.075233  0.076101  0.231521  0.023020  0.349796  0.033475  0.397551  0.758455  0.071804  18.921179  10.000000  
0.277004  0.000642  0.000012  0.023741  0.001483  0.053900  0.159547  0.072552  0.109117  0.003550  0.165151  0.031173  0.064987  0.360546  0.000879  0.046243  