10.000000  0.451302  0.005287  0.072142  0.023841  9.680955  1.337813  381582.000000  0.961855  2.684313  1.179440  0.430781  1440473.500000  29931.021484  113.364120  13.567355  
0.644807  10.000000  0.013010  0.020960  0.001509  0.878862  0.489212  174941.781250  0.023052  0.002045  0.016822  1.110130  17294402.000000  751976.812500  152.966904  100.140648  
1.302419  2.243049  10.000000  0.667439  0.180567  0.404695  20.239962  476402.562500  3.099988  1.049937  9.110286  5.386182  113899920.000000  928930.375000  11151.955078  393.118530  
4.103772  0.834493  0.154123  10.000000  0.482466  4.506605  4.562115  1685471.000000  0.220417  1.665607  1.886416  0.317478  159200112.000000  3159.824951  224.877487  783.422180  
13.989520  0.619768  0.430109  4.976823  10.000000  204.526917  8.920946  2830483.750000  3.084643  18.495956  4.398573  95.461983  2784268288.000000  112062.445312  829.246521  587.059631  
0.217794  0.013838  0.000037  0.001782  0.007842  10.000000  0.454082  22073.531250  0.046783  0.100147  0.223581  0.127443  4079467.250000  503.875366  268.842590  1.634786  
0.098348  0.025171  0.006040  0.005896  0.001118  1.483808  10.000000  146625.437500  0.044806  0.141909  0.367630  0.036130  462034.218750  137162.203125  22.918154  10.777409  
0.000001  0.000000  0.000000  0.000000  0.000000  0.000002  0.000005  10.000000  0.000001  0.000001  0.000000  0.000002  37.032349  0.100711  0.000401  0.000119  
4.074542  0.068346  0.053308  0.016414  0.022269  8.809084  2.581846  1276793.250000  10.000000  18.636190  0.060336  0.965145  41632240.000000  192342.296875  9008.373047  53.369736  
2.251214  0.001200  0.003574  0.024556  0.026435  3.733324  1.618913  521970.687500  3.689537  10.000000  0.247237  0.238461  6724141.000000  150169.796875  2450.931396  15.357119  
0.280801  0.002803  0.008805  0.007895  0.001785  2.366089  1.190591  43405.726562  0.003391  0.070186  10.000000  0.340749  70849.742188  12442.478516  348.179810  38.567211  
0.145039  0.261602  0.007362  0.001879  0.054775  1.907298  0.165475  225278.078125  0.076710  0.095733  0.481883  10.000000  210863552.000000  152.295242  80.800186  18.750675  
0.000000  0.000000  0.000000  0.000000  0.000000  0.000000  0.000000  0.005974  0.000000  0.000000  0.000000  0.000000  10.000000  0.000128  0.000012  0.000000  
0.000001  0.000009  0.000000  0.000000  0.000000  0.000000  0.000033  0.752977  0.000001  0.000003  0.000001  0.000000  5.927349  10.000000  0.000078  0.000050  
0.000220  0.000208  0.000088  0.000008  0.000003  0.023177  0.000605  331.109650  0.004124  0.005668  0.002836  0.000465  60404.656250  8.603799  10.000000  0.014205  
0.000737  0.003805  0.000087  0.000748  0.000054  0.003945  0.007960  2745.872803  0.000684  0.000994  0.008795  0.003024  67982.648438  155.007980  0.397639  10.000000  
0.015257  0.018237  0.239460  0.115070  0.369576  0.002288  0.004137  0.000000  0.031401  0.013972  0.007444  0.008853  0.000000  0.000000  0.000021  0.000112  