10.000000  285.429047  33.643795  0.000076  0.101735  0.000330  2.098565  1.167590  0.003176  12.063048  0.901853  0.013266  0.001710  0.001637  0.137472  0.000374  
0.002639  10.000000  0.288226  0.000815  0.002046  0.000009  0.011462  0.022265  0.000317  0.021781  0.000681  0.000039  0.000005  0.000012  0.000002  0.000010  
0.000920  0.852791  10.000000  0.000554  0.000475  0.000099  0.001148  0.087834  0.000032  1.452150  0.001640  0.000008  0.000008  0.000021  0.001250  0.000112  
0.004513  5241.490723  1203.762085  10.000000  0.406267  0.128117  29.101097  224.994293  0.020694  0.026088  0.291101  0.001467  0.085277  0.205111  0.904329  0.145073  
0.782898  1702.701294  133.683136  0.052564  10.000000  0.051642  11.017767  20.051075  0.350692  11.919548  0.541063  0.014533  0.002076  0.004471  0.010444  0.058477  
0.291662  867.021667  3201.655029  1.902501  5.927165  10.000000  35.405308  4383.403320  0.427519  9698.890625  1.155940  0.086232  0.400406  0.179263  0.207213  11.323488  
0.199388  117.777687  3.986855  0.046486  0.136030  0.003809  10.000000  4.131515  0.001010  0.795646  0.036357  0.000364  0.004072  0.000947  0.006154  0.004313  
0.002888  5.955706  7.940855  0.009356  0.006445  0.012275  0.107553  10.000000  0.001405  19.029097  0.001386  0.000177  0.000339  0.000225  0.000254  0.013900  
0.373648  4027.538818  135.646896  0.040932  5.361372  0.056946  1.250155  66.813377  10.000000  51.473362  0.306908  0.198834  0.140753  0.017204  0.150762  0.064483  
0.000651  0.127219  2.866645  0.000000  0.000084  0.000593  0.000452  0.415506  0.000024  10.000000  0.000266  0.000027  0.000020  0.000003  0.000031  0.000672  
10.580485  864.583496  703.323242  0.057419  0.824863  0.015354  4.489376  6.572654  0.030605  57.819996  10.000000  0.120760  0.080349  0.015044  0.098297  0.017386  
34.816040  11172.946289  764.763428  0.064717  4.956171  0.256224  10.061126  188.120697  4.435390  1291.190308  27.013453  10.000000  1.070628  0.082759  0.259421  0.290135  
1.534915  447.238556  259.799805  1.286912  0.242087  0.406910  38.465363  122.860115  1.073863  330.276642  6.147326  0.366174  10.000000  0.060951  0.011783  0.460764  
29.029131  23499.435547  13692.628906  61.170067  10.306734  3.600165  176.817032  1611.454712  2.593837  1001.285889  22.746460  0.559370  1.204510  10.000000  5.052299  4.076642  
26.371792  40.524311  8761.505859  2.916702  0.260351  0.045005  12.426211  19.673759  0.245828  111.105705  1.607301  0.018963  0.002518  0.054639  10.000000  0.050962  
0.257572  765.684326  2827.445312  1.680137  5.234396  8.831200  31.267136  3871.070068  0.377550  8565.284180  1.020834  0.076153  0.353606  0.158311  0.182994  10.000000  
0.006151  0.000019  0.000032  0.047438  0.017063  0.182802  0.001896  0.000306  0.066717  0.000045  0.021068  0.315106  0.184281  0.819215  0.085193  0.161437  