10.000000  0.023536  0.083249  0.385614  0.018394  0.442627  1452.820435  0.023935  10923.126953  87.341194  12.229167  0.005103  2.310203  33.097801  0.034934  0.931743  
0.749815  10.000000  1.144618  1.186929  2.064110  0.414534  819.843201  0.100362  21097.990234  10.160451  15.230791  1.188613  1398.762573  341.265320  0.265324  0.872607  
1.682104  0.725949  10.000000  0.116829  0.262576  7.789480  16449.449219  0.553719  10086.259766  358.651917  47.750774  0.616697  366.980286  113.658630  1.904731  16.397079  
6.878338  0.664547  0.103135  10.000000  0.005379  8.589340  14831.554688  0.332002  1238.221313  1198.076660  220.492523  0.098725  27.654064  70.273155  0.074515  18.080807  
0.450239  1.585881  0.318088  0.007381  10.000000  46.407955  4478.964355  0.072908  63280.625000  969.525269  19.240772  2.857527  21.652882  115.527664  0.009382  97.690094  
0.050128  0.001474  0.043659  0.054534  0.214715  10.000000  173.769058  0.003567  210.390091  3.961877  1.203080  0.027550  120.992409  9.767096  0.003687  21.050293  
0.000009  0.000000  0.000005  0.000005  0.000001  0.000009  10.000000  0.000006  0.037668  0.000741  0.000189  0.000001  0.008231  0.001662  0.000000  0.000019  
1.675133  0.220472  1.917914  1.302639  0.208461  2.204077  72788.851562  10.000000  1167.327637  81.497536  57.022896  0.507903  212.334885  33.209492  0.491242  4.639647  
0.000206  0.000013  0.000009  0.000001  0.000049  0.000035  0.118239  0.000000  10.000000  0.006111  0.000292  0.000009  0.007820  0.007092  0.000000  0.000074  
0.011782  0.000043  0.002394  0.009060  0.005343  0.004719  16.603678  0.000157  43.614658  10.000000  0.171264  0.011773  1.999205  0.020695  0.000002  0.009934  
0.013741  0.000537  0.002655  0.013889  0.000883  0.011937  35.204491  0.000915  17.387560  1.426602  10.000000  0.026805  3.610084  2.473963  0.000131  0.025127  
0.031530  0.230513  0.188574  0.034196  0.721285  1.503028  619.343811  0.044838  2950.595703  539.246948  147.395630  10.000000  173.044907  34.862614  0.016217  3.163919  
0.000012  0.000235  0.000097  0.000008  0.000005  0.005720  7.319474  0.000016  2.215416  0.079356  0.017203  0.000150  10.000000  0.233179  0.000350  0.012042  
0.002793  0.000904  0.000475  0.000332  0.000398  0.007277  23.295284  0.000040  31.659466  0.012945  0.185781  0.000476  3.674606  10.000000  0.000104  0.015319  
0.552293  0.131664  1.490324  0.066044  0.006059  0.514712  1269.757935  0.110969  305.018005  0.278990  1.842553  0.041497  1032.541992  19.550591  10.000000  1.083485  
0.023813  0.000700  0.020740  0.025907  0.102001  4.750529  82.549507  0.001694  99.946426  1.882102  0.571527  0.013088  57.477787  4.639886  0.001752  10.000000  
0.051519  0.290792  0.231582  0.217587  0.254889  0.017338  0.000004  0.430998  0.000007  0.000598  0.001727  0.128059  0.000119  0.000473  0.204847  0.008236  