10.000000  0.053561  0.001918  0.306579  2.512315  0.010338  0.678596  0.056917  0.025378  0.002857  1.016488  0.682357  0.002709  0.196957  23601392.000000  0.009754  
42.943146  10.000000  2.468666  1.423142  1.091030  0.282111  0.312356  19.966623  0.388619  0.424318  69.726761  85.072632  0.151398  6.149329  1848665472.000000  0.305487  
0.554217  0.889910  10.000000  1.494361  2.662074  0.284305  3.930223  2.992704  0.193889  0.172049  250.282440  13.810831  0.069075  5.534466  3696096000.000000  0.147323  
3.899766  0.022579  0.065769  10.000000  0.916905  0.156145  0.034722  2.851669  0.000880  0.018267  20.672131  1.424316  0.004250  0.476619  1740471424.000000  0.001428  
12.204540  0.006611  0.044744  0.350168  10.000000  0.045358  1.766769  0.215795  0.067058  0.014830  4.839130  1.346896  0.021351  0.024619  101752632.000000  0.018169  
20.841324  0.709319  1.982994  24.745750  18.822561  10.000000  23.144955  13.376681  4.196043  0.098124  11.032496  35.836826  0.050014  41.455601  6495264768.000000  0.018239  
0.732783  0.000421  0.014684  0.002948  0.392732  0.012398  10.000000  0.795482  0.074902  0.014169  4.084135  0.535901  0.003590  0.041688  34679852.000000  0.011213  
0.083082  0.036351  0.015115  0.327240  0.064842  0.009686  1.075300  10.000000  0.113836  0.001870  0.128945  2.444424  0.006096  0.093713  148916256.000000  0.000247  
1.615642  0.030857  0.042708  0.004404  0.878795  0.132512  4.415867  4.964765  10.000000  0.018128  10.650715  5.664514  0.020013  2.897801  139071296.000000  0.065128  
29.874100  5.534563  6.225305  15.017982  31.926189  0.509036  137.221985  13.394156  2.977804  10.000000  115.425682  854.220703  0.123929  5.341280  3893431808.000000  0.326096  
0.006173  0.000528  0.005259  0.009869  0.006049  0.000033  0.022967  0.000536  0.001016  0.000067  10.000000  0.061317  0.000785  0.065252  12772406.000000  0.000641  
0.102313  0.015910  0.007165  0.016789  0.041573  0.002666  0.074412  0.251093  0.013341  0.012248  1.514042  10.000000  0.000083  0.003549  34425292.000000  0.000845  
82.461723  5.747846  7.274843  10.171136  133.784088  0.755186  101.197083  127.112267  9.568825  0.360715  3933.964600  16.822451  10.000000  105.917358  5308697600.000000  1.135808  
1.031807  0.040180  0.100316  0.196291  0.026549  0.107731  0.202242  0.336328  0.238457  0.002676  56.292820  0.124002  0.018229  10.000000  6261303.500000  0.016194  
0.000000  0.000000  0.000000  0.000000  0.000000  0.000000  0.000000  0.000000  0.000000  0.000000  0.000000  0.000000  0.000000  0.000000  10.000000  0.000000  
61.404785  2.398638  3.208920  0.706810  23.545322  0.056957  65.368950  1.067139  6.440208  0.196302  665.026367  35.498180  0.234904  19.460348  5388791808.000000  10.000000  
0.012143  0.343833  0.206438  0.043308  0.026764  0.545203  0.012618  0.014671  0.096887  1.241778  0.000946  0.004702  2.118559  0.027793  0.000000  0.963460  