10.000000  0.014618  0.828466  0.000111  0.043099  0.004323  0.013130  0.001900  0.001035  0.001723  48.971466  0.003063  0.000552  0.001121  1.004005  0.000056  
3.697168  10.000000  10.825494  0.009115  0.099749  1.260542  0.044498  0.000316  0.033884  0.527410  18.689730  0.443242  0.052314  0.032996  0.844062  0.004692  
0.978080  0.050532  10.000000  0.000151  0.092891  0.314663  0.000268  0.003012  0.035849  0.069878  15.257347  0.018679  0.000650  0.002151  0.250342  0.000759  
4.360357  1.410451  5.014593  10.000000  0.579409  29.569105  1.066164  2.600577  3.426883  0.940314  97.982018  0.258885  0.217698  0.441987  0.448761  0.443603  
1.725383  0.015789  3.149871  0.000593  10.000000  0.160666  0.003943  0.047513  0.010482  1.427916  25.355253  0.739853  0.027381  0.002544  0.079644  0.003551  
0.061927  0.071403  3.818444  0.010825  0.057497  10.000000  0.022022  0.010375  0.006986  0.115517  13.652972  0.226063  0.002526  0.009424  0.109770  0.005367  
225.773605  3.025318  3.904209  0.468465  1.693442  26.432568  10.000000  4.213969  0.227733  1.676444  2359.601074  3.030027  0.082256  1.436830  108.872116  0.021968  
5.037387  0.003309  6.762348  0.176134  3.145829  1.919423  0.649548  10.000000  1.186324  0.954637  23.963570  1.868433  0.179944  0.301919  34.654831  0.004354  
0.718081  0.092969  21.072048  0.060766  0.181703  0.338387  0.009190  0.310594  10.000000  1.601613  46.445354  0.798199  0.025813  0.007873  2.482237  0.009513  
0.374552  0.453320  12.867149  0.005223  7.753933  1.752849  0.021194  0.078296  0.501727  10.000000  26.196102  0.623818  0.008210  0.011196  0.050242  0.013610  
0.183358  0.000277  0.048388  0.000009  0.002371  0.003568  0.000514  0.000034  0.000251  0.000451  10.000000  0.005277  0.000334  0.000232  0.042587  0.000004  
1.413220  0.808683  7.301004  0.003053  8.527982  7.281324  0.081311  0.325282  0.530766  1.324156  650.348755  10.000000  0.007011  0.015734  0.296490  0.036865  
49.659473  18.613428  49.565243  0.500590  61.548519  15.868214  0.430468  6.109321  3.347424  3.398550  8026.068848  1.367188  10.000000  0.057078  92.953049  0.517490  
21.256966  2.473737  34.548378  0.214153  1.205171  12.473063  1.584408  2.159890  0.215128  0.976543  1175.133667  0.646537  0.012027  10.000000  68.415596  0.109612  
9.167501  0.030472  1.936196  0.000105  0.018166  0.069961  0.057811  0.119382  0.032661  0.002110  103.855782  0.005867  0.009432  0.032945  10.000000  0.000529  
15.613380  5.128801  177.782593  3.133968  24.520939  103.567444  0.353208  0.454187  3.789938  17.309727  281.123840  22.088095  1.589918  1.598242  16.014738  10.000000  
0.001506  0.023950  0.001636  0.297924  0.009529  0.005700  0.197484  0.077534  0.039672  0.022205  0.000092  0.032351  0.451772  0.207378  0.004551  0.791874  