10.000000  3.965628  25.974533  0.436098  0.363041  4.492777  2.271245  0.599033  0.061972  0.597383  0.042395  21307.291016  0.212905  2.074343  1.124447  16.607561  
1.032952  10.000000  14.850142  3.277003  0.092264  1.566350  17.995354  0.046866  0.574473  0.086575  0.334874  2242.552002  0.517447  2.676828  0.088475  0.400980  
0.009140  0.020062  10.000000  0.016458  0.000645  0.111031  0.277394  0.012267  0.011831  0.007726  0.022055  43.126221  0.061949  0.112852  0.002469  0.017362  
0.001832  0.052848  0.196466  10.000000  0.004480  0.665397  0.377389  0.044756  0.014659  0.011198  0.088257  70.272377  0.114558  2.569332  0.004653  0.720399  
0.851136  0.830437  4.296154  2.500448  10.000000  6.926384  4.829279  0.759009  3.125207  0.031878  0.614056  12857.551758  0.648995  1.103605  0.007407  6.152864  
0.038689  0.051783  2.717053  1.364038  0.025441  10.000000  2.103386  0.031381  0.006557  0.217885  0.098023  175.721222  0.217498  0.760490  0.133855  0.352139  
0.001900  0.057780  0.659275  0.075136  0.001723  0.204283  10.000000  0.006025  0.009236  0.058079  0.034870  6.473512  0.023560  0.285448  0.005579  0.125646  
0.077758  0.023355  4.525043  1.383009  0.042024  0.473037  0.935199  10.000000  0.978696  0.058649  0.125547  845.037781  0.316343  0.950992  0.058855  0.459922  
0.016738  0.595685  9.080882  0.942564  0.360041  0.205654  2.982608  2.036416  10.000000  0.030924  0.038727  793.000671  0.185788  1.873634  0.112961  0.790524  
0.544400  0.302894  20.008604  2.429221  0.012391  23.058147  63.285259  0.411747  0.104340  10.000000  1.029992  300.270996  0.809513  6.359313  0.140691  33.621750  
0.018246  0.553316  26.975025  9.042402  0.112726  4.899107  17.944258  0.416264  0.061711  0.486438  10.000000  1154.812012  0.260754  1.228592  0.593880  1.611430  
0.001217  0.000492  0.006998  0.000955  0.000313  0.001165  0.000442  0.000372  0.000168  0.000019  0.000153  10.000000  0.000035  0.000029  0.000213  0.003027  
0.033415  0.311782  27.629574  4.280110  0.043446  3.964050  4.421310  0.382485  0.107958  0.139416  0.095088  95.907303  10.000000  3.165527  0.087634  0.054558  
0.006513  0.032265  1.006859  1.920311  0.001478  0.277267  1.071566  0.023001  0.021779  0.021909  0.008962  1.601478  0.063324  10.000000  0.005206  0.754538  
2.729286  0.824449  17.028393  2.688402  0.007668  37.728909  16.192753  1.100525  1.015133  0.374724  3.349264  9069.426758  1.355278  4.024376  10.000000  24.215630  
0.098791  0.009157  0.293497  1.020139  0.015611  0.243251  0.893665  0.021076  0.017410  0.219464  0.022272  315.328888  0.002068  1.429605  0.059346  10.000000  
0.320285  0.163464  0.006008  0.020759  0.490409  0.029722  0.009263  0.115395  0.166454  0.305752  0.210120  0.000077  0.126886  0.017946  0.498990  0.024703  