10.000000  0.000351  0.260914  0.043465  0.023841  0.275579  2.864631  0.000533  0.141808  0.727737  0.068020  0.022438  14348.008789  0.041734  0.024834  0.000631  
2.995918  10.000000  13.874467  0.116114  10.873058  5.423496  147.376968  0.075049  4.758711  1.142150  0.600282  18.660465  4315058.500000  0.535733  3.074629  0.289015  
1.149229  0.007151  10.000000  0.002070  0.005269  0.047337  6.064750  0.000081  0.006926  2.167442  0.092586  0.135546  3578.545410  0.009566  0.004247  0.000373  
112.028366  0.035018  1.211033  10.000000  0.157930  5.088203  76.198448  0.111790  19.226316  1.125642  6.809570  0.518214  291089.750000  10.222996  0.337783  0.035243  
2.397909  0.127960  0.120311  0.006163  10.000000  2.076690  12.188519  0.005539  0.053796  0.000691  1.407548  1.010880  1646047.250000  0.064559  0.628875  0.017201  
2.344792  0.005400  0.091442  0.016797  0.175683  10.000000  1.742872  0.001399  0.044631  0.056252  0.057177  0.596148  70074.843750  0.010631  0.155867  0.000738  
0.044561  0.000268  0.021419  0.000460  0.001885  0.003186  10.000000  0.000795  0.002051  0.005998  0.027146  0.000971  649.294739  0.000552  0.000584  0.000174  
63.606155  1.048837  2.209509  5.180310  6.577372  19.633774  6103.080566  10.000000  107.598831  97.595947  10.051550  12.315958  10514496.000000  0.743764  0.579890  2.338368  
7.200414  0.028273  0.079841  0.378762  0.027158  0.266342  6.694997  0.045743  10.000000  0.003743  1.527702  0.236964  1586.236694  0.038236  0.016369  0.008045  
3.149957  0.000578  2.129944  0.001890  0.000030  0.028616  1.668854  0.003537  0.000319  10.000000  0.033804  0.093111  5069.979004  0.001084  0.004113  0.000747  
2.049624  0.002116  0.633390  0.079611  0.421696  0.202489  52.583355  0.002536  0.906608  0.235328  10.000000  1.045053  46737.125000  1.019396  0.001172  0.007329  
0.827231  0.080498  1.134529  0.007412  0.370542  2.583065  2.300547  0.003802  0.172054  0.793065  1.278615  10.000000  112024.851562  0.197349  0.426575  0.003913  
0.000004  0.000000  0.000000  0.000000  0.000004  0.000002  0.000010  0.000000  0.000000  0.000000  0.000000  0.000001  10.000000  0.000001  0.000001  0.000000  
5.009112  0.007524  0.260678  0.476057  0.077041  0.149956  4.260659  0.000747  0.090382  0.030053  4.060436  0.642486  249763.421875  10.000000  0.017269  0.015676  
38.678791  0.560318  1.501885  0.204113  9.738283  28.530819  58.514328  0.007562  0.502083  1.479906  0.060558  18.020849  5492396.000000  0.224089  10.000000  0.005516  
66.804535  3.580958  8.967467  1.447932  18.109583  9.183548  1182.246338  2.073144  16.776697  18.285311  25.755924  11.239050  3304764.000000  13.830015  0.375022  10.000000  
0.001255  0.116057  0.002635  0.063735  0.012590  0.003662  0.000157  0.433862  0.008946  0.002612  0.006891  0.007623  0.000000  0.013754  0.049544  0.408517  