10.000000  0.342509  1.474864  4.579044  0.450008  0.829907  5.554714  0.442800  0.635918  1.790344  1.581809  0.006921  1.205804  30.197720  0.509693  1.402986  
0.215679  10.000000  1.639592  1.751364  0.170019  0.020597  0.568583  1.510014  2.003407  0.568118  568.566162  0.166546  5.764855  90.989243  11.980928  0.093410  
0.220770  0.389752  10.000000  0.081239  0.179946  0.184227  19.146837  14.355968  0.085595  0.405095  49.087906  0.000894  0.628333  60.681801  0.889997  0.297922  
0.280240  0.170215  0.033215  10.000000  0.000916  0.395397  0.096969  1.398577  1.643616  0.515436  1.903076  0.078879  0.920318  3.994054  0.247526  0.340023  
0.018227  0.010936  0.048692  0.000606  10.000000  0.083605  0.435702  4.403382  1.862703  0.097163  13.115981  0.028187  0.275301  8.564297  0.120368  0.729523  
0.098272  0.003873  0.145736  0.765030  0.244420  10.000000  0.781812  1.414950  0.479053  0.228446  16.607302  0.373742  1.779699  0.287179  5.381120  0.015097  
0.145733  0.023689  3.355873  0.041569  0.282219  0.173220  10.000000  4.602639  0.043789  0.203209  8.875391  0.002968  0.506781  41.035152  0.075747  0.022578  
0.000508  0.002749  0.109948  0.026198  0.124632  0.013699  0.201120  10.000000  0.698563  0.007869  0.331025  0.030793  0.109521  0.465990  0.003388  0.002800  
0.011007  0.055067  0.009897  0.464835  0.795973  0.070022  0.028889  10.546695  10.000000  0.193557  0.030581  0.062776  0.054824  13.524076  0.449019  0.057796  
0.274159  0.138156  0.414415  1.289689  0.367340  0.295426  1.186076  1.051084  1.712457  10.000000  8.574861  0.256149  0.538397  10.539864  1.648098  0.033648  
0.000078  0.044424  0.016134  0.001530  0.015932  0.006900  0.016644  0.014206  0.000087  0.002755  10.000000  0.008336  0.001793  0.378816  0.084174  0.001365  
0.001490  0.056948  0.001286  0.277516  0.149843  0.679599  0.024359  5.783528  0.780941  0.360171  36.482990  10.000000  0.110471  8.484521  0.680726  0.702178  
0.021627  0.164196  0.075286  0.269707  0.121904  0.269560  0.346445  1.713416  0.056811  0.063059  0.653626  0.009202  10.000000  20.666143  0.318657  0.134979  
0.001072  0.005130  0.014391  0.002317  0.007506  0.000086  0.055525  0.014430  0.027738  0.002443  0.273329  0.001399  0.040905  10.000000  0.014629  0.000867  
0.010527  0.392955  0.122797  0.083532  0.061376  0.938552  0.059629  0.061031  0.535794  0.222282  35.334568  0.065295  0.366945  8.510907  10.000000  0.040179  
0.592314  0.062626  0.840260  2.345583  7.603922  0.053825  0.363312  1.030975  1.409750  0.092767  11.714829  1.376778  3.177267  10.309868  0.821310  10.000000  
0.600667  0.476652  0.232396  0.148598  0.120888  0.206697  0.097293  0.020338  0.079024  0.235054  0.004213  0.278724  0.080443  0.003579  0.086323  0.390286  