10.000000  0.002285  0.002150  244.337173  0.001717  0.005072  0.011774  229.831223  0.000885  0.014610  0.975868  72.306236  0.019543  0.065376  18.362480  0.002871  
4.596876  10.000000  0.997374  2892.800049  0.311475  0.104107  0.401164  458.987976  20.993296  0.360482  11.917191  211.426529  42.601406  31.617620  34.501591  1.965095  
2.192365  0.505584  10.000000  301.554840  0.815802  0.492341  0.061347  412.626709  0.100441  4.617008  73.957870  582.771118  0.170312  2.097813  422.230377  1.249846  
0.026866  0.000158  0.000033  10.000000  0.000001  0.000150  0.000011  1.168181  0.000592  0.001472  0.085919  0.193270  0.000269  0.000059  0.172153  0.000161  
11.283113  1.017460  5.257066  52.699623  10.000000  1.234613  2.366703  1969.592285  7.086839  2.349627  29.531271  14550.791992  71.683235  2.030706  588.521301  3.400678  
31.626883  0.322710  3.010665  8479.607422  1.171571  10.000000  2.426484  53841.332031  12.373456  22.514830  373.219421  6561.227539  13.002481  0.770706  1497.126953  0.242189  
20.936378  0.354634  0.106983  183.097443  0.640483  0.691996  10.000000  699.812561  1.427477  3.372117  160.906845  593.315186  19.490387  2.097445  90.391304  0.316239  
0.011639  0.000012  0.000020  0.538050  0.000015  0.000437  0.000020  10.000000  0.001419  0.000921  0.017247  0.034489  0.002258  0.000680  0.027796  0.000023  
0.016964  0.200099  0.001889  103.258217  0.020679  0.038047  0.015391  537.174438  10.000000  0.007438  27.175924  319.646820  0.281681  0.729634  1.103879  0.263029  
0.966514  0.011855  0.299544  885.555298  0.023656  0.238876  0.125453  1202.679321  0.025666  10.000000  75.258270  1035.374512  0.341999  0.268277  53.288563  0.018696  
0.018445  0.000112  0.001371  14.769673  0.000085  0.001131  0.001710  6.436823  0.026791  0.021502  10.000000  9.625325  0.012884  0.003586  0.292349  0.000245  
0.005493  0.000008  0.000043  0.133525  0.000168  0.000080  0.000025  0.051732  0.001266  0.001189  0.038684  10.000000  0.001149  0.000496  0.049024  0.000192  
0.029127  0.031565  0.000249  3.645084  0.016259  0.003108  0.016336  66.445526  0.021897  0.007705  1.015930  22.539991  10.000000  0.159296  1.779577  0.042557  
1.028657  0.247316  0.032371  8.446878  0.004863  0.001945  0.018559  211.201447  0.598778  0.063808  2.985148  102.776749  1.681683  10.000000  2.885332  0.037205  
0.363811  0.000340  0.008204  31.020752  0.001775  0.004757  0.001007  10.874616  0.001141  0.015959  0.306448  12.786376  0.023657  0.003633  10.000000  0.000489  
4.661285  1.586044  1.989997  2383.242188  0.840240  0.063060  0.288728  752.930298  22.272631  0.458833  21.052065  4096.690430  46.357178  3.838963  40.059052  10.000000  
0.006259  0.280723  0.199869  0.000066  0.507370  0.494246  0.263941  0.000045  0.027407  0.050909  0.000861  0.000055  0.007641  0.024828  0.000881  0.252199  