10.000000  9.350395  0.211250  3.703727  10.420532  13.996696  0.385139  0.989643  1.182024  0.015497  1.860915  9.578671  0.296340  0.698480  96.749496  2.916031  
0.630888  10.000000  0.210868  5.897924  0.647579  3.439650  0.360092  0.437794  0.440129  0.000306  0.001904  2.265006  0.092102  0.368927  62.686596  0.001642  
0.154582  2.286914  10.000000  16.187319  1.253726  8.843060  0.112979  0.900153  0.570783  0.001316  3.319357  0.940214  0.086914  0.732356  23.495832  0.910494  
0.000540  0.012754  0.003228  10.000000  0.109853  0.033095  0.003974  0.001587  0.054358  0.000239  0.023786  0.001287  0.034576  0.006499  0.217079  0.002642  
0.059945  0.055212  0.009856  4.331261  10.000000  0.436580  0.015496  0.003677  0.002736  0.000433  0.069352  1.633145  0.002742  0.016622  1.040745  0.000093  
0.016040  0.058420  0.013849  0.259940  0.086970  10.000000  0.094189  0.001555  0.003779  0.002035  0.004264  0.199420  0.015634  0.101481  0.175613  0.000004  
0.026243  0.363658  0.010521  1.855783  0.183555  5.600561  10.000000  0.127522  0.012647  0.005344  1.594811  0.068784  0.019153  0.312165  134.782944  0.085845  
1.192234  7.816827  1.481967  13.105897  0.770039  1.634385  2.254583  10.000000  0.156795  0.003091  2.807364  6.933461  0.134215  0.308356  104.903549  0.140689  
0.247747  1.367224  0.163491  78.088745  0.099701  0.691181  0.038901  0.027279  10.000000  0.002784  1.380680  0.599747  0.239640  2.982245  29.068773  0.000607  
10.807186  3.161402  1.254297  1139.943115  52.539768  1238.432983  54.693958  1.789384  9.261737  10.000000  38.701607  142.233627  17.042789  12.607144  1666.710205  4.625203  
0.025881  0.000392  0.063087  2.267284  0.167665  0.051749  0.325502  0.032409  0.091613  0.000772  10.000000  0.229549  0.048286  0.036628  4.593697  0.013170  
0.159815  0.560092  0.021438  0.147212  4.736675  2.903423  0.016842  0.096024  0.047742  0.003403  0.275385  10.000000  0.027634  0.108996  0.860761  0.073239  
0.547147  2.520342  0.219303  437.553741  0.880022  25.188730  0.518966  0.205698  2.111013  0.045123  6.410417  3.058036  10.000000  2.037636  10.743822  0.539912  
0.080960  0.633777  0.116006  5.162946  0.334924  10.264357  0.531006  0.029668  1.649222  0.002095  0.305271  0.757208  0.127918  10.000000  20.406239  0.058185  
0.002527  0.024267  0.000839  0.038862  0.004726  0.004003  0.051665  0.002274  0.003623  0.000062  0.008627  0.001348  0.000152  0.004598  10.000000  0.000462  
5.534664  0.046181  2.361650  34.364372  0.030684  0.007321  2.391168  0.221655  0.005500  0.012589  1.797397  8.331600  0.555020  0.952781  33.549881  10.000000  
0.273598  0.071068  0.234042  0.003305  0.020751  0.009262  0.071419  0.300299  0.125258  7.225019  0.032265  0.035340  0.371766  0.093148  0.001398  0.376932  