10.000000  0.515601  0.753184  0.056978  8.380031  0.219615  0.789990  0.028003  4.333080  0.067328  7.930375  0.674897  0.511138  1.794585  1.391788  0.138570  
0.353572  10.000000  1.545837  2.610003  2.859150  0.012955  126.245483  0.012884  1.203339  2.928434  2.790485  1.149889  0.559453  0.719267  0.378931  1.632122  
0.053739  0.160836  10.000000  0.111965  5.464789  0.028304  8.123589  0.155477  0.372725  1.204657  0.786343  0.043078  0.030389  0.631771  1.389203  0.023811  
0.003522  0.235236  0.096990  10.000000  0.033239  0.080691  2.505795  0.013674  0.661898  0.037144  1.536072  0.025273  0.278650  0.005894  0.077060  0.059036  
0.270489  0.134579  2.472251  0.017359  10.000000  0.004389  15.318816  0.059175  1.068460  0.057560  0.137772  0.166541  0.030900  0.063929  0.697527  0.102692  
3.125596  0.268863  5.645934  18.580915  1.935066  10.000000  101.525467  0.196852  0.325159  7.072996  13.628104  4.322103  6.457796  0.813743  0.452593  0.137058  
0.000030  0.007052  0.004361  0.001553  0.018180  0.000273  10.000000  0.000369  0.011058  0.021818  0.053904  0.000838  0.003751  0.001037  0.010426  0.000345  
0.163110  0.109436  12.692738  1.288704  10.678349  0.080564  56.088177  10.000000  7.755860  15.663581  4.247779  0.087559  0.545032  0.309844  12.986650  0.214334  
0.141263  0.057208  0.170309  0.349138  1.079164  0.000745  9.411163  0.043410  10.000000  1.386576  0.090876  0.013484  0.125509  0.669723  0.029718  0.004920  
0.000473  0.029978  0.118526  0.004219  0.012518  0.003489  3.998330  0.018878  0.298568  10.000000  0.934258  0.010181  0.046583  0.012351  0.010682  0.000271  
0.033121  0.016995  0.046029  0.103799  0.017826  0.003999  5.877017  0.003046  0.011642  0.555828  10.000000  0.041851  0.004131  0.183928  0.059420  0.015526  
1.008438  2.505552  0.902153  0.611011  7.709528  0.453770  32.674377  0.022462  0.618030  2.167102  14.972942  10.000000  2.384873  2.689049  0.552633  0.530415  
0.113025  0.180399  0.094182  0.996937  0.211687  0.100334  21.650265  0.020691  0.851292  1.467325  0.218744  0.352931  10.000000  0.504437  0.106490  0.199467  
0.073893  0.043188  0.364598  0.003927  0.081551  0.002354  1.115110  0.002190  0.845866  0.072447  1.813347  0.074101  0.093931  10.000000  0.061103  0.009456  
0.298233  0.118407  4.172182  0.267167  4.630622  0.006814  58.319878  0.477756  0.195333  0.326075  3.048637  0.079251  0.103194  0.317982  10.000000  0.086888  
1.146805  19.697367  2.761950  7.905190  26.330040  0.079699  74.455795  0.304535  1.249059  0.319946  30.766512  2.937813  7.465430  1.900674  3.355816  10.000000  
0.320694  0.265566  0.085661  0.079727  0.057616  1.209834  0.001985  0.773975  0.057904  0.026869  0.020725  0.392009  0.150802  0.065074  0.148450  0.922572  