10.000000  330.599518  0.099899  42.666443  15.492851  0.346068  15.115681  0.212169  1.763414  0.278387  1.339698  112.138268  5.942295  0.174244  664.480530  2.634509  
0.000208  10.000000  0.002840  0.606707  0.029848  0.000388  0.002133  0.000313  0.001739  0.012083  0.051474  0.103988  0.002215  0.000752  0.200381  0.007319  
0.001761  79.751587  10.000000  3.481703  1.282684  0.210801  0.321402  0.052706  0.429849  0.491877  0.844210  3.619899  0.125066  0.798598  49.861423  3.448851  
0.000070  1.578232  0.000323  10.000000  0.005432  0.000451  0.001745  0.002126  0.003438  0.028201  0.016221  0.001442  0.000409  0.000928  0.506615  0.051292  
0.006746  20.701227  0.031685  1.448145  10.000000  0.036729  0.028749  0.024442  0.135119  0.012604  0.081681  1.174207  0.002892  0.006189  189.933151  0.061400  
0.056594  101.055611  1.955579  45.201714  13.793730  10.000000  0.460236  0.035019  1.585683  22.982193  0.010308  19.216665  0.663421  0.368803  531.375244  17.754835  
0.818881  184.004013  0.987728  57.889553  3.576685  0.152464  10.000000  0.028569  0.273833  0.354058  1.537714  0.110528  0.010136  0.169653  791.898499  4.460244  
0.050614  118.847351  0.713250  310.503998  13.390262  0.051084  0.125805  10.000000  2.582312  5.498246  0.460451  32.916756  1.605719  0.142366  1342.605225  1.663553  
0.049361  77.537056  0.682557  58.916393  8.685772  0.271417  0.141488  0.303002  10.000000  0.351379  0.965382  26.973558  0.163064  0.668444  35.011612  0.526614  
0.000751  51.952080  0.075323  46.611530  0.078136  0.379366  0.017642  0.062217  0.033886  10.000000  0.170676  2.090698  0.000264  0.001284  29.978180  0.687096  
0.015515  949.447571  0.554606  115.021690  2.172306  0.000730  0.328716  0.022353  0.399402  0.732214  10.000000  7.026159  0.090260  0.032617  11.300648  0.285532  
0.018291  27.016006  0.033495  0.144011  0.439846  0.019167  0.000333  0.022507  0.157182  0.126331  0.098963  10.000000  0.184944  0.014238  20.283314  0.051510  
1.279181  759.378296  1.527263  53.935539  1.429455  0.873296  0.040275  1.448964  1.254030  0.021051  1.677776  244.076920  10.000000  0.119007  148.141098  9.014440  
0.013905  95.553764  3.615136  45.329811  1.134229  0.179965  0.249901  0.047623  1.905632  0.037943  0.224755  6.965515  0.044116  10.000000  324.600830  5.644684  
0.000131  0.062884  0.000557  0.061119  0.085943  0.000640  0.002880  0.001109  0.000246  0.002188  0.000192  0.024501  0.000136  0.000801  10.000000  0.000154  
0.000917  4.056431  0.068078  10.927973  0.049065  0.037779  0.028648  0.002427  0.006546  0.088569  0.008579  0.109884  0.014571  0.024614  0.271684  10.000000  
0.619648  0.000491  0.082271  0.000792  0.012930  0.250581  0.144225  0.302649  0.103671  0.032194  0.066683  0.007914  0.287497  0.175043  0.000275  0.011559  