10.000000  0.008170  0.001881  0.211166  0.024311  0.117261  0.007021  0.016441  0.017342  0.022586  2.862266  0.004219  747238.625000  2.888688  0.016332  12.033625  
9.411004  10.000000  0.423852  15.738867  0.353714  7.628461  0.201022  2.011679  1.001241  1.125943  3.366055  0.839182  8207843.500000  51.952351  1.099964  16.827549  
1.235551  0.241672  10.000000  29.498287  0.251585  53.529839  0.110729  0.924794  0.049972  29.297140  4.652081  0.001305  5075176.000000  17.529423  25.324934  7.881391  
0.137474  0.008895  0.029240  10.000000  0.008102  3.429239  0.004008  0.048744  0.000506  0.562800  1.019008  0.004849  30809.304688  1.524122  0.301618  4.475162  
2.901952  0.036655  0.045725  1.485459  10.000000  51.630089  1.849052  1.103931  0.293889  0.068193  0.120994  0.015498  2196077.500000  0.085204  0.238836  2.257855  
0.016271  0.000919  0.011310  0.730924  0.060018  10.000000  0.011015  0.016494  0.001593  0.029319  0.010281  0.005814  86951.796875  0.039503  0.005000  0.674211  
3.506913  0.087173  0.084216  3.075001  7.737708  39.651402  10.000000  1.410076  0.133975  0.342337  0.068122  0.034907  1514489.875000  4.552874  0.491823  2.081447  
1.286073  0.136614  0.110146  5.857007  0.723436  9.298275  0.220820  10.000000  0.076835  9.626083  3.123608  0.095227  1718140.125000  1.402286  7.280560  7.981234  
60.951832  3.054949  0.267410  2.731770  8.653076  40.349579  0.942644  3.452141  10.000000  7.356880  209.865738  1.109298  32947552.000000  26.040506  8.149100  789.465454  
0.164698  0.007128  0.325274  6.303825  0.004166  1.540742  0.004997  0.897322  0.015264  10.000000  0.598814  0.003731  633307.000000  0.284240  9.366517  5.656104  
1.484701  0.001516  0.003674  0.811917  0.000526  0.038432  0.000071  0.020713  0.030974  0.042597  10.000000  0.009806  317793.093750  0.020973  0.019253  43.053055  
6.960050  1.201929  0.003277  12.288661  0.214205  69.120232  0.115289  2.008384  0.520721  0.844127  31.189054  10.000000  9089554.000000  19.873724  0.856756  132.918976  
0.000004  0.000000  0.000000  0.000000  0.000000  0.000003  0.000000  0.000000  0.000000  0.000000  0.000003  0.000000  10.000000  0.000000  0.000000  0.000014  
3.949129  0.061659  0.036488  3.200559  0.000976  0.389189  0.012460  0.024507  0.010129  0.053289  0.055275  0.016468  30173.914062  10.000000  0.017401  0.242340  
0.095757  0.005599  0.226084  2.716480  0.011732  0.211267  0.005773  0.545711  0.013595  7.531420  0.217627  0.003045  577441.812500  0.074630  10.000000  3.882562  
0.260863  0.000317  0.000260  0.149015  0.000410  0.105328  0.000090  0.002212  0.004869  0.016815  1.799247  0.001747  63044.316406  0.003843  0.014355  10.000000  
0.017802  0.604198  0.456231  0.014364  0.194499  0.006631  0.397877  0.157452  1.055387  0.048072  0.012821  0.723087  0.000000  0.020815  0.043107  0.002621  