10.000000  0.001867  0.154878  0.008902  14390.428711  0.015863  0.052227  0.015245  1.249628  0.978108  0.066668  6.343369  0.585808  0.729690  84.924828  156.536133  
0.005715  10.000000  0.626033  0.385791  132076.578125  1.021089  4.041526  0.192539  0.530959  0.393805  0.009603  3.605520  10.258384  0.448831  62.769081  270.917267  
0.680480  0.898404  10.000000  0.427765  51478.433594  0.291337  2.396548  0.277267  0.223122  0.318856  1.300547  0.311057  2.114810  0.132911  139.800568  318.757080  
0.061899  0.876218  0.677003  10.000000  255695.640625  1.126683  33.302490  0.208297  0.585709  0.014823  1.161567  2.506322  9.959793  0.088819  3459.961426  545.352478  
0.000003  0.000008  0.000002  0.000007  10.000000  0.000000  0.000013  0.000002  0.000007  0.000001  0.000024  0.000009  0.000006  0.000001  0.000731  0.019053  
0.034296  0.721055  0.143359  0.350305  67.781303  10.000000  1.728263  0.100978  0.648207  0.000764  0.005480  0.478583  1.335190  1.064631  14.846527  430.156586  
0.013218  0.334098  0.138051  1.212119  17449.277344  0.202318  10.000000  0.075023  0.055449  0.014846  0.606883  0.280639  2.307466  0.050875  629.529053  11.248436  
1.389050  5.729969  5.749856  2.729326  852564.625000  4.255539  27.008352  10.000000  0.652459  0.593741  0.801865  4.530973  14.015588  1.507038  2766.446045  1174.917480  
1.362788  0.189128  0.055381  0.091858  41613.117188  0.326967  0.238923  0.007809  10.000000  0.170036  0.107440  12.473957  0.179807  0.010161  330.143463  148.121643  
10.199616  1.341298  0.756771  0.022228  28692.130859  0.003687  0.611689  0.067953  1.625883  10.000000  1.017038  1.462290  40.536652  0.127751  244.058289  112.428947  
0.057720  0.002716  0.256275  0.144623  112902.937500  0.002194  2.076019  0.007619  0.085296  0.084440  10.000000  1.791662  6.557601  0.030375  34.203342  89.773880  
0.550313  0.102166  0.006142  0.031269  4471.118164  0.019204  0.096196  0.004314  0.992308  0.012165  0.179530  10.000000  0.148796  0.105845  161.266251  18.059774  
0.011690  0.066864  0.009605  0.028583  697.999084  0.012324  0.181936  0.003070  0.003290  0.077574  0.151148  0.034227  10.000000  0.009042  5.696466  6.388780  
7.761924  1.559413  0.321784  0.135869  30182.083984  5.238080  2.138244  0.175942  0.099112  0.130316  0.373199  12.978079  4.819860  10.000000  339.670502  248.721603  
0.000330  0.000080  0.000123  0.001931  15.539726  0.000027  0.009651  0.000118  0.001175  0.000091  0.000153  0.007213  0.001108  0.000124  10.000000  0.350177  
0.000682  0.000385  0.000316  0.000342  454.454254  0.000867  0.000194  0.000056  0.000592  0.000047  0.000452  0.000907  0.001394  0.000102  0.393078  10.000000  
0.051569  0.090232  0.108093  0.135985  0.000001  0.075825  0.025943  0.492242  0.053853  0.166527  0.047983  0.015189  0.007285  0.168190  0.000102  0.000108  