10.000000  9.991838  3136.379150  1671.157837  6037.193848  0.131026  2.517111  4.348855  56.467899  0.358175  5.040860  1.288841  206.567505  0.184880  2467.370117  0.823527  
0.036961  10.000000  148.055450  50.996292  618.541260  0.091533  0.449522  0.026036  0.335000  0.024780  0.030313  0.067435  38.873112  0.002000  168.544540  0.018623  
0.000138  0.001767  10.000000  3.284290  1.633901  0.000025  0.001119  0.000190  0.027182  0.000080  0.001088  0.000131  0.002135  0.000086  0.003981  0.000188  
0.000541  0.004462  24.083952  10.000000  6.455282  0.000081  0.002955  0.000470  0.075624  0.000076  0.002311  0.000260  0.010868  0.000261  0.068945  0.000546  
0.000005  0.000142  0.031477  0.016959  10.000000  0.000028  0.000013  0.000006  0.001419  0.000011  0.000033  0.000086  0.000483  0.000006  0.346920  0.000017  
0.098234  18.551479  421.975128  188.155472  24636.613281  10.000000  5.294733  0.465549  62.745735  0.174826  0.121274  0.634994  93.478561  0.295386  351.990967  0.061821  
0.052380  2.528780  527.418274  189.991470  313.585663  0.146961  10.000000  0.238803  8.874365  0.001581  0.675925  0.328046  36.584084  0.048208  62.167152  0.100473  
1.813754  2.935447  1799.677002  606.181763  2938.613037  0.258979  4.786089  10.000000  107.425652  0.140433  0.090465  3.184487  215.128967  0.439457  433.247711  0.128904  
0.018118  0.029057  197.598663  74.969284  535.411255  0.026853  0.136832  0.082645  10.000000  0.000049  0.000754  0.011758  1.168174  0.038981  9.033353  0.004448  
0.194575  3.639084  980.087463  128.321625  7329.254883  0.126675  0.041281  0.182919  0.083533  10.000000  0.194038  1.464686  382.857239  0.007337  164.789429  0.096101  
0.257641  0.418836  1259.511230  364.975067  2013.649048  0.008267  1.660146  0.011086  0.120157  0.018256  10.000000  1.814359  2.949140  0.000110  331.655762  0.009329  
0.061541  0.870468  142.040375  38.367104  4814.045410  0.040442  0.752731  0.364589  1.749745  0.128742  1.695042  10.000000  7.757321  0.005460  227.203583  0.390198  
0.000645  0.032825  0.151089  0.104881  1.773860  0.000389  0.005491  0.001611  0.011372  0.002201  0.000180  0.000507  10.000000  0.000084  0.136146  0.000360  
3.606071  10.543874  37940.792969  15747.041992  134760.109375  7.684742  45.186016  20.552170  2369.675049  0.263418  0.041931  2.230330  524.533752  10.000000  1040.731201  0.732249  
0.000310  0.005727  0.011338  0.026777  51.286915  0.000059  0.000376  0.000131  0.003539  0.000038  0.000816  0.000598  0.005479  0.000007  10.000000  0.000099  
0.199282  1.218247  1031.665161  408.145477  4871.189941  0.019954  1.168364  0.074792  3.354779  0.042808  0.044171  1.977461  27.874393  0.009085  189.817886  10.000000  
0.224215  0.013637  0.000047  0.000128  0.000007  0.194141  0.032344  0.144799  0.004016  0.165257  0.050690  0.048995  0.000396  0.990234  0.000079  0.110296  