10.000000  0.001347  0.003948  0.124726  0.029460  0.000445  0.009557  0.004213  0.016740  0.012705  0.010050  0.126912  3120.035889  0.003080  0.002243  0.079239  
2.223433  10.000000  0.654632  18.468508  0.468683  0.731006  0.351044  9.197985  0.249272  8.211649  0.634558  1.613919  300333.781250  0.097875  2.547010  1.926340  
2.229597  0.223986  10.000000  0.384143  1.095531  0.218615  0.115106  0.080519  0.724241  0.972119  0.778742  0.049099  4733.364746  0.023031  0.282824  0.938539  
2.032448  0.182325  0.011084  10.000000  0.029465  0.027671  0.083955  0.175886  0.031656  0.024700  0.163989  0.239877  2263.832275  0.004080  0.253788  2.166343  
18.050594  0.173976  1.188531  1.107901  10.000000  0.166945  0.210530  1.159910  0.697951  1.249539  0.338102  1.761137  41932.679688  0.401443  0.463086  4.681666  
1.055448  1.050476  0.918166  4.027812  0.646292  10.000000  1.055460  2.578724  2.647861  10.193588  1.211347  1.389970  152143.203125  0.046763  0.408189  1.115303  
5.014827  0.111598  0.106947  2.703511  0.180301  0.233491  10.000000  0.538016  0.104601  0.218908  0.664768  0.394093  5017.807129  0.096820  1.240889  4.890727  
1.353429  1.790303  0.045805  3.467773  0.608203  0.349280  0.329409  10.000000  0.065682  6.659782  0.498349  0.457514  121119.523438  0.005468  0.753170  1.931279  
1.242699  0.011211  0.095197  0.144214  0.084563  0.082869  0.014798  0.015177  10.000000  0.108215  0.059341  0.709907  26264.123047  0.000592  0.008248  3.415477  
0.136623  0.053498  0.018510  0.016300  0.021930  0.046214  0.004486  0.222912  0.015676  10.000000  0.023033  0.030845  10143.470703  0.009243  0.000955  3.032212  
6.457469  0.247015  0.885974  6.466244  0.354560  0.328137  0.814006  0.996671  0.513618  1.376235  10.000000  0.014203  73093.929688  0.064703  0.039108  1.925620  
26.459545  0.203850  0.018125  3.069042  0.599254  0.122171  0.156579  0.296892  1.993726  0.598007  0.004608  10.000000  29132.005859  0.019054  0.066032  1.107097  
0.000041  0.000002  0.000000  0.000002  0.000001  0.000001  0.000000  0.000005  0.000005  0.000013  0.000002  0.000002  10.000000  0.000002  0.000000  0.000058  
43.726772  0.841892  0.578980  3.554524  9.302438  0.279908  2.619703  0.241640  0.113156  12.203915  1.429733  1.297588  1663502.125000  10.000000  0.014677  73.373528  
2.802846  1.928526  0.625875  19.464874  0.944597  0.215076  2.955521  2.929908  0.138858  0.110951  0.076069  0.395839  17413.349609  0.001292  10.000000  4.353115  
0.118592  0.001747  0.002487  0.198967  0.011436  0.000704  0.013949  0.008997  0.068858  0.422007  0.004485  0.007947  6513.321289  0.007734  0.005213  10.000000  
0.006203  0.252007  0.147409  0.025039  0.153539  0.302096  0.142089  0.111181  0.053443  0.020341  0.157231  0.089563  0.000001  0.739101  0.219286  0.007588  