10.000000  0.008266  0.000730  0.000480  1.233618  0.013096  0.927022  0.003488  3.091392  0.001315  0.048611  0.006740  0.000449  0.000488  0.000228  0.050195  
1.706754  10.000000  0.055129  0.027665  73.388863  0.033981  11.025151  0.005874  11.890625  0.016253  3.326521  0.043991  0.014061  0.148452  0.133689  0.071036  
62.850666  22.998098  10.000000  0.508556  2590.887695  2.849751  8.485072  0.494158  83.389748  0.059983  10.664531  0.573620  0.042106  2.506127  1.201268  47.681599  
25.647381  7.157853  0.315413  10.000000  19971.193359  8.419019  19.413280  0.224404  214.224365  1.809660  7.120760  0.251792  2.588506  0.078899  0.258444  27.750885  
0.001054  0.000304  0.000026  0.000319  10.000000  0.000194  0.011849  0.000012  0.034383  0.000249  0.000250  0.000035  0.000099  0.001056  0.000421  0.008677  
4.738579  0.059546  0.011970  0.057019  82.304466  10.000000  15.245530  0.547054  143.740326  0.045854  0.127533  0.009351  0.028075  0.045234  0.021424  0.320347  
1.529588  0.088102  0.000163  0.000600  22.887760  0.069524  10.000000  0.002907  0.271263  0.002596  0.003988  0.004041  0.000081  0.002680  0.000689  0.035428  
266.135223  2.170243  0.437687  0.320470  1054.875000  115.352882  134.414108  10.000000  2519.188477  0.502523  2.464154  0.641701  0.389398  0.497135  0.527949  4.761531  
0.252963  0.004712  0.000079  0.000328  3.293727  0.032508  0.013453  0.002702  10.000000  0.000028  0.003921  0.000172  0.000065  0.001260  0.000474  0.003096  
193.765945  11.595309  0.102582  4.990021  42863.750000  18.669273  231.795441  0.970295  50.921013  10.000000  25.562513  5.285870  3.045494  5.127593  1.681069  28.993111  
12.724489  4.217066  0.032408  0.034890  76.711502  0.092264  0.632680  0.008454  12.543472  0.045422  10.000000  0.138128  0.042374  0.399147  0.157425  0.401319  
175.321655  5.541447  0.173211  0.122589  1078.726440  0.672200  63.699726  0.218769  54.641644  0.933300  13.725336  10.000000  0.053492  0.757720  0.085079  4.438235  
44.666489  6.769100  0.048589  4.816258  11568.283203  7.712865  4.864381  0.507338  79.250412  2.055006  16.091112  0.204428  10.000000  0.243469  0.056998  38.428829  
3.097812  4.567831  0.184849  0.009383  7852.322754  0.794289  10.320701  0.041399  97.815575  0.221148  9.688077  0.185086  0.015562  10.000000  1.963218  6.767542  
10.990977  31.190563  0.671825  0.233046  23731.095703  2.852385  20.107658  0.333358  279.079407  0.549739  28.972168  0.157576  0.027623  14.885749  10.000000  6.466175  
2.652479  0.018180  0.029251  0.027449  536.808960  0.046786  1.134642  0.003298  1.999449  0.010400  0.081017  0.009017  0.020429  0.056288  0.007093  10.000000  
0.000990  0.014225  0.290549  0.228818  0.000029  0.018831  0.001272  0.273444  0.000283  0.379964  0.016017  0.159659  0.312119  0.078909  0.217284  0.007196  