10.000000  45.597027  0.398244  0.045556  0.283735  1.250565  277.586700  0.187844  0.009875  0.184737  59.726582  0.005985  0.006556  2.445397  6.624178  2426.163574  
0.001348  10.000000  0.000001  0.000557  0.007195  0.004536  0.573053  0.052212  0.000916  0.002238  0.021393  0.000343  0.000376  0.009257  0.020525  23.739449  
0.044897  0.002939  10.000000  0.028772  0.414240  0.047189  17.199581  2.109375  0.030933  0.048120  1103.584595  0.000477  0.000671  0.012041  3.602126  764.218384  
1.612996  667.445801  9.036342  10.000000  0.748514  1.213398  18.216833  743.716553  0.048983  4.109788  6364.535645  0.014639  0.107135  1.127079  95.785583  79785.390625  
0.111270  95.441788  1.440951  0.008290  10.000000  0.224104  136.662430  0.125089  0.002973  0.155320  166.997147  0.009232  0.038916  1.510801  0.084800  23898.316406  
0.572271  70.216064  0.191545  0.015682  0.261506  10.000000  18.279861  12.249194  0.016356  0.027185  354.612091  0.082629  0.000951  0.836465  23.497505  15168.183594  
0.017089  1.193356  0.009392  0.000032  0.021454  0.002459  10.000000  0.206256  0.000008  0.000894  12.066657  0.000000  0.000113  0.004230  0.004546  36.322269  
0.000035  0.330219  0.003498  0.003927  0.000060  0.005005  0.626412  10.000000  0.000991  0.000214  1.286533  0.000996  0.000222  0.001855  0.031834  224.360977  
0.393661  1234.629150  10.937866  0.055149  0.302176  1.424811  4.949474  211.371124  10.000000  3.717769  29558.068359  0.110701  0.060701  2.193659  37.865398  6027.847168  
0.254545  104.296989  0.588121  0.159934  0.545726  0.081854  20.013496  1.574418  0.128503  10.000000  532.609070  0.000999  0.290085  0.350341  13.629174  4452.735840  
0.000009  0.000113  0.001525  0.000028  0.000066  0.000121  0.030534  0.001072  0.000116  0.000060  10.000000  0.000031  0.000009  0.000005  0.000968  0.229922  
2.199766  4267.030273  1.554073  0.151958  8.651910  66.365265  2.817217  1957.086548  1.020641  0.266396  73422.210938  10.000000  0.234778  7.104699  137.063446  202522.953125  
1.351965  2621.304932  1.227812  0.623976  20.464148  0.428362  379.460449  245.293350  0.314008  43.414997  11561.325195  0.131729  10.000000  1.217911  822.381042  185876.656250  
2.278852  291.801117  0.099533  0.029664  3.590141  1.703410  64.034523  9.244388  0.051281  0.236945  31.238701  0.018014  0.005504  10.000000  10.368618  1353.854248  
0.015595  1.634541  0.075221  0.006369  0.000509  0.120885  0.173861  0.400841  0.002236  0.023286  14.633132  0.000878  0.009388  0.026194  10.000000  1464.368286  
0.000004  0.001179  0.000010  0.000003  0.000090  0.000049  0.000867  0.001763  0.000000  0.000005  0.002168  0.000001  0.000001  0.000002  0.000914  10.000000  
0.024902  0.000135  0.008361  0.148177  0.015594  0.016845  0.000195  0.000341  0.157227  0.029231  0.000010  0.477405  0.357601  0.024039  0.001208  0.000001  