10.000000  0.047310  0.079978  1.088392  8061128.500000  0.074619  0.030008  1.816841  6.761199  0.995013  0.096472  0.100960  9.318039  0.326953  0.866706  1.095951  
11.617450  10.000000  1.798802  30.098593  331741536.000000  0.348221  5.417808  74.815819  125.870659  16.193668  2.871223  4.372600  194.690887  1.366385  2.591523  19.678938  
0.658985  0.060357  10.000000  0.466212  7027104.000000  0.095102  3.791317  3.326362  25.255489  1.729086  1.189660  0.157617  26.934275  0.227203  1.195400  5.549230  
0.199013  0.022412  0.010346  10.000000  10506374.000000  0.095219  0.375559  0.206094  1.857618  0.773014  0.016642  0.012887  1.846696  0.037575  0.490111  0.670450  
0.000000  0.000000  0.000000  0.000000  10.000000  0.000000  0.000000  0.000000  0.000001  0.000000  0.000000  0.000000  0.000001  0.000000  0.000000  0.000000  
3.077147  0.058478  0.475974  21.474552  398763296.000000  10.000000  3.063328  5.387918  36.819176  6.214347  0.759201  0.235886  26.690117  1.365064  29.117886  34.678101  
0.054588  0.040136  0.837048  3.736350  11791614.000000  0.135133  10.000000  3.519005  16.201853  2.269365  0.354695  0.112265  7.998885  0.435210  0.459848  1.121613  
0.423715  0.071054  0.094150  0.262861  937999.000000  0.030471  0.451140  10.000000  5.629050  0.030124  0.131330  0.173236  3.558775  0.008810  0.189613  1.237793  
0.060995  0.004624  0.027651  0.091649  5181652.000000  0.008055  0.080346  0.217744  10.000000  0.253532  0.048958  0.007721  0.178026  0.053586  0.040337  0.125401  
0.130786  0.008668  0.027583  0.555677  15661349.000000  0.019807  0.163972  0.016978  3.693996  10.000000  0.035738  0.013968  1.850937  0.155689  0.437844  0.190196  
0.538626  0.065282  0.806132  0.508169  22438886.000000  0.102789  1.088625  3.144086  30.300262  1.518064  10.000000  0.249619  3.380738  0.021492  2.825009  8.983584  
4.791518  0.845096  0.907868  3.344915  24414890.000000  0.271475  2.928894  35.253868  40.618782  5.043306  2.121849  10.000000  44.954311  1.018807  2.613610  3.707221  
0.103999  0.008849  0.036484  0.112721  6867708.000000  0.007224  0.049076  0.170314  0.220253  0.157169  0.006758  0.010572  10.000000  0.028041  0.547852  0.497801  
1.703178  0.028986  0.143643  1.070482  26925464.000000  0.172437  1.246256  0.196793  30.942484  6.170231  0.020053  0.111826  13.087723  10.000000  1.035074  2.285264  
0.206074  0.002509  0.034495  0.637309  65701300.000000  0.167886  0.060104  0.193314  1.063138  0.792027  0.120305  0.013094  11.671039  0.047244  10.000000  3.822422  
0.071717  0.005244  0.044071  0.239937  8133131.500000  0.055028  0.040347  0.347312  0.909623  0.094689  0.105291  0.005112  2.918627  0.028707  1.051998  10.000000  
0.116327  1.822890  0.333913  0.049743  0.000000  0.747016  0.156897  0.056177  0.011049  0.042174  0.274869  0.801389  0.012289  0.265502  0.056723  0.029757  