10.000000  0.008393  0.124730  0.006501  0.028297  0.900630  1.823897  0.001153  0.030580  0.186139  0.022267  0.022805  127909.054688  0.057337  0.026631  0.000486  
71.728073  10.000000  9.414139  0.633942  9.057961  21.261471  397.893646  0.518463  5.846797  90.498108  0.316954  18.918259  692704.937500  1.267495  0.653584  0.162854  
0.549388  0.004852  10.000000  0.012274  0.029182  0.083092  17.356133  0.001703  0.007356  2.177314  0.174668  0.110109  55026.089844  0.099473  0.004519  0.003439  
16.756422  0.191187  7.182342  10.000000  2.956203  8.225578  401.089111  0.031268  2.220093  9.583537  15.912265  2.582544  3026206.250000  3.640718  0.174447  0.000881  
2.846019  0.106599  0.666345  0.115358  10.000000  0.495298  49.721626  0.011384  2.150830  1.457603  0.997702  0.092794  20114.656250  0.702723  0.013411  0.005344  
7.663086  0.021168  0.160511  0.027154  0.041901  10.000000  1.869170  0.002228  0.067048  0.130477  0.271014  0.171926  58452.882812  0.017519  0.159784  0.001107  
0.028372  0.000724  0.061296  0.002421  0.007690  0.003417  10.000000  0.000803  0.011964  0.023299  0.027735  0.002954  2586.244873  0.001091  0.002124  0.000194  
137.748123  7.245692  46.181927  1.448929  13.518686  31.281282  6163.146973  10.000000  97.673325  74.039986  11.426844  12.705546  6288874.000000  2.952465  4.076157  2.371788  
1.552717  0.034737  0.084797  0.043736  1.085829  0.400114  39.050713  0.041523  10.000000  0.039250  0.704164  0.443365  109729.992188  0.638220  0.016533  0.029298  
0.805688  0.045835  2.139646  0.016094  0.062729  0.066375  6.482994  0.002683  0.003346  10.000000  0.159767  0.431009  71653.281250  0.032356  0.004153  0.003872  
0.670969  0.001118  1.194926  0.186030  0.298908  0.959780  53.724190  0.002883  0.417883  1.112226  10.000000  0.336815  109923.914062  0.149072  0.127030  0.007797  
0.840765  0.081610  0.921622  0.036940  0.034014  0.744944  7.000716  0.003922  0.321917  3.671087  0.412091  10.000000  214951.031250  0.230990  0.034004  0.001457  
0.000032  0.000000  0.000003  0.000000  0.000000  0.000002  0.000041  0.000000  0.000001  0.000004  0.000001  0.000001  10.000000  0.000000  0.000000  0.000000  
6.881800  0.017801  2.710589  0.169538  0.838591  0.247120  8.421636  0.002967  1.508624  0.897207  0.593779  0.752006  147661.921875  10.000000  0.363982  0.010011  
41.476448  0.119109  1.598012  0.105414  0.207677  29.247793  212.625870  0.053153  0.507113  1.494391  6.565804  1.436494  1770693.000000  4.723147  10.000000  0.046923  
51.440117  2.017793  82.680359  0.036175  5.626124  13.771231  1320.266724  2.102773  61.099972  94.713753  27.400560  4.185681  11380181.000000  8.832060  3.190267  10.000000  
0.001255  0.116057  0.002635  0.063735  0.012590  0.003662  0.000157  0.433862  0.008946  0.002612  0.006891  0.007623  0.000000  0.013754  0.049544  0.408517  