10.000000  0.014768  2.271073  0.003820  0.235516  0.155305  0.001532  0.006603  0.022747  0.070272  12.400343  0.003625  0.001894  0.003001  0.141589  0.000581  
3.735104  10.000000  7.305795  0.031261  0.726048  1.510640  0.031784  0.163126  0.184322  1.182368  185.751221  0.948398  0.006384  0.018140  0.975585  0.014334  
2.681211  0.034102  10.000000  0.001997  0.066424  0.062659  0.000839  0.003283  0.036662  0.070783  2.395294  0.008736  0.001167  0.000523  0.118951  0.000781  
149.509598  4.837029  66.206467  10.000000  0.998271  18.655003  1.100386  1.593482  3.998252  21.492582  1073.880005  4.181352  0.180583  1.335637  82.237183  0.445429  
9.428460  0.114922  2.252404  0.001021  10.000000  2.507494  0.004375  0.017110  0.254990  0.102835  40.230457  0.312597  0.011396  0.021655  1.200333  0.002118  
2.224985  0.085569  0.760370  0.006829  0.897346  10.000000  0.008522  0.027615  0.036807  0.125170  15.468594  0.104691  0.002636  0.001817  2.319074  0.001690  
26.346672  2.160974  12.224381  0.483502  1.879379  10.228870  10.000000  3.203636  1.151103  1.475725  1551.110718  2.478969  0.247567  0.250175  38.226227  0.077701  
17.502888  1.709533  7.370079  0.107925  1.132833  5.109151  0.493814  10.000000  1.212370  1.029458  461.626984  4.121789  0.041585  0.322826  8.456699  0.005025  
15.785083  0.505735  21.549656  0.070898  4.420096  1.782887  0.046454  0.317414  10.000000  1.641738  711.915222  0.826164  0.080423  0.024441  7.997800  0.010512  
15.276451  1.016269  13.033733  0.119388  0.558420  1.899328  0.018656  0.084432  0.514297  10.000000  29.747763  0.171207  0.031249  0.067410  1.445341  0.013809  
0.046429  0.002750  0.007597  0.000103  0.003763  0.004043  0.000338  0.000652  0.003841  0.000512  10.000000  0.002555  0.000334  0.000242  0.007730  0.000101  
1.672860  1.730326  3.414618  0.049303  3.603177  3.372008  0.066523  0.717576  0.549361  0.363415  314.917786  10.000000  0.037416  0.031380  1.608446  0.034704  
170.427414  2.271609  88.965553  0.415246  25.617332  16.560240  1.295588  1.411850  10.429102  12.935594  8038.467285  7.296786  10.000000  2.410702  162.495667  1.267650  
56.902733  1.359985  8.398780  0.647147  10.256716  2.405397  0.275870  2.309454  0.667842  5.879819  1226.779297  1.289492  0.507961  10.000000  43.450336  0.434189  
1.292843  0.035221  0.919989  0.019187  0.273777  1.478050  0.020298  0.029132  0.105234  0.060708  18.850321  0.031827  0.016488  0.020923  10.000000  0.002861  
160.578079  15.669782  182.888107  3.146868  14.626452  32.623875  1.249328  0.524127  4.188138  17.562147  7485.805176  20.793070  3.894682  6.330894  86.621689  10.000000  
0.001506  0.023950  0.001636  0.297924  0.009529  0.005700  0.197484  0.077534  0.039672  0.022205  0.000092  0.032351  0.451772  0.207378  0.004551  0.791874  