10.000000  0.517900  0.029325  0.035131  0.012422  6.317231  1.550734  1677159.125000  0.092022  0.338217  2.503457  0.872449  29688326.000000  38903.546875  268.608582  71.508194  
0.739961  10.000000  0.089712  0.233276  0.001454  3.617459  8.830917  1482190.500000  0.325896  0.805057  3.369383  0.442904  30482368.000000  94507.312500  74.311592  148.183533  
7.223910  15.467684  10.000000  2.448990  1.159166  116.292915  29.733173  3950669.250000  0.692934  4.758390  7.765193  9.479937  555957440.000000  1658005.250000  11256.419922  1045.509766  
1.998413  9.287533  0.565512  10.000000  0.485952  21.203077  3.837292  9829871.000000  2.906667  5.954567  6.430583  2.968776  673893184.000000  1056000.750000  7366.436523  790.917786  
7.289257  0.597021  2.761123  5.012785  10.000000  82.962395  70.216942  20701938.000000  5.038235  12.270955  10.391704  16.222401  871884992.000000  5877911.500000  42405.781250  615.348755  
0.142119  0.056960  0.010620  0.008386  0.003181  10.000000  0.115248  79241.164062  0.099041  0.394993  0.242642  0.250275  4136863.250000  27403.425781  7.930025  36.761482  
0.114001  0.454374  0.008873  0.004959  0.008797  0.376596  10.000000  150661.437500  0.046629  0.148386  0.089384  0.177729  2693766.250000  76358.140625  28.647711  17.728642  
0.000004  0.000002  0.000000  0.000000  0.000000  0.000008  0.000005  10.000000  0.000001  0.000002  0.000008  0.000000  31.492903  0.077464  0.000601  0.000203  
0.389815  0.966242  0.011916  0.216457  0.036372  18.649120  2.686945  1298869.875000  10.000000  18.656887  5.082095  4.014396  90893816.000000  121888.164062  250.104965  94.665756  
0.283648  0.472550  0.016200  0.087789  0.017538  14.724706  1.692806  540522.875000  3.693634  10.000000  1.715507  1.736397  35329868.000000  76367.875000  70.156120  131.593491  
0.596022  0.561449  0.007505  0.026914  0.004216  2.567798  0.289477  794261.562500  0.285625  0.487002  10.000000  0.271993  4942535.500000  936.912231  15.280084  164.929016  
0.293744  0.104370  0.012957  0.017572  0.009308  3.745584  0.813987  16350.628906  0.319066  0.697099  0.384650  10.000000  19965566.000000  181474.390625  117.179237  3.930352  
0.000000  0.000000  0.000000  0.000000  0.000000  0.000000  0.000000  0.005080  0.000000  0.000000  0.000000  0.000000  10.000000  0.004210  0.000011  0.000001  
0.000001  0.000001  0.000000  0.000000  0.000000  0.000021  0.000018  0.579167  0.000001  0.000002  0.000000  0.000009  195.103745  10.000000  0.001151  0.000241  
0.000521  0.000101  0.000089  0.000251  0.000140  0.000684  0.000756  495.915497  0.000115  0.000162  0.000124  0.000675  54940.945312  126.964180  10.000000  0.176085  
0.003882  0.005631  0.000230  0.000755  0.000057  0.088720  0.013094  4693.792969  0.001213  0.008519  0.037612  0.000634  71986.398438  745.156677  4.929295  10.000000  
0.015257  0.018237  0.239460  0.115070  0.369576  0.002288  0.004137  0.000000  0.031401  0.013972  0.007444  0.008853  0.000000  0.000000  0.000021  0.000112  