10.000000  0.079173  0.068309  0.074279  1.649095  0.089200  0.053245  0.012891  0.031145  0.183262  0.044639  0.069297  19.531561  0.354047  0.030875  0.009985  
3.436791  10.000000  0.106926  0.488586  3.611969  13.648329  0.178907  0.038641  0.161353  2.367352  0.241025  0.635444  23.342251  1.941997  0.068894  0.043334  
2.441797  0.088052  10.000000  2.325013  3.508136  0.872351  0.292954  0.359810  0.124665  4.797881  0.115609  0.230099  8.509111  5.423193  0.092541  0.162880  
1.191975  0.180619  1.043741  10.000000  3.879697  0.602443  0.199419  0.089397  0.216831  1.910850  0.047286  1.766758  20.050858  15.710767  0.057440  0.020084  
1.521929  0.076792  0.090571  0.223123  10.000000  0.055654  0.052045  0.049350  0.036878  0.434357  0.033454  0.053616  35.059757  1.322908  0.095146  0.007044  
0.368212  1.297876  0.100737  0.154970  0.248933  10.000000  0.071899  0.026050  0.027329  1.076486  0.036862  0.380680  28.367960  0.630018  0.111976  0.079367  
3.969974  0.307299  0.611052  0.926568  4.204805  1.298677  10.000000  0.210197  0.174665  6.285460  0.280404  1.549829  74.511826  1.956109  0.116235  0.583769  
4.372465  0.301942  3.414208  1.889607  18.138136  2.140592  0.956235  10.000000  0.247028  10.473143  0.018181  0.530101  280.004822  51.410633  0.231563  0.298729  
50.507141  6.027877  5.655587  21.912205  64.800598  10.736494  3.798921  1.181032  10.000000  10.803612  0.507571  4.971808  307.533783  52.752121  1.282962  1.632546  
0.096093  0.028596  0.070377  0.062437  0.246782  0.136739  0.044202  0.016190  0.003493  10.000000  0.031449  0.020441  4.159866  1.180566  0.027270  0.056275  
14.474124  1.800358  1.048658  0.955456  11.753868  2.895459  1.219403  0.017380  0.101486  19.447283  10.000000  2.469812  28.968676  14.092438  1.354496  0.542398  
3.452978  0.729423  0.320746  5.486004  2.894828  4.595241  1.035743  0.077873  0.152767  1.942539  0.379550  10.000000  19.745150  4.251314  0.062546  0.140635  
0.083720  0.002305  0.001020  0.005356  0.162836  0.029457  0.004284  0.003538  0.000813  0.034006  0.000383  0.001699  10.000000  0.037890  0.004497  0.003017  
0.130560  0.016498  0.055946  0.361033  0.528606  0.056282  0.009675  0.055893  0.011996  0.830280  0.016027  0.031463  3.259782  10.000000  0.038545  0.013926  
6.878843  0.353596  0.576771  0.797467  22.969074  6.043593  0.347316  0.152097  0.176258  11.587044  0.930687  0.279654  233.744553  23.287014  10.000000  0.205351  
3.198564  0.319767  1.459557  0.400907  2.444982  6.158783  2.507933  0.282108  0.322468  34.378193  0.535834  0.904064  225.483795  12.096788  0.295245  10.000000  
0.018375  0.121064  0.109861  0.073608  0.017652  0.037333  0.158666  0.338417  0.739963  0.013306  0.330875  0.129708  0.001203  0.011158  0.274270  0.328867  