10.000000  23.071251  5.261278  0.054460  0.713445  0.306389  155.773834  31.450005  0.026456  0.327410  1041.170776  0.019575  0.032912  0.874785  11.571252  8267.736328  
0.000682  10.000000  0.014001  0.000466  0.001924  0.005722  0.414842  0.174682  0.000875  0.003862  6.176870  0.000347  0.000179  0.001403  0.007788  29.785360  
0.593140  53.392017  10.000000  0.028073  0.759348  0.169229  41.598000  15.732884  0.027489  0.035893  255.594086  0.000927  0.048068  0.024700  13.883397  1959.053101  
1.928279  557.859558  8.816784  10.000000  3.108428  8.855908  307.207184  160.714920  0.245626  1.301214  5294.442871  0.183384  0.042957  1.020068  63.310562  23968.638672  
0.279784  25.524530  2.641422  0.034428  10.000000  0.421750  6.649642  42.216415  0.096895  0.232704  586.764526  0.024793  0.040239  0.129295  17.344639  24404.839844  
0.140207  88.579933  0.686916  0.114456  0.492139  10.000000  25.799923  21.411245  0.027858  0.101029  838.080566  0.051671  0.005436  0.768922  2.483208  36369.230469  
0.009590  0.863889  0.022716  0.000534  0.001044  0.003471  10.000000  0.135862  0.000019  0.005411  22.124489  0.000038  0.000265  0.004507  0.041887  78.445305  
0.005880  1.104782  0.026092  0.000849  0.020128  0.008748  0.412621  10.000000  0.003731  0.001897  1.399505  0.001753  0.000525  0.005554  0.691074  301.183075  
1.054660  1180.454712  9.720068  0.276545  9.849617  2.426812  12.611179  795.443726  10.000000  2.147565  52597.675781  0.352482  0.079931  3.009727  6.213289  140755.281250  
0.451132  180.023712  0.438686  0.050637  0.817620  0.304201  121.108223  13.982740  0.074229  10.000000  5231.588379  0.010640  0.293550  0.350087  8.306622  4256.293457  
0.000162  0.032549  0.000353  0.000023  0.000233  0.000285  0.055985  0.001166  0.000206  0.000591  10.000000  0.000008  0.000029  0.000044  0.006942  3.847277  
7.194682  4319.967773  3.021899  1.903585  23.236416  41.500622  227.975525  3446.258789  3.249803  2.838253  18146.634766  10.000000  0.345547  14.447095  225.784439  596608.375000  
6.786937  1251.183350  87.925560  0.250187  21.159491  2.449860  887.094360  579.400085  0.413487  43.933571  38910.593750  0.193879  10.000000  1.178946  746.596863  56584.667969  
0.815207  44.213993  0.204171  0.026848  0.307246  1.565863  68.227768  27.682381  0.070358  0.236773  261.396423  0.036631  0.005328  10.000000  6.022879  35468.054688  
0.027241  0.620160  0.289918  0.004210  0.104123  0.012775  1.601807  8.701580  0.000367  0.014193  104.907822  0.001446  0.008523  0.015215  10.000000  1079.809937  
0.000012  0.001480  0.000026  0.000001  0.000091  0.000117  0.001872  0.002366  0.000005  0.000005  0.036275  0.000002  0.000000  0.000056  0.000674  10.000000  
0.024902  0.000135  0.008361  0.148177  0.015594  0.016845  0.000195  0.000341  0.157227  0.029231  0.000010  0.477405  0.357601  0.024039  0.001208  0.000001  