10.000000  0.028806  0.022403  1.169914  0.044111  1.802474  0.002993  0.304748  0.017854  0.065421  3.268326  0.004690  98244.453125  2.898728  0.672996  9.755816  
33.181469  10.000000  0.204266  62.039715  1.810446  57.650040  1.327581  2.680962  0.224709  7.180581  7.127818  1.025054  5298461.000000  43.325294  11.433608  60.958088  
14.714034  0.116468  10.000000  27.391010  0.950333  17.495607  0.194252  0.414255  0.064594  2.301963  29.420467  0.690979  6744113.000000  7.357717  19.901518  173.245209  
0.761638  0.035063  0.027151  10.000000  0.011982  1.525010  0.009977  0.008960  0.003674  0.047763  0.843331  0.007515  32667.970703  1.974998  0.131699  1.721705  
5.265411  0.187613  0.172720  2.197016  10.000000  3.495209  2.281804  0.631629  0.325883  0.943245  11.836329  0.353341  4042609.000000  5.090490  0.729571  40.606674  
0.250114  0.006945  0.003696  0.325047  0.004063  10.000000  0.004835  0.012260  0.001135  0.031303  0.294704  0.003779  152066.968750  0.147787  0.193317  1.004999  
1.494903  0.575707  0.147739  7.655267  9.548639  17.405544  10.000000  1.505058  0.204185  8.270503  10.861876  0.422674  7729934.500000  7.016078  1.284061  86.843895  
23.838974  0.182065  0.049339  1.076602  0.413923  6.911578  0.235694  10.000000  0.205016  4.531442  14.394336  0.095967  859894.875000  2.924781  7.323478  61.677547  
62.748672  0.685622  0.345657  19.834209  9.595104  28.752970  1.436638  9.211240  10.000000  9.103919  216.302338  1.289598  4383514.500000  1.120045  11.345162  834.129883  
0.477044  0.045456  0.025558  0.534990  0.057621  1.644960  0.120733  0.422411  0.018889  10.000000  4.110717  0.022093  1637927.250000  0.714505  0.067213  25.911411  
1.695331  0.003210  0.023236  0.671943  0.051435  1.101655  0.011279  0.095450  0.031924  0.292417  10.000000  0.006152  89962.539062  0.370631  0.093033  43.093987  
7.737506  1.468146  1.735709  19.044994  4.883584  44.935635  1.396008  2.023987  0.605358  4.998538  19.565659  10.000000  3719815.000000  20.100098  24.745714  103.901543  
0.000000  0.000000  0.000000  0.000000  0.000000  0.000005  0.000000  0.000000  0.000000  0.000001  0.000001  0.000000  10.000000  0.000001  0.000000  0.000013  
3.962855  0.051420  0.015315  4.147369  0.058301  1.456018  0.019202  0.051115  0.000436  0.133956  0.976817  0.016656  330862.875000  10.000000  0.158580  2.916806  
3.945992  0.058199  0.177668  1.186125  0.035836  8.168557  0.015072  0.548927  0.018927  0.054045  1.051605  0.087945  205653.375000  0.680128  10.000000  6.993165  
0.211485  0.001147  0.005718  0.057330  0.007374  0.157005  0.003769  0.017092  0.005145  0.077030  1.800957  0.001365  58843.171875  0.046251  0.025855  10.000000  
0.017802  0.604198  0.456231  0.014364  0.194499  0.006631  0.397877  0.157452  1.055387  0.048072  0.012821  0.723087  0.000000  0.020815  0.043107  0.002621  