10.000000  10.556192  3178.596191  2666.187988  30569.708984  0.376226  1.627877  4.509303  111.548248  0.128474  2.820000  4.120046  98.783478  0.189534  686.511292  0.481763  
0.039049  10.000000  109.450127  71.153206  326.933838  0.015125  0.485689  0.057395  5.381577  0.102119  0.037081  0.281580  19.235365  0.014770  11.645173  0.111395  
0.000140  0.001306  10.000000  0.991980  10.901815  0.000143  0.003706  0.000302  0.015438  0.000250  0.000739  0.000318  0.234056  0.000086  0.429098  0.000012  
0.000863  0.006226  7.274268  10.000000  31.008440  0.000091  0.006307  0.000485  0.062000  0.000223  0.002628  0.000054  0.238717  0.000006  2.366740  0.000566  
0.000026  0.000075  0.210021  0.081462  10.000000  0.000017  0.000103  0.000024  0.001728  0.000012  0.000310  0.000144  0.000878  0.000002  0.191432  0.000013  
0.282068  3.065451  2431.525146  209.755051  14746.000000  10.000000  2.035307  0.109016  20.916832  1.122393  0.545723  0.729372  261.159515  0.086023  710.841736  1.159541  
0.033875  2.732237  1747.448364  405.487793  2526.699707  0.056492  10.000000  0.045337  4.888840  0.029188  0.762249  0.201837  21.406847  0.037352  69.424202  0.203865  
1.880672  6.471091  2854.732178  624.969604  11594.656250  0.060644  0.908646  10.000000  12.247408  0.758196  3.858047  1.258819  485.525879  0.416726  315.869781  0.169017  
0.035791  0.466790  112.228615  61.463146  652.237366  0.008952  0.075380  0.009422  10.000000  0.017981  0.021969  0.106107  4.248597  0.003736  13.051879  0.024477  
0.069792  14.996651  3082.625488  374.131073  7528.163574  0.813264  0.761964  0.987573  30.443386  10.000000  0.485821  1.571299  389.642548  0.075952  154.762070  2.827108  
0.144132  0.512338  856.084534  414.990265  18642.447266  0.037203  1.872167  0.472796  3.499513  0.045708  10.000000  1.822537  91.724976  0.050470  331.619873  0.327750  
0.196729  3.634683  343.522217  7.938746  8087.313965  0.046453  0.463133  0.144121  15.790495  0.138113  1.702682  10.000000  26.904634  0.033850  66.198219  0.446673  
0.000309  0.016242  16.564188  2.303812  3.226876  0.001088  0.003213  0.003636  0.041361  0.002240  0.005606  0.001760  10.000000  0.000189  2.694447  0.000993  
3.696859  77.877853  38139.570312  375.622772  41214.074219  2.237978  35.010231  19.489111  227.107178  2.727055  19.260481  13.827312  1179.853760  10.000000  2081.691895  0.820427  
0.000086  0.000396  1.222073  0.919189  28.300335  0.000119  0.000419  0.000095  0.005113  0.000036  0.000816  0.000174  0.108433  0.000013  10.000000  0.000093  
0.116580  7.287055  68.263199  423.077423  3759.822998  0.374258  2.370666  0.098066  18.459753  1.259335  1.551755  2.263667  76.939690  0.010179  178.209503  10.000000  
0.224215  0.013637  0.000047  0.000128  0.000007  0.194141  0.032344  0.144799  0.004016  0.165257  0.050690  0.048995  0.000396  0.990234  0.000079  0.110296  