10.000000  5.745588  0.056242  0.978088  0.629747  5176738.000000  0.828547  125.573074  0.481695  1206.853638  7.052636  8.195099  1.956604  0.612710  6440050.000000  8.515551  
0.161066  10.000000  0.043669  0.141848  0.190904  486504.281250  0.048531  20.441372  0.071423  16.621626  0.402553  2.095901  0.201768  0.163938  645311.687500  7.221388  
1.391342  38.536709  10.000000  4.089771  2.834220  23303198.000000  5.359487  519.369202  12.550924  979.661621  7.425489  110.537041  4.475712  3.992783  59424332.000000  29.703817  
0.284084  1.469683  0.048017  10.000000  0.604513  1060301.500000  0.260889  138.998886  1.939175  145.979462  0.678489  1.737990  0.076693  0.369258  969329.062500  3.592235  
0.252994  2.735835  0.046026  0.836145  10.000000  1503624.500000  2.714812  88.752235  0.219144  219.971832  3.146070  9.532089  0.016171  1.056486  10143492.000000  1.496683  
0.000000  0.000000  0.000000  0.000000  0.000000  10.000000  0.000000  0.000012  0.000000  0.000038  0.000000  0.000001  0.000000  0.000000  0.641647  0.000001  
0.348806  0.728811  0.091205  0.378141  2.844867  2550752.750000  10.000000  209.781769  0.273550  261.828125  2.747033  3.685747  0.327960  0.903691  4331467.000000  0.631718  
0.001384  0.008038  0.000231  0.005276  0.002435  9043.120117  0.005493  10.000000  0.000993  4.202071  0.010813  0.063115  0.006642  0.002317  33476.457031  0.005620  
0.124783  0.660016  0.131428  1.729544  0.141309  4403160.000000  0.168327  23.329943  10.000000  90.973114  0.775651  4.972179  0.253373  0.280888  7182142.000000  0.961053  
0.001306  0.000642  0.000043  0.000544  0.000593  2909.655029  0.000673  0.412573  0.000380  10.000000  0.004829  0.008266  0.001591  0.001338  6727.199707  0.002847  
0.300257  0.611357  0.012779  0.099452  0.333400  1500859.250000  0.277804  41.760002  0.127475  189.958389  10.000000  2.118881  0.219737  0.146504  2970980.000000  1.451920  
0.023356  0.213084  0.012735  0.017054  0.067623  284066.062500  0.024952  16.317616  0.054703  21.766308  0.141845  10.000000  0.025042  0.059369  1929007.125000  0.084045  
0.924539  3.400982  0.085489  0.124770  0.019020  2170393.500000  0.368109  284.689545  0.462166  694.450562  2.438841  4.151786  10.000000  0.218766  3409094.250000  3.074930  
0.544698  5.198905  0.143484  1.130217  2.337867  1945212.250000  1.908332  186.854782  0.963941  1098.647705  3.059202  18.518745  0.411585  10.000000  1086518.000000  0.984659  
0.000000  0.000000  0.000000  0.000000  0.000000  0.109336  0.000000  0.000007  0.000000  0.000015  0.000000  0.000002  0.000000  0.000000  10.000000  0.000000  
0.098277  2.972957  0.013857  0.142736  0.042996  731315.875000  0.017318  5.883737  0.042816  30.353790  0.393585  0.340330  0.075102  0.012783  270084.937500  10.000000  
0.114168  0.019115  0.567847  0.061529  0.072363  0.000000  0.074076  0.000379  0.058108  0.000119  0.023557  0.006095  0.078480  0.107645  0.000000  0.012265  