10.000000  0.004347  0.013570  17.044546  0.007881  0.009985  0.018105  17.676733  0.147487  0.069542  10.978156  164.969666  0.687667  0.096611  2.824288  0.020684  
8.743494  10.000000  1.018759  11146.541016  0.248967  0.050553  0.412282  1487.504272  18.092367  3.441607  51.421059  8355.061523  22.799025  31.736004  184.243988  0.483459  
13.837277  0.516424  10.000000  4437.011230  0.139665  0.303525  0.073848  2053.028564  0.428447  1.918075  93.359451  2786.412354  5.075940  2.360857  162.153519  0.642760  
0.001874  0.000609  0.000478  10.000000  0.000018  0.000062  0.000101  0.702504  0.002935  0.001468  0.031186  0.261953  0.005323  0.003991  0.039606  0.000167  
51.787399  0.813271  0.900005  1066.771240  10.000000  2.774205  0.854990  17414.021484  14.585876  0.045224  438.359711  1866.437866  73.278343  10.021109  1930.310425  1.135698  
62.256538  0.156703  1.856054  3501.369385  2.632548  10.000000  0.427229  54475.601562  1.367811  1.316353  372.804382  1365.544678  82.167160  30.469212  1247.634521  2.340219  
32.195156  0.364462  0.128784  1640.738037  0.231380  0.121839  10.000000  635.081299  5.413777  1.114805  91.731094  389.394012  21.810396  2.261532  34.790775  0.649240  
0.000895  0.000037  0.000102  0.323565  0.000134  0.000442  0.000018  10.000000  0.000149  0.000806  0.035380  0.372087  0.003010  0.002168  0.060007  0.000137  
2.827765  0.172448  0.008056  511.844604  0.042560  0.004206  0.058372  56.534931  10.000000  0.016706  27.579807  689.024658  3.161296  1.414683  11.401710  0.039182  
4.600522  0.113187  0.124442  883.417603  0.000455  0.013966  0.041474  1053.281860  0.057641  10.000000  124.169876  536.084412  1.591488  0.939044  14.685073  0.117462  
0.207500  0.000483  0.001731  5.360951  0.001261  0.001130  0.000975  13.204816  0.027189  0.035477  10.000000  1.622409  0.074930  0.022806  0.305538  0.000895  
0.012532  0.000316  0.000208  0.180976  0.000022  0.000017  0.000017  0.558122  0.002730  0.000616  0.006520  10.000000  0.004226  0.003833  0.097028  0.000202  
1.024916  0.016893  0.007419  72.154770  0.016621  0.019640  0.018281  88.598007  0.245745  0.035855  5.908451  82.917168  10.000000  0.092730  2.182010  0.054339  
1.520114  0.248242  0.036430  571.141846  0.023996  0.076887  0.020011  673.580933  1.160966  0.223344  18.984663  793.955383  0.978946  10.000000  35.262672  0.062360  
0.055957  0.001815  0.003151  7.136749  0.005820  0.003964  0.000388  23.476025  0.011782  0.004398  0.320273  25.306864  0.029006  0.044403  10.000000  0.003540  
33.580986  0.390203  1.023399  2470.947021  0.280608  0.609335  0.592760  4401.010254  3.317845  2.882654  76.886475  4317.018066  59.191856  6.434492  290.096008  10.000000  
0.006259  0.280723  0.199869  0.000066  0.507370  0.494246  0.263941  0.000045  0.027407  0.050909  0.000861  0.000055  0.007641  0.024828  0.000881  0.252199  