10.000000  196.763977  1721.016968  3.233212  77.516914  0.402919  0.559155  1.956856  7.207171  39.882072  0.531235  2.341734  10.892462  0.529990  355.500946  0.958284  
0.001057  10.000000  8.461598  0.012147  0.407605  0.009931  0.005864  0.002440  0.000358  0.039490  0.001004  0.042689  0.001029  0.000243  0.199784  0.010978  
0.000003  0.003047  10.000000  0.000263  0.008143  0.000047  0.000017  0.000140  0.000023  0.003238  0.000036  0.000553  0.000065  0.000011  0.013535  0.000196  
0.023749  16.616707  999.780823  10.000000  1.534544  0.057589  0.072853  0.131204  0.402631  6.201165  0.047423  0.693928  0.353773  0.077848  13.682144  0.244698  
0.002223  2.176658  120.752831  0.005991  10.000000  0.029690  0.003088  0.022544  0.005906  0.224044  0.001888  0.008696  0.002961  0.001923  0.734559  0.049692  
0.015255  70.024414  926.356079  0.296845  39.201355  10.000000  0.093663  0.467125  0.113639  17.495512  0.023741  0.252463  0.644264  0.007097  150.755951  0.125924  
0.185497  362.283630  2949.433105  3.290325  35.722157  0.820678  10.000000  0.612212  0.678065  43.040604  0.367690  0.900355  1.125191  0.067100  7.674948  2.685474  
0.134241  31.177063  4950.711426  1.225349  53.933697  0.846365  0.126597  10.000000  1.175523  14.250891  0.195489  2.041316  0.658987  0.101947  15.319903  0.806313  
1.118345  10.340364  1829.697266  8.505637  31.958822  0.465736  0.317159  2.658992  10.000000  14.032884  0.920814  0.558064  3.165198  0.035176  76.285423  1.022642  
0.006552  1.208196  275.085938  0.138695  1.283599  0.075915  0.021314  0.034128  0.014857  10.000000  0.008070  0.014801  0.039706  0.005761  1.969455  0.023704  
0.188833  66.458755  6585.648926  2.294950  23.409883  0.222888  0.393975  1.012952  2.109368  17.461105  10.000000  4.373244  3.535071  0.446550  34.026413  0.890895  
0.029657  100.681213  3624.935303  1.196431  3.840652  0.084446  0.034371  0.376851  0.045547  1.141005  0.155811  10.000000  0.450060  0.156982  28.768286  1.612793  
0.599523  10.550984  1846.834717  2.650901  5.682771  0.936576  0.186682  0.528727  1.122715  13.302479  0.547377  1.955984  10.000000  0.134579  65.072830  1.122772  
0.897879  76.722618  9986.596680  17.954956  113.613144  0.317553  0.342666  2.517662  0.384043  59.412239  2.128281  20.999771  4.142367  10.000000  689.427307  12.001966  
0.003580  0.374655  70.486580  0.018757  0.257957  0.040096  0.000233  0.002249  0.004951  0.120717  0.000964  0.022875  0.011905  0.004098  10.000000  0.021406  
0.026707  56.975479  2820.354248  0.928425  48.295792  0.092691  0.225603  0.327572  0.183671  4.021069  0.069849  3.549134  0.568513  0.197438  59.244720  10.000000  
0.277004  0.000642  0.000012  0.023741  0.001483  0.053900  0.159547  0.072552  0.109117  0.003550  0.165151  0.031173  0.064987  0.360546  0.000879  0.046243  