10.000000  160.021866  190.834793  0.048075  0.108190  0.009596  3.332525  1.661857  0.031507  211.419693  0.623005  0.007874  0.005226  0.010956  0.138673  0.011329  
0.001480  10.000000  0.210201  0.000534  0.000949  0.000028  0.026400  0.023442  0.000042  0.040535  0.000719  0.000027  0.000047  0.000018  0.000127  0.000095  
0.005221  0.621932  10.000000  0.000173  0.002435  0.000054  0.019689  0.076041  0.000468  0.364359  0.000400  0.000037  0.000106  0.000043  0.000082  0.000245  
2.859404  3432.107178  376.105347  10.000000  2.804576  0.266456  26.277861  52.308456  0.094341  425.182373  0.886031  0.031721  0.332611  0.042970  0.363030  0.106966  
0.832577  790.054993  685.029114  0.362864  10.000000  0.044710  4.870749  20.918365  0.278741  153.211349  0.156908  0.016805  0.065685  0.004193  0.015243  0.074071  
8.475384  2711.556152  1758.420654  3.956795  5.131475  10.000000  64.290329  428.297211  0.526621  1627.684082  2.975437  0.900105  0.425110  0.098206  1.154709  1.257690  
0.316629  271.273560  68.379539  0.041977  0.060136  0.006916  10.000000  3.222567  0.002093  31.210861  0.037087  0.000585  0.010587  0.001087  0.011412  0.003074  
0.004110  6.270655  6.874653  0.002175  0.006723  0.001199  0.083891  10.000000  0.000408  4.105150  0.008614  0.000831  0.001587  0.000015  0.000373  0.000215  
3.706695  530.401917  2013.925049  0.186607  4.261385  0.070147  2.592227  19.395624  10.000000  131.918549  0.348366  0.033039  0.071465  0.018332  0.579086  0.117505  
0.011418  0.236759  0.719271  0.000386  0.001075  0.000100  0.017741  0.089637  0.000061  10.000000  0.006531  0.000066  0.000114  0.000044  0.000153  0.000029  
7.309054  912.370850  171.686371  0.174767  0.239210  0.039522  4.579464  40.861149  0.034739  1418.648315  10.000000  0.018062  0.061694  0.015650  0.083560  0.018118  
20.664719  7627.384277  3545.548828  1.399613  5.731063  2.674502  16.158346  881.989075  0.736997  3212.499512  4.040313  10.000000  0.602637  0.103062  1.949036  0.308097  
4.690730  4550.386230  3482.310547  5.019422  7.661350  0.432016  100.020538  576.036133  0.545232  1898.023926  4.720084  0.206113  10.000000  0.226343  0.658143  0.544854  
194.342255  35464.910156  28054.505859  12.814740  9.664898  1.972279  203.009888  110.855484  2.763897  14464.100586  23.662083  0.696592  4.473002  10.000000  6.415654  10.595551  
26.602167  2638.141846  577.633606  1.170867  0.379974  0.250796  23.041662  28.900003  0.944240  542.149658  1.366326  0.142468  0.140659  0.069384  10.000000  0.352657  
7.803975  7104.244141  6171.144043  1.238808  6.630215  0.980874  22.285303  59.904861  0.687998  374.910767  1.063813  0.080868  0.418139  0.411464  1.266321  10.000000  
0.006151  0.000019  0.000032  0.047438  0.017063  0.182802  0.001896  0.000306  0.066717  0.000045  0.021068  0.315106  0.184281  0.819215  0.085193  0.161437  