10.000000  0.901543  1.517306  4.666055  5.651564  0.589473  2.274198  11.439540  0.699553  1.544405  276.052460  1.576410  7.969065  209.619202  4.340333  1.527297  
0.567703  10.000000  0.929503  2.790061  4.996263  0.274772  4.071287  16.679493  3.854177  0.734151  141.948166  0.985702  1.731328  124.637886  2.202042  0.258290  
0.227123  0.220955  10.000000  0.128043  0.327234  0.504806  5.194939  0.702237  1.982678  1.529157  54.506828  1.154947  0.254042  125.863914  0.159729  0.333724  
0.285566  0.271166  0.052351  10.000000  0.252234  0.737738  0.124804  1.650855  0.990957  0.077293  22.474789  0.672232  2.232239  22.877979  0.056093  0.029791  
0.228912  0.321373  0.088546  0.166935  10.000000  0.385234  1.056519  3.032257  0.783256  0.083160  8.224369  0.074506  0.420586  9.163395  0.756083  0.321603  
0.069802  0.051670  0.399336  1.427408  1.126229  10.000000  1.291059  3.559873  1.081012  0.421523  20.255041  1.114500  1.810630  11.135927  0.836186  0.029959  
0.059666  0.169626  0.910519  0.053502  0.684343  0.286049  10.000000  8.240388  2.423571  0.013741  1.955282  0.626979  0.085258  21.158472  0.932319  0.026806  
0.013115  0.030366  0.005378  0.030924  0.085824  0.034465  0.360077  10.000000  0.704045  0.021137  1.768739  0.031379  0.023351  1.039633  0.158637  0.003676  
0.012108  0.105938  0.229255  0.280255  0.334702  0.158010  1.598874  10.629450  10.000000  0.140732  9.544210  0.088793  0.187747  19.378305  0.040846  0.070225  
0.236498  0.178532  1.564338  0.193397  0.314397  0.545112  0.080204  2.823328  1.245100  10.000000  10.396951  0.385110  0.220509  8.382764  2.639008  0.240243  
0.013582  0.011091  0.017916  0.018068  0.009990  0.008416  0.003667  0.075908  0.027130  0.003340  10.000000  0.010397  0.005230  1.650910  0.031076  0.009198  
0.339431  0.337049  1.661333  2.365076  0.396074  2.026565  5.145638  5.893643  1.104605  0.541502  45.499470  10.000000  1.347732  55.188351  0.724444  0.368641  
0.142928  0.049312  0.030439  0.654177  0.186237  0.274245  0.058284  0.365320  0.194549  0.025827  1.906701  0.112262  10.000000  30.955860  0.019671  0.058833  
0.007441  0.007027  0.029850  0.013270  0.008031  0.003338  0.028629  0.032193  0.039745  0.001943  1.191189  0.009099  0.061271  10.000000  0.001478  0.001257  
0.089642  0.072223  0.022039  0.018929  0.385529  0.145844  0.733932  2.857905  0.048740  0.355928  13.045211  0.069488  0.022652  0.860137  10.000000  0.146093  
0.644796  0.173169  0.941238  0.205510  3.352112  0.106814  0.431355  1.353875  1.712917  0.662344  78.924812  0.722804  1.384865  14.943160  2.986346  10.000000  
0.600667  0.476652  0.232396  0.148598  0.120888  0.206697  0.097293  0.020338  0.079024  0.235054  0.004213  0.278724  0.080443  0.003579  0.086323  0.390286  