10.000000  1013.540833  6.125128  95.413857  25.581482  0.391885  3.602230  0.452721  5.122494  0.409694  6.135024  113.542000  0.825302  0.225346  677.924866  8.149309  
0.000636  10.000000  0.004449  0.746450  0.007079  0.000934  0.000704  0.000234  0.006205  0.007147  0.051901  0.061858  0.001814  0.000602  0.957121  0.001533  
0.107974  124.904793  10.000000  134.520447  2.413231  0.101361  0.343087  0.570577  0.384417  0.746949  2.219505  1.920456  0.067276  0.050414  77.955856  7.765513  
0.000156  1.941747  0.012463  10.000000  0.046220  0.001288  0.009202  0.001229  0.003403  0.008744  0.018751  0.009639  0.004054  0.002590  1.373513  0.036438  
0.011139  4.909753  0.059612  12.323149  10.000000  0.038164  0.058163  0.016991  0.049826  0.666819  0.082489  0.256160  0.004107  0.008751  115.603195  0.309951  
0.064086  243.165939  0.940318  128.969406  14.332442  10.000000  0.266648  0.156813  1.661082  4.185717  2.323143  1.168194  0.921538  3.910704  204.794098  18.319294  
0.195148  60.718868  1.054370  305.230804  7.236152  0.088334  10.000000  0.548646  0.698596  2.124608  0.650975  12.851801  0.028767  0.833658  564.851257  4.159351  
0.107999  88.862038  7.721463  179.532242  9.308167  0.228753  2.415956  10.000000  0.063427  8.226006  0.840791  35.498386  0.681120  0.509469  814.122803  28.219271  
0.143386  276.646515  0.610414  58.323395  3.202950  0.284323  0.360961  0.007442  10.000000  0.728848  2.378722  3.337481  0.135553  0.109334  176.778748  1.218091  
0.001106  30.730371  0.114383  14.451601  4.133757  0.069093  0.105867  0.093083  0.070288  10.000000  0.124300  2.113092  0.025884  0.018966  30.486586  2.030438  
0.071048  957.321960  1.458108  132.955276  2.193808  0.164516  0.139158  0.040817  0.984135  0.533256  10.000000  5.269927  0.099981  0.194183  90.988617  0.290346  
0.018520  16.070549  0.017770  0.962661  0.095955  0.001165  0.038696  0.024272  0.019448  0.127684  0.074227  10.000000  0.014197  0.032452  20.630743  0.352062  
0.177661  622.111816  0.821555  534.301514  2.030485  1.213069  0.114308  0.614628  1.042464  2.064141  1.858479  18.735632  10.000000  1.702150  413.261047  19.714682  
0.017982  76.574409  0.228216  126.525169  1.603613  1.908313  1.227991  0.170423  0.311694  0.560671  1.338054  15.876350  0.630987  10.000000  624.959106  5.759715  
0.000134  0.300369  0.000871  0.165703  0.052309  0.000247  0.002054  0.000672  0.001244  0.002225  0.001548  0.024921  0.000378  0.001543  10.000000  0.028895  
0.002836  0.849342  0.153286  7.763179  0.247681  0.038980  0.026716  0.041162  0.015142  0.261729  0.008724  0.751038  0.031867  0.025115  51.028770  10.000000  
0.619648  0.000491  0.082271  0.000792  0.012930  0.250581  0.144225  0.302649  0.103671  0.032194  0.066683  0.007914  0.287497  0.175043  0.000275  0.011559  