10.000000  384.490326  2.738436  0.450064  2.485929  0.300671  0.014484  0.198079  0.046818  0.041566  0.529304  6.616013  149.029083  0.071372  0.404966  0.318337  
0.001174  10.000000  0.028904  0.000663  0.001749  0.005198  0.000053  0.000096  0.000131  0.000032  0.007935  0.005351  0.073989  0.000046  0.000909  0.000629  
0.003657  12.640137  10.000000  0.032958  0.030786  0.074350  0.002633  0.002935  0.000588  0.000724  0.058264  0.077533  7.247828  0.003211  0.019785  0.012635  
0.187074  90.265900  10.259154  10.000000  0.171793  7.029033  0.037896  0.071165  0.037467  0.026492  1.007517  1.815977  8.333586  0.142647  0.387532  0.055396  
0.619431  142.746323  5.744624  0.102984  10.000000  0.165476  0.027362  0.007765  0.006751  0.028070  0.898856  0.426006  70.896751  0.033513  2.183588  0.068001  
0.004169  23.600925  0.772006  0.234467  0.009208  10.000000  0.001217  0.003839  0.000729  0.001790  0.248316  0.557308  10.703376  0.018044  0.053170  0.083011  
2.049159  2448.116211  279.007629  12.898011  15.535169  12.414268  10.000000  0.627588  0.760785  0.637441  51.588394  12.409305  674.001648  3.133748  20.145493  0.932480  
11.203358  1771.960938  124.324394  9.683554  1.762565  15.658430  0.250906  10.000000  0.044444  1.735007  43.592606  15.821800  953.811340  1.257643  9.750640  2.213878  
9.288963  8543.444336  87.324982  17.883768  5.375509  10.433331  1.066936  0.155901  10.000000  0.290188  21.848360  15.297289  1578.009155  1.881771  14.068668  1.679291  
3.961704  1007.822754  51.689697  6.074613  10.737002  12.306795  0.429444  2.923690  0.139402  10.000000  51.792759  45.358658  734.816528  1.642961  18.658379  3.092187  
0.015244  74.839897  1.256640  0.069810  0.103894  0.515799  0.010502  0.022198  0.003172  0.015651  10.000000  0.482345  3.067483  0.047047  0.169230  0.077508  
0.602924  159.685394  5.291282  0.398140  0.155803  3.662976  0.007994  0.025492  0.007026  0.043370  1.526233  10.000000  64.293175  0.079578  0.213991  0.319444  
0.003487  0.566994  0.127008  0.000469  0.006658  0.018064  0.000111  0.000395  0.000186  0.000180  0.002492  0.016509  10.000000  0.002011  0.009926  0.001036  
0.186688  39.382511  6.290328  0.897664  0.351805  3.403990  0.057940  0.058162  0.024809  0.045090  4.272896  2.284108  224.822815  10.000000  0.830506  0.349358  
0.145689  107.071022  5.330254  0.335410  3.152648  1.379585  0.051229  0.062020  0.025510  0.070428  2.113898  0.844773  152.604141  0.114225  10.000000  0.042547  
2.755133  1782.027710  81.891136  1.153433  2.361926  51.816231  0.057045  0.338766  0.073254  0.280790  23.291590  30.337820  383.328491  1.155943  1.023566  10.000000  
0.031759  0.000055  0.001161  0.020475  0.015853  0.003740  0.377747  0.238846  0.447341  0.310051  0.005390  0.009587  0.000154  0.051364  0.019049  0.093431  