10.000000  0.174210  0.029020  0.088408  0.021835  0.500078  7460.820312  0.166528  4594.229492  89.033966  70.135406  0.114837  437.948059  220.726212  0.123242  5.810499  
5.550133  10.000000  2.147145  3.206990  0.326882  7.211264  21964.712891  0.127540  16940.330078  580.664185  87.740227  1.327548  1399.481445  161.691376  3.125084  21.079544  
0.586372  1.361779  10.000000  0.107054  0.325171  7.932087  59274.898438  0.274151  23702.587891  118.739098  30.796144  0.094463  2174.500000  238.033798  1.935020  39.652672  
1.576976  1.795554  0.094505  10.000000  0.325338  1.621491  111756.585938  0.196463  19808.744141  140.693878  64.645866  0.846865  555.381226  79.526741  0.526165  9.438812  
0.534461  0.251148  0.393916  0.446449  10.000000  5.314285  11462.931641  0.395825  36824.925781  972.471863  57.089664  0.510893  1355.197144  669.680725  0.778214  39.814247  
0.056634  0.025634  0.044458  0.010295  0.024588  10.000000  2159.269775  0.004508  461.310425  45.775173  6.378612  0.092479  92.564552  2.523434  0.042062  3.288383  
0.000045  0.000004  0.000018  0.000038  0.000003  0.000115  10.000000  0.000005  0.384630  0.009215  0.001081  0.000027  0.000629  0.002597  0.000016  0.000555  
11.654757  0.280176  0.949576  0.770839  1.131748  2.785751  57760.019531  10.000000  38542.117188  257.773834  189.126862  2.066358  1550.671265  100.754257  0.247030  73.752426  
0.000087  0.000010  0.000022  0.000021  0.000028  0.000077  1.207339  0.000010  10.000000  0.011507  0.000381  0.000010  0.053058  0.020011  0.000005  0.000088  
0.012010  0.002459  0.000793  0.001064  0.005359  0.054523  206.445358  0.000497  82.124458  10.000000  0.228109  0.003266  2.390306  1.269020  0.000411  0.049106  
0.078806  0.003095  0.001713  0.004072  0.002621  0.063286  201.746109  0.003036  22.667995  1.900114  10.000000  0.027000  17.608616  2.565320  0.000841  0.027635  
0.709520  0.257457  0.028885  0.293338  0.128957  5.045301  27712.134766  0.182421  3226.513672  149.613770  148.466263  10.000000  345.666351  295.406921  0.112933  3.358498  
0.002345  0.000235  0.000576  0.000167  0.000296  0.004376  0.558882  0.000119  15.030559  0.094881  0.083910  0.000300  10.000000  0.112321  0.000010  0.005531  
0.018625  0.000428  0.000994  0.000376  0.002309  0.001880  36.391666  0.000121  89.333099  0.793807  0.192642  0.004034  1.770043  10.000000  0.000300  0.014808  
1.948418  1.550793  1.514023  0.466351  0.502636  5.871826  42643.851562  0.055803  3924.877686  48.202904  11.828233  0.288975  29.242285  56.152557  10.000000  15.726280  
0.148503  0.016910  0.050156  0.013524  0.041571  0.742106  2356.523682  0.026933  118.728325  9.303964  0.628582  0.013893  26.399410  4.485172  0.025423  10.000000  
0.051519  0.290792  0.231582  0.217587  0.254889  0.017338  0.000004  0.430998  0.000007  0.000598  0.001727  0.128059  0.000119  0.000473  0.204847  0.008236  