10.000000  2.085617  1.117437  6.501415  7.498666  19.663458  2.072055  2.871942  1.631457  0.016478  8.119223  10.963735  0.473687  1.183714  210.813507  0.571170  
0.140720  10.000000  0.264443  11.492504  0.745719  1.113047  0.827303  0.215751  0.082484  0.006233  0.132983  0.446938  0.175909  0.695187  64.376213  0.043932  
0.817681  2.867940  10.000000  97.149849  4.550071  2.747188  2.245328  1.450762  0.726315  0.018249  6.206901  7.814542  1.139641  0.609640  44.869293  0.297941  
0.000949  0.024852  0.019371  10.000000  0.017165  0.124471  0.019744  0.033854  0.007455  0.000296  0.087566  0.062393  0.041468  0.034570  0.096984  0.002640  
0.043137  0.063579  0.035770  0.676766  10.000000  1.252496  0.082398  0.019895  0.326473  0.002746  0.079772  0.349001  0.040578  0.215262  1.211704  0.010496  
0.022534  0.018904  0.004302  0.977635  0.249507  10.000000  0.012657  0.003863  0.023252  0.000573  0.828828  0.063763  0.003584  0.060029  0.947874  0.016608  
0.141190  0.835496  0.209084  9.220892  0.976017  0.752626  10.000000  0.019776  0.055853  0.006822  1.200725  0.202521  0.084768  0.322199  48.320480  0.050679  
3.459860  3.852246  2.388461  279.535797  4.166487  4.061357  0.349643  10.000000  2.630588  0.010630  4.093563  5.048546  1.268462  1.417969  25.301741  0.126941  
0.341946  0.256230  0.208040  10.709583  11.895040  4.252834  0.171802  0.457670  10.000000  0.017892  2.738820  1.697817  0.307424  3.020633  15.592456  0.092759  
11.491290  64.418648  17.390800  1413.721558  332.891602  348.440125  69.820900  6.153437  59.529869  10.000000  242.454758  49.516663  3.759438  27.550827  4657.977539  3.441519  
0.112918  0.027411  0.117967  8.346805  0.192858  10.058696  0.245069  0.047257  0.181731  0.004835  10.000000  0.351862  0.113306  0.497201  5.027404  0.027865  
0.182924  0.110519  0.178178  7.134846  1.012221  0.928349  0.049588  0.069919  0.135151  0.001185  0.422122  10.000000  0.102338  0.094575  26.444260  0.073511  
0.874591  4.813712  2.875548  524.765198  13.024045  5.773931  2.296906  1.944052  2.708122  0.009954  15.042502  11.324949  10.000000  2.526023  55.921146  0.034471  
0.137203  1.194256  0.096567  27.463354  4.337319  6.071668  0.548075  0.136427  1.670450  0.004579  4.143844  0.657025  0.158578  10.000000  76.279999  0.273291  
0.005506  0.024921  0.001602  0.017362  0.005502  0.021605  0.018522  0.000549  0.001943  0.000174  0.009442  0.041399  0.000791  0.017189  10.000000  0.002231  
1.084089  1.235822  0.772802  34.345570  3.463095  27.507561  1.411643  0.199994  0.839986  0.009367  3.802824  8.362517  0.035435  4.475138  162.098587  10.000000  
0.273598  0.071068  0.234042  0.003305  0.020751  0.009262  0.071419  0.300299  0.125258  7.225019  0.032265  0.035340  0.371766  0.093148  0.001398  0.376932  