10.000000  0.032303  0.034985  0.146021  2.513677  0.018044  0.488883  0.336900  0.015235  0.002879  3.914337  5.171875  0.006549  0.202048  79078816.000000  0.004209  
25.899794  10.000000  2.565537  7.752581  13.608212  0.554542  28.007900  2.839043  1.576925  0.020082  533.252502  39.721054  0.153880  4.021291  1371262208.000000  0.268499  
10.111369  0.924831  10.000000  3.588494  4.146365  0.188863  6.190487  6.637975  0.044131  0.430457  245.523849  5.918290  0.038506  5.074232  862263616.000000  0.112925  
1.857422  0.122997  0.157934  10.000000  0.856939  0.041228  0.293914  1.490011  0.465586  0.025121  5.253293  10.007063  0.024078  0.043933  824975808.000000  0.011935  
12.211155  0.082452  0.069692  0.327267  10.000000  0.017306  0.631143  0.870349  0.035356  0.014984  14.164885  3.112115  0.004333  0.047448  253524432.000000  0.016300  
36.375370  1.394297  1.317295  6.533861  7.181644  10.000000  73.739304  41.192123  2.086928  0.084524  165.358200  95.631683  0.064758  6.772785  17020891136.000000  0.257503  
0.527921  0.037722  0.023129  0.024951  0.140296  0.039500  10.000000  0.689080  0.077098  0.002210  7.042991  1.726898  0.002112  0.496570  376795392.000000  0.009322  
0.491773  0.005169  0.033525  0.170985  0.261523  0.029827  0.931470  10.000000  0.151105  0.009723  1.486681  0.296178  0.002014  0.502368  391106848.000000  0.008653  
0.969908  0.125212  0.009721  2.330173  0.463339  0.065906  4.545305  6.590197  10.000000  0.078706  159.176285  9.149174  0.019993  4.259587  921829376.000000  0.047874  
30.108467  0.261937  15.575348  20.652857  32.256123  0.438481  21.401638  69.661163  12.928877  10.000000  377.523865  54.706200  0.150178  6.042910  34691596288.000000  1.684141  
0.023770  0.004039  0.005159  0.002508  0.017706  0.000498  0.039606  0.006185  0.015183  0.000219  10.000000  0.099005  0.000159  0.046524  6630992.000000  0.000444  
0.775477  0.007428  0.003070  0.117959  0.096057  0.007113  0.239786  0.030424  0.021549  0.000784  2.444624  10.000000  0.000804  0.097393  35474464.000000  0.002305  
199.357651  5.842088  4.055328  57.617218  27.150030  0.977819  59.531647  41.987736  9.559183  0.437120  798.444702  163.318604  10.000000  15.829123  12621588480.000000  0.777215  
1.058473  0.026275  0.091974  0.018094  0.051168  0.017600  2.409033  1.802955  0.350517  0.003027  40.136101  3.402786  0.002724  10.000000  357484192.000000  0.050400  
0.000000  0.000000  0.000000  0.000000  0.000000  0.000000  0.000000  0.000000  0.000000  0.000000  0.000000  0.000000  0.000000  0.000000  10.000000  0.000000  
26.497311  2.108214  2.459674  5.906599  21.122736  0.804142  54.345345  37.317844  4.734043  1.013813  459.878876  96.781273  0.160741  60.565010  25545261056.000000  10.000000  
0.012143  0.343833  0.206438  0.043308  0.026764  0.545203  0.012618  0.014671  0.096887  1.241778  0.000946  0.004702  2.118559  0.027793  0.000000  0.963460  