10.000000  3.990243  71.170586  9.430525  0.434431  4.396271  2.174618  0.693426  0.508682  1.463938  0.923939  6413.305176  3.711656  4.038465  1.812238  4.791008  
1.039364  10.000000  2.317408  0.988317  0.167736  14.153205  5.526688  0.058561  0.910323  0.389817  1.067122  214.961456  0.226788  2.518280  0.407457  2.490414  
0.025045  0.003131  10.000000  0.208611  0.006202  0.118479  0.289827  0.045417  0.018832  0.014618  0.039448  46.521019  0.162615  0.174161  0.016550  0.057280  
0.039615  0.015939  2.490270  10.000000  0.049951  0.188439  2.160281  0.100869  0.167177  0.029200  0.035726  40.249027  0.118340  2.083432  0.012477  0.724842  
1.018505  1.509735  41.320732  27.877989  10.000000  7.095093  21.176128  0.932134  1.563231  0.770149  0.685322  5733.113770  1.656551  11.007497  0.672536  7.627452  
0.037858  0.467903  2.899330  0.386294  0.026061  10.000000  1.717761  0.118176  0.189559  0.028565  0.104436  110.044373  0.150039  2.749780  0.011490  1.140914  
0.001819  0.017745  0.688823  0.430100  0.007554  0.166831  10.000000  0.143645  0.050341  0.021198  0.024079  38.445797  0.046593  0.307840  0.014570  0.006045  
0.090011  0.029184  16.753410  3.116961  0.051610  1.781383  22.294907  10.000000  0.093774  0.104843  1.187514  320.095001  0.717008  3.449898  0.068063  1.802339  
0.137392  0.943936  14.454088  10.749045  0.180093  5.945548  16.257696  0.195119  10.000000  0.489891  0.218393  1503.425537  0.497598  2.541404  0.040629  0.579548  
1.334100  1.363821  37.857349  6.334639  0.299363  3.022908  23.097935  0.736051  1.652910  10.000000  0.183578  1656.360107  0.334218  8.091786  0.508837  4.786613  
0.397651  1.763213  48.247066  3.660319  0.125809  5.219654  12.391136  3.937324  0.348002  0.086699  10.000000  639.962891  1.400410  3.790941  0.287658  4.125177  
0.000366  0.000047  0.007549  0.000547  0.000140  0.000730  0.002625  0.000141  0.000318  0.000104  0.000085  10.000000  0.001741  0.002142  0.000216  0.002822  
0.582534  0.136649  72.526947  4.421422  0.110896  2.734558  8.743616  0.866923  0.289145  0.057560  0.510681  4785.489258  10.000000  5.457392  0.516006  0.278483  
0.012679  0.030354  1.553862  1.557150  0.014741  1.002543  1.155625  0.083442  0.029541  0.027877  0.027654  117.757698  0.109171  10.000000  0.002902  0.471683  
4.398708  3.796852  114.154648  7.209509  0.696278  3.238559  42.284618  1.272691  0.365114  1.355261  1.622285  9197.801758  7.980155  2.243605  10.000000  21.926319  
0.028499  0.056874  0.968269  1.026431  0.019353  0.788122  0.042992  0.082594  0.012764  0.031244  0.057015  293.943695  0.010555  0.893686  0.053736  10.000000  
0.320285  0.163464  0.006008  0.020759  0.490409  0.029722  0.009263  0.115395  0.166454  0.305752  0.210120  0.000077  0.126886  0.017946  0.498990  0.024703  