10.000000  0.086552  0.203757  3.739831  7.828310  0.123425  0.344549  0.003909  8.388116  0.014068  359.752014  0.113020  0.401671  0.092307  0.013129  0.004067  
4.210764  10.000000  0.892134  79.380943  16.011883  0.275757  0.525268  0.095496  193.733261  0.128385  2557.438965  0.511601  6.376630  1.032183  0.014764  0.163571  
3.521045  0.316887  10.000000  97.207687  0.646839  0.587156  1.099253  0.029075  19.174244  0.067646  496.369446  0.159385  4.883579  0.913622  0.211354  0.068513  
0.007644  0.003335  0.011498  10.000000  0.138931  0.007462  0.002200  0.000298  0.471829  0.000215  65.703651  0.008195  0.008558  0.051815  0.002001  0.000702  
0.241160  0.010139  0.001153  2.093901  10.000000  0.032851  0.024634  0.001142  1.758723  0.000787  34.716122  0.008551  0.107017  0.044787  0.009417  0.002093  
2.697036  0.123858  0.742470  79.775696  23.302015  10.000000  0.536948  0.029200  83.636276  0.008959  1170.588867  0.569282  0.973456  0.926893  0.040614  0.418066  
12.379361  0.387921  2.285521  38.675011  28.730305  0.882864  10.000000  0.008490  2.719668  0.054912  6128.696289  0.012896  3.220970  0.672792  0.200111  0.009636  
16.128504  8.099374  6.942479  602.102539  152.963303  5.513850  0.974973  10.000000  892.741272  0.526647  13452.592773  3.310472  28.785625  5.263376  0.766476  0.738383  
0.063872  0.030322  0.008449  1.757710  0.434713  0.029144  0.000576  0.001647  10.000000  0.000732  10.025544  0.001958  0.107066  0.007360  0.000521  0.004752  
78.463982  14.719156  21.834148  586.342651  142.544556  2.286741  8.524654  0.711903  536.419861  10.000000  13438.120117  7.546275  24.311182  27.478344  2.627167  0.082326  
0.001262  0.000184  0.000101  0.112778  0.003954  0.000188  0.000598  0.000011  0.004619  0.000008  10.000000  0.000104  0.000216  0.000407  0.000043  0.000037  
6.300138  0.586191  0.514141  223.501389  15.473160  1.452231  0.020008  0.044723  14.331628  0.075418  1649.196045  10.000000  9.467879  3.625653  0.068987  0.241057  
0.404211  0.131900  0.284392  4.213406  3.495849  0.044830  0.090215  0.007020  14.149621  0.004386  61.964897  0.170922  10.000000  0.063943  0.010657  0.072920  
0.882639  0.202870  0.505539  242.393570  13.901438  0.405594  0.179053  0.012197  9.242069  0.047107  1109.665649  0.621928  0.607577  10.000000  0.264379  0.020720  
5.450435  0.125984  5.077440  406.388641  126.904762  0.771581  2.312158  0.077115  28.377682  0.195537  5094.051270  0.513769  4.396439  11.478220  10.000000  0.127298  
2.031004  1.679232  1.980155  171.625214  33.934231  9.555393  0.133947  0.089375  311.656921  0.007372  5286.584961  2.159808  36.190788  1.082242  0.153149  10.000000  
0.013261  0.092495  0.055126  0.000600  0.002328  0.061990  0.079488  0.851828  0.001157  0.990381  0.000025  0.099008  0.013303  0.041006  0.270192  0.296360  