10.000000  0.000344  0.581014  0.001817  0.003168  0.039484  3.491912  0.027913  0.000888  0.001972  0.136252  0.000398  0.001337  0.000758  0.015955  7.993987  
406.434906  10.000000  309.074799  4.309314  14.548287  16.455648  10969.308594  80.880325  3.689967  0.238201  17.983311  0.563760  0.803244  1.223370  2.975563  39056.226562  
3.953421  0.001781  10.000000  0.007403  0.084645  0.315581  41.509510  0.172139  0.013385  0.000657  0.209258  0.001323  0.005274  0.004337  0.078956  30.220850  
91.557571  0.183964  54.835667  10.000000  1.617622  3.376739  618.692566  12.011533  0.168760  0.094378  32.787064  0.048028  0.029053  0.519205  1.484578  1868.989136  
6.060996  0.023572  23.796799  0.061395  10.000000  0.279739  3479.775391  0.137943  0.098646  0.048384  2.748695  0.007204  0.030969  0.128562  0.384555  343.938629  
0.809536  0.000286  0.950902  0.001374  0.002998  10.000000  5.948545  0.122401  0.039094  0.004347  0.190007  0.000822  0.009484  0.008523  0.003260  49.889492  
0.006660  0.000018  0.011634  0.000023  0.003469  0.000553  10.000000  0.000806  0.000252  0.000015  0.019249  0.000011  0.000031  0.000390  0.000301  0.248177  
8.865486  0.021758  8.034909  0.075690  0.022903  1.896097  134.215240  10.000000  0.067250  0.023280  3.407015  0.002294  0.088905  0.125486  0.071754  793.493835  
30.520193  0.107465  67.641159  0.115129  1.773128  65.564011  4546.556152  7.280577  10.000000  0.202807  6.578532  0.033297  0.145167  0.449785  2.946024  2391.257812  
399.933899  0.040915  19.583710  0.379741  5.129315  42.993587  1549.486328  14.864793  1.196142  10.000000  70.210320  0.055406  0.521235  1.341992  3.910590  475.792572  
1.503917  0.000168  0.339451  0.007180  0.015860  0.102291  111.407997  0.118404  0.002112  0.003821  10.000000  0.000858  0.005266  0.011824  0.003612  121.922981  
1221.315796  1.465370  596.589355  2.924273  11.557573  122.988129  18120.960938  22.161203  2.971804  0.838429  238.554321  10.000000  16.603218  2.225367  20.607729  14247.281250  
133.176331  0.067750  77.178909  0.057402  1.612132  46.063293  1618.303955  27.875067  0.420418  0.255946  47.509937  0.538763  10.000000  0.253805  6.509598  4811.020020  
19.568928  0.026735  16.444143  0.265787  1.734010  10.726080  5281.946289  10.194045  0.337506  0.170737  27.638105  0.018710  0.065760  10.000000  1.217828  394.595032  
87.522041  0.013825  63.652378  0.161574  1.102730  0.872091  865.359680  1.239293  0.469988  0.105777  1.795319  0.036836  0.358583  0.258916  10.000000  189.244690  
0.019123  0.000079  0.010625  0.000089  0.000430  0.005821  0.311304  0.005977  0.000166  0.000006  0.026425  0.000011  0.000116  0.000037  0.000083  10.000000  
0.000403  0.438292  0.001052  0.090558  0.017642  0.001826  0.000018  0.007189  0.074797  0.181650  0.001340  0.706627  0.127290  0.064792  0.029875  0.000020  