10.000000  0.007463  0.773509  0.252367  15692.822266  0.216686  3.254721  0.070356  1.618370  0.120578  0.897829  3.819522  4.809199  0.677333  823.446655  864.430359  
0.022849  10.000000  0.788602  0.215566  134315.031250  1.443560  0.571427  0.126871  0.193489  0.167635  1.574533  2.339568  9.073401  0.542014  277.596802  189.963394  
3.398542  1.131702  10.000000  0.305033  55466.472656  1.558686  1.206075  0.151779  0.249669  0.644828  1.250846  8.270923  16.740963  0.296114  320.758820  568.838928  
1.754873  0.489598  0.482763  10.000000  53769.847656  2.264207  1.787106  0.216902  1.235430  0.363149  1.190882  2.529022  4.461005  1.584456  118.374283  298.150116  
0.000003  0.000008  0.000002  0.000001  10.000000  0.000002  0.000023  0.000000  0.000004  0.000003  0.000001  0.000016  0.000107  0.000006  0.006754  0.021985  
0.468477  1.019388  0.766989  0.703980  18398.732422  10.000000  1.815413  0.052951  0.359212  0.085910  1.807791  1.207390  4.268239  0.105444  26.649071  1139.636353  
0.823750  0.047238  0.069475  0.065046  31468.531250  0.212520  10.000000  0.027273  0.736387  0.042484  0.262553  0.375203  2.565645  0.285668  633.522461  237.620453  
6.410433  3.775666  3.147537  2.842075  69588.570312  2.231541  9.818211  10.000000  4.164594  2.147918  0.923198  6.212429  43.731564  5.322545  984.087097  1107.789185  
1.764920  0.068921  0.061970  0.193755  24807.041016  0.181192  3.173012  0.049846  10.000000  0.455246  1.352872  0.382189  8.947765  0.061218  193.411896  54.883148  
1.257376  0.570964  1.530431  0.544589  164296.218750  0.414365  1.750426  0.245827  4.353073  10.000000  2.959573  10.432688  40.753315  0.279326  1027.868652  134.870316  
0.777323  0.445253  0.246482  0.148273  3405.244385  0.723933  0.898140  0.008772  1.074032  0.245720  10.000000  1.817323  0.347875  0.247491  136.990219  164.837448  
0.331359  0.066294  0.163311  0.031552  7484.202637  0.048448  0.128610  0.005915  0.030403  0.086794  0.182102  10.000000  2.723691  0.029133  47.107388  56.750507  
0.095971  0.059140  0.076036  0.012802  11714.367188  0.039396  0.202293  0.009578  0.163732  0.077989  0.008018  0.626519  10.000000  0.007963  48.200592  6.716586  
7.204982  1.883165  0.716907  2.423804  366937.062500  0.518792  12.006325  0.621390  0.597117  0.284935  3.040761  3.572112  4.244685  10.000000  1580.819214  1267.801025  
0.003195  0.000352  0.000283  0.000066  143.517059  0.000048  0.009713  0.000042  0.000688  0.000382  0.000614  0.002107  0.009372  0.000577  10.000000  0.730667  
0.003765  0.000270  0.000564  0.000187  524.399353  0.002296  0.004089  0.000053  0.000219  0.000056  0.000829  0.002849  0.001466  0.000519  0.820182  10.000000  
0.051569  0.090232  0.108093  0.135985  0.000001  0.075825  0.025943  0.492242  0.053853  0.166527  0.047983  0.015189  0.007285  0.168190  0.000102  0.000108  