10.000000  0.103911  0.515728  1.574469  7.600527  0.078033  20.975838  0.406931  4.558387  3.504690  41.667915  0.278471  1.120815  2.352021  0.595819  0.020530  
0.071256  10.000000  0.261306  2.683508  3.580672  0.062229  43.604195  0.314999  1.283566  8.356637  7.029051  1.166920  2.059215  4.273561  0.586992  1.634735  
0.036796  0.027188  10.000000  1.337819  5.467882  0.058268  4.256132  0.062900  0.523036  0.408864  2.638688  0.051010  0.362089  0.676762  0.284125  0.015583  
0.097311  0.241861  1.158883  10.000000  1.356937  0.054875  47.969986  0.063515  1.174327  1.531860  1.853999  0.029501  0.099871  0.332920  0.365435  0.059461  
0.245328  0.168540  2.473650  0.708658  10.000000  0.020560  3.826265  0.029364  0.672600  0.810450  0.578718  0.034225  0.291935  0.503623  0.107829  0.014827  
1.110574  1.291521  11.622882  12.636305  9.065627  10.000000  402.948303  0.834850  12.344044  7.368606  35.929081  2.304341  4.446730  20.675764  1.461618  0.951675  
0.000804  0.002436  0.002285  0.029731  0.004541  0.001085  10.000000  0.001817  0.018612  0.007961  0.054765  0.003073  0.002540  0.005417  0.012280  0.000532  
2.370247  2.675581  5.134997  5.985798  5.298915  0.341673  276.295776  10.000000  3.161325  13.381246  48.813644  0.641147  0.750185  1.110292  7.836350  0.424307  
0.148609  0.061022  0.238990  0.619434  0.679338  0.028276  15.839702  0.017694  10.000000  0.504112  1.617588  0.170500  0.296374  0.440925  0.221672  0.004100  
0.024603  0.085546  0.040228  0.173990  0.176261  0.003635  1.458876  0.016127  0.108549  10.000000  0.646030  0.049889  0.004217  1.002265  0.297070  0.022834  
0.174024  0.042809  0.154458  0.125282  0.074881  0.010543  5.970930  0.035001  0.207225  0.384349  10.000000  0.003055  0.045595  0.191769  0.171217  0.012462  
0.416094  2.542661  1.068267  0.713220  1.584360  0.241928  119.887894  0.164473  7.814529  10.619014  1.093061  10.000000  2.845342  3.156032  3.874027  0.532865  
0.247839  0.664008  1.122189  0.357312  1.999943  0.069088  14.659429  0.028479  2.010215  0.132821  2.414045  0.421074  10.000000  0.551588  0.151353  0.051794  
0.096846  0.256605  0.390562  0.221795  0.642452  0.059818  5.822672  0.007849  0.556892  5.878798  1.890649  0.086970  0.102711  10.000000  0.354079  0.040712  
0.127672  0.183421  0.853311  1.266966  0.715835  0.022006  68.694344  0.288286  1.457005  9.067923  8.784618  0.555563  0.146669  1.842652  10.000000  0.144940  
0.169906  19.728907  1.807529  7.962109  3.801552  0.553397  114.976860  0.602874  1.040683  26.919716  24.695105  2.951382  1.938500  8.182854  5.597907  10.000000  
0.320694  0.265566  0.085661  0.079727  0.057616  1.209834  0.001985  0.773975  0.057904  0.026869  0.020725  0.392009  0.150802  0.065074  0.148450  0.922572  