10.000000  0.000940  0.017028  0.130838  0.012559  0.002729  0.078397  0.048819  0.020850  0.193323  0.010183  0.045940  2473.510498  0.003321  0.003213  0.171307  
1.551946  10.000000  1.927246  2.031922  0.740295  0.618923  0.379853  0.900817  1.729307  4.483298  0.454836  2.087935  58381.445312  0.082906  1.587445  25.664379  
9.617197  0.659419  10.000000  6.906112  0.348271  0.224739  0.130315  0.366258  2.985131  10.622456  0.268141  0.368296  51260.562500  0.067736  0.090213  4.496253  
2.132048  0.020060  0.199262  10.000000  0.193212  0.018872  0.079799  0.058436  0.419128  0.099127  0.169435  0.443761  17785.884766  0.005831  0.255561  5.415854  
7.695247  0.274799  0.377835  7.264893  10.000000  0.151287  0.298376  0.930780  0.739563  2.626378  0.364569  0.349806  47093.597656  0.041489  2.186966  7.531924  
6.472067  0.889409  0.943887  2.747103  0.585675  10.000000  0.591959  2.073571  15.872020  3.228472  0.805072  0.603077  114548.125000  0.156631  1.573286  15.515423  
41.137791  0.120756  0.121077  2.569669  0.255533  0.130955  10.000000  0.696037  0.355446  2.343296  0.039682  0.379637  7468.878906  0.032874  0.414314  4.902389  
15.684544  0.175336  0.208352  1.152122  0.488058  0.280859  0.426159  10.000000  0.838726  6.927773  0.533837  0.517845  109965.929688  0.048397  0.513357  7.894474  
1.547805  0.077774  0.392376  1.909396  0.089604  0.496742  0.050286  0.193798  10.000000  2.256010  0.522600  0.284890  27691.732422  0.067938  0.016686  5.633379  
2.078942  0.029208  0.202259  0.065416  0.046095  0.014637  0.048022  0.231882  0.326802  10.000000  0.014115  0.031922  21721.408203  0.011281  0.018778  2.211481  
6.543258  0.177054  0.305064  6.681004  0.382315  0.218083  0.048590  1.067644  4.523324  0.843399  10.000000  0.122675  196402.640625  0.072378  0.066161  15.932023  
9.577943  0.263721  0.135957  5.677575  0.119027  0.053007  0.150835  0.336042  0.800094  0.618894  0.039804  10.000000  87184.585938  0.320065  0.127961  10.720456  
0.000033  0.000000  0.000001  0.000014  0.000001  0.000001  0.000000  0.000005  0.000005  0.000027  0.000004  0.000006  10.000000  0.000001  0.000002  0.000007  
47.148472  0.713127  1.702864  5.080415  0.961414  0.937549  0.889503  2.138775  12.993731  14.894773  1.599334  21.796770  536839.125000  10.000000  0.097487  14.295739  
4.016118  1.201970  0.199637  19.600847  4.460946  0.828968  0.986803  1.997011  0.280927  2.182392  0.128691  0.767088  196843.640625  0.008581  10.000000  29.065523  
0.256385  0.023270  0.011915  0.497417  0.018398  0.009790  0.013982  0.036775  0.113572  0.307782  0.037110  0.076958  838.023987  0.001507  0.034806  10.000000  
0.006203  0.252007  0.147409  0.025039  0.153539  0.302096  0.142089  0.111181  0.053443  0.020341  0.157231  0.089563  0.000001  0.739101  0.219286  0.007588  