10.000000  0.009313  0.002757  0.001171  25.753191  0.041013  0.630750  0.000690  3.171339  0.001609  0.030047  0.017782  0.000508  0.000702  0.001721  0.022173  
1.923058  10.000000  0.050448  0.024138  61.173912  0.286924  5.299394  0.066122  12.424706  0.020980  0.319094  0.058206  0.014744  0.104819  0.022877  0.288440  
237.471619  21.045135  10.000000  0.127003  5039.814453  13.718026  56.261650  0.022349  44.419827  0.230357  6.873214  0.766241  0.933330  2.703515  0.104934  17.928322  
62.546059  6.245173  0.078769  10.000000  8039.152832  6.774826  19.900131  0.259211  935.773315  0.224721  3.294340  0.288661  0.560138  1.342535  0.472481  25.114382  
0.021999  0.000253  0.000050  0.000129  10.000000  0.001754  0.003369  0.000231  0.002882  0.000043  0.000428  0.000054  0.000187  0.000201  0.000092  0.008102  
14.839351  0.502778  0.057622  0.045884  743.001648  10.000000  2.110751  0.019792  5.102496  0.010659  0.230821  0.201880  0.053126  0.118135  0.003990  0.189530  
1.040740  0.042347  0.001078  0.000615  6.507748  0.009626  10.000000  0.002626  4.691644  0.002683  0.010043  0.012791  0.000848  0.004201  0.000820  0.130320  
52.656986  24.431667  0.019795  0.370178  20587.283203  4.173346  121.407593  10.000000  279.410004  0.463679  1.949098  0.674645  1.237703  0.942510  0.172933  29.525528  
0.259505  0.004924  0.000042  0.001433  0.276050  0.001154  0.232671  0.000300  10.000000  0.000267  0.013530  0.002795  0.000074  0.005608  0.000803  0.043116  
236.991592  14.967924  0.393956  0.619652  7467.344238  4.339927  239.501694  0.895294  481.453735  10.000000  26.941383  2.520940  0.448563  8.954233  1.760644  14.040058  
7.865036  0.404519  0.020887  0.016141  131.028152  0.166988  1.593267  0.006687  43.280582  0.047872  10.000000  0.028005  0.024810  0.141945  0.159944  0.635719  
462.513031  7.332161  0.231375  0.140539  1653.669922  14.512592  201.636108  0.230000  888.467773  0.445110  2.782738  10.000000  0.130923  0.633544  0.595750  20.727833  
50.514591  7.097866  1.077051  1.042211  21810.705078  14.595153  51.056816  1.612575  89.764839  0.302677  9.421538  0.500342  10.000000  2.780855  0.820649  57.122036  
4.462338  3.225256  0.199408  0.159661  1491.397705  2.074405  16.174765  0.078488  435.447632  0.386187  3.445286  0.154753  0.177743  10.000000  0.067781  5.050039  
82.885628  5.337347  0.058686  0.426050  5178.144043  0.531303  23.947748  0.109193  472.735962  0.575761  29.435663  1.103393  0.397716  0.513934  10.000000  8.411756  
1.171691  0.073818  0.010999  0.024842  501.209442  0.027681  4.173673  0.020450  27.843372  0.005036  0.128337  0.042111  0.030367  0.042003  0.009227  10.000000  
0.000990  0.014225  0.290549  0.228818  0.000029  0.018831  0.001272  0.273444  0.000283  0.379964  0.016017  0.159659  0.312119  0.078909  0.217284  0.007196  