1.000000  0.014696  0.000000  0.000000  0.000000  0.000000  0.000000  0.000000  0.000000  0.000000  0.000000  0.000000  0.000437  0.000000  0.000000  0.000000  0.000000  0.000000  0.000655  4.250127  1.264169  0.704329  0.049618  0.004729  0.000000  0.017024  0.000728  0.103965  0.045617  0.000000  0.000000  0.002910  0.000000  0.000000  0.000000  0.000000  0.058421  0.000000  0.000000  0.000000  0.000000  0.000000  0.000000  0.000000  0.000000  0.077264  0.000000  0.028374  0.014987  0.024081  
0.700000  1.000000  177.119995  0.000000  32.840000  0.020000  0.020000  0.060000  0.020000  0.080000  3.140000  0.920000  0.000000  0.100000  0.060000  0.000000  0.020000  0.020000  0.040000  0.000000  0.000000  0.000000  0.020000  0.000000  0.040000  0.000000  0.020000  0.100000  0.060000  0.020000  0.000000  0.000000  0.080000  0.040000  0.000000  1.180000  0.220000  0.200000  0.040000  0.000000  0.000000  0.000000  0.000000  0.620000  0.180000  1.000000  0.000000  0.360000  0.800000  1.900000  
0.000000  1.000000  0.000000  0.000000  0.000000  0.000000  0.000000  17568.000000  32.000000  1.000000  5.000000  55.000000  36.000000  111.000000  22.000000  0.000000  22.000000  0.000000  5.000000  0.000000  0.000000  20.000000  0.000000  0.000000  1.000000  1.000000  1.000000  0.000000  1.000000  0.000000  0.000000  0.000000  122.000000  0.000000  0.000000  0.000000  0.000000  2.000000  0.000000  0.000000  0.000000  0.000000  0.000000  0.000000  0.000000  0.000000  0.000000  0.000000  12.000000  30.000000  
0.704992  0.019289  0.010212  1.000000  2.185325  0.005673  0.001891  0.300303  0.056354  0.148260  0.182300  0.202345  0.729955  0.173222  0.143343  0.004539  0.063540  0.076021  0.035174  0.105144  0.102874  0.448563  0.125567  0.010212  0.066566  0.190620  0.016641  0.155068  0.145234  0.022693  0.047655  0.016263  1.032905  0.341906  0.021936  4.336233  0.112330  0.268911  0.747352  0.064297  0.194781  0.212557  0.025340  0.042738  0.062405  1.922466  0.000000  0.613843  0.683812  0.268911  
0.289950  0.242010  0.053196  0.108284  1.000000  0.003364  0.007359  0.965938  0.316232  0.119638  0.222666  0.173675  1.462363  0.221194  0.165685  0.008200  0.179773  0.149285  0.038898  0.084315  0.057401  0.330320  0.081791  0.015770  0.060135  0.352187  0.013877  0.203743  0.341253  0.033852  0.121741  0.020606  0.305929  0.053196  0.013457  0.665896  0.071068  0.313288  0.003574  0.000000  0.000841  0.000841  0.097981  0.022708  0.071909  0.343987  0.000000  0.253995  0.464256  0.254626  
94.000000  0.000000  1093.000000  5.000000  2764.000000  0.000000  0.000000  2557.000000  39.000000  106.000000  360.000000  85.000000  761.000000  40.000000  26.000000  2.000000  26.000000  25.000000  5.000000  19.000000  0.000000  31.000000  58.000000  9.000000  10.000000  7.000000  0.000000  14.000000  3.000000  8.000000  19.000000  24.000000  5.000000  11.000000  13.000000  213.000000  104.000000  7.000000  2.000000  0.000000  0.000000  0.000000  0.000000  4.000000  30.000000  38.000000  0.000000  49.000000  89.000000  219.000000  
595.000000  1.000000  11.000000  48.000000  13.000000  0.000000  0.000000  2.000000  1.000000  5.000000  12.000000  5.000000  328.000000  1.000000  0.000000  0.000000  0.000000  0.000000  0.000000  61.000000  12.000000  75.000000  53.000000  4.000000  3.000000  30.000000  1.000000  0.000000  7.000000  6.000000  22.000000  13.000000  193.000000  0.000000  1.000000  62.000000  714.000000  22.000000  15.000000  0.000000  20.000000  0.000000  1.000000  23.000000  71.000000  1969.000000  0.000000  1272.000000  458.000000  382.000000  
0.000326  0.002283  0.000000  0.000000  0.000000  0.000000  0.000023  1.000000  0.000163  0.000023  0.009155  0.000396  0.000000  0.127309  0.051623  0.000443  0.010786  0.029422  0.021572  0.000303  0.000000  0.000000  0.000000  0.000000  0.000000  0.000023  0.000000  0.000396  0.000186  0.001072  0.000093  0.000443  0.241223  0.000280  0.000186  0.000676  0.000000  0.012952  0.000023  0.000000  0.000373  0.000000  0.000000  0.000000  0.000000  0.000000  0.000000  0.000000  0.000606  0.000326  
0.000000  0.000000  0.000000  0.000000  0.000000  0.000000  1.000000  230.000000  0.000000  1.000000  8.000000  0.000000  263.000000  1784.000000  466.000000  16.000000  966.000000  365.000000  89.000000  0.000000  0.000000  0.000000  0.000000  0.000000  11.000000  0.000000  1.000000  0.000000  65.000000  0.000000  0.000000  82.000000  1391.000000  0.000000  62.000000  1923.000000  0.000000  0.000000  0.000000  0.000000  0.000000  0.000000  0.000000  0.000000  0.000000  0.000000  0.000000  286.000000  0.000000  0.000000  
50.000000  9.000000  0.000000  1.000000  0.000000  0.000000  0.000000  39.000000  39.000000  0.000000  2.000000  7.000000  177.000000  206.000000  36.000000  6.000000  590.000000  646.000000  4.000000  58.000000  42.000000  110.000000  269.000000  3.000000  3.000000  101.000000  0.000000  206.000000  8.000000  1.000000  32.000000  102.000000  2208.000000  12.000000  0.000000  88.000000  180.000000  10.000000  0.000000  0.000000  0.000000  0.000000  0.000000  0.000000  0.000000  61.000000  0.000000  24.000000  39.000000  28.000000  
0.035680  0.120540  0.000000  0.000643  0.000000  0.000000  0.002572  0.295403  0.014786  0.000964  1.000000  0.026037  0.002572  0.001929  0.006750  0.000000  0.000964  0.001607  0.000643  0.000321  0.001607  0.006750  0.000643  0.000643  0.000964  0.005143  0.000000  0.003214  0.006429  0.000321  0.000643  0.001286  7.396336  0.006750  0.000643  0.118611  0.000000  0.031501  0.000000  0.000000  0.000000  0.000000  0.000000  0.000000  0.000000  0.088075  0.000000  0.039537  0.046609  0.005464  
0.689840  0.064171  0.005348  0.005348  0.000000  0.000000  0.010695  1.344920  0.168449  0.264706  4.344920  1.000000  0.457219  0.449198  0.189840  0.000000  0.500000  0.040107  0.037433  0.024064  0.029412  0.844920  0.026738  0.010695  0.010695  0.077540  0.000000  0.088235  0.061497  0.018717  0.005348  0.000000  30.165775  0.008021  0.008021  0.393048  0.272727  0.288770  0.000000  0.000000  0.000000  0.000000  0.000000  0.000000  0.000000  0.213904  0.000000  0.171123  0.090909  0.109626  
0.711667  0.029957  0.008475  0.039417  0.000197  0.000000  0.000394  0.222901  0.029365  0.135199  0.020497  0.035278  1.000000  0.107410  0.074497  0.003547  0.079425  0.101498  0.019905  0.006307  0.011234  0.100512  0.087505  0.017146  0.012613  0.255026  0.009066  0.261726  0.291092  0.041190  0.104060  0.069570  0.142294  0.004927  0.001971  0.057548  0.029957  0.023453  0.000394  0.000000  0.008475  0.000000  0.001774  0.008869  0.017343  0.308435  0.000000  0.355341  0.080410  0.041782  
0.566753  0.182601  0.118863  0.140396  0.571059  0.000000  0.035314  2.499569  0.460810  0.105943  0.309216  0.430663  1.937984  1.000000  9.099914  0.146426  1.559001  1.222222  0.622739  0.490095  0.328165  1.053402  0.355728  0.029285  0.080965  0.293712  0.093023  1.223945  0.282515  0.323859  0.310078  0.054264  10.708872  0.025840  0.011197  0.117140  0.043066  0.321275  0.009475  0.000000  0.083549  0.003445  0.000000  0.067183  0.335056  0.067183  0.000000  0.226529  0.733850  0.341085  
0.481881  0.222822  0.077872  0.111025  0.247494  0.003084  0.002313  1.277564  0.106399  0.085582  0.131843  0.131843  0.333847  0.651503  1.000000  0.054742  0.540478  0.484194  0.607556  0.087124  0.003855  0.098689  0.124904  0.015420  0.036237  0.149576  0.004626  0.156515  0.238242  0.019275  0.091750  0.015420  3.144179  0.258288  0.022359  0.026985  0.000000  0.101773  0.000771  0.000000  0.014649  0.005397  0.000771  0.015420  0.004626  0.080185  0.000000  0.000000  1.235158  0.016962  
0.000000  0.454545  0.000000  0.000000  0.090909  0.000000  0.454545  0.545455  0.090909  0.090909  0.090909  0.090909  0.909091  0.909091  2.454545  1.000000  1.545455  0.545455  0.090909  0.090909  0.454545  0.090909  0.000000  0.090909  0.363636  0.272727  0.000000  0.090909  0.090909  0.000000  0.090909  0.000000  0.000000  0.090909  0.545455  0.000000  0.000000  0.636364  0.000000  0.000000  0.000000  0.090909  0.000000  0.090909  0.000000  0.000000  0.000000  4.363636  3.636364  2.181818  
0.005268  0.002634  0.000988  0.001317  0.000988  0.000000  0.000000  0.094172  0.004610  0.004281  0.005598  0.001317  0.028976  0.060915  0.255845  0.054988  1.000000  0.011195  0.060586  0.000000  0.000988  0.004939  0.000659  0.000988  0.000329  0.005927  0.000329  0.008232  0.003951  0.000659  0.003951  0.000988  0.794534  0.055647  0.014488  0.013500  0.003293  0.073757  0.000000  0.000000  0.006256  0.000329  0.000000  0.193941  0.000000  0.000000  0.000000  0.020086  0.159697  0.030952  
0.000000  0.000000  0.000000  0.000000  0.000000  0.000244  0.000000  0.000488  0.000244  0.000000  0.000975  0.002195  0.000488  0.000732  0.045355  0.000000  0.000244  1.000000  0.002438  0.000000  0.000244  0.000488  0.001219  0.000000  0.000000  0.000244  0.000000  0.000244  0.000975  0.000000  0.000000  0.000000  0.000000  0.049500  0.000975  0.000000  0.000000  0.010241  0.003414  0.000000  0.000000  0.000000  0.000000  0.000000  0.000000  0.000000  0.000000  0.000000  0.016337  0.000244  
40.000000  200.000000  0.000000  0.000000  0.000000  0.000000  0.000000  0.000000  0.000000  0.000000  0.000000  0.000000  0.000000  16.000000  11.000000  0.000000  9.000000  0.000000  0.000000  0.000000  0.000000  0.000000  3.000000  0.000000  0.000000  0.000000  0.000000  0.000000  0.000000  0.000000  0.000000  0.000000  22.000000  159.000000  0.000000  0.000000  0.000000  15.000000  1.000000  418.000000  236.000000  70.000000  0.000000  0.000000  0.000000  0.000000  0.000000  0.000000  1439.000000  0.000000  
0.000000  0.000000  0.000000  0.000000  0.000000  0.000000  0.000000  0.000000  0.000000  0.000000  0.000000  0.000000  402.000000  0.000000  0.000000  0.000000  0.000000  0.000000  0.000000  0.000000  7.000000  514.000000  0.000000  0.000000  0.000000  0.000000  74.000000  18.000000  0.000000  0.000000  0.000000  0.000000  0.000000  0.000000  0.000000  0.000000  2339.000000  0.000000  0.000000  0.000000  0.000000  0.000000  0.000000  0.000000  0.000000  686.000000  0.000000  1134.000000  162.000000  20.000000  
57.000000  0.000000  0.000000  0.000000  0.000000  0.000000  0.000000  0.000000  0.000000  0.000000  0.000000  0.000000  1.000000  0.000000  0.000000  0.000000  0.000000  0.000000  0.000000  9.000000  0.000000  2053.000000  6.000000  0.000000  0.000000  0.000000  0.000000  0.000000  0.000000  0.000000  0.000000  0.000000  0.000000  0.000000  0.000000  0.000000  666.000000  0.000000  0.000000  0.000000  0.000000  0.000000  0.000000  0.000000  0.000000  145.000000  0.000000  323.000000  21.000000  36.000000  
2.335785  0.000000  0.000000  0.000062  0.000000  0.000000  0.000000  0.000000  0.000000  0.000000  0.000000  0.000804  0.043642  0.000000  0.000000  0.000000  0.000000  0.000000  0.000000  0.030599  0.010385  1.000000  0.082834  0.000124  0.000000  0.003833  0.000000  0.000000  0.000185  0.000000  0.000000  0.000000  0.000000  0.000000  0.000000  0.000000  0.117451  0.000000  0.000000  0.000000  0.000000  0.000000  0.000000  0.000000  0.000000  0.012116  0.000000  0.056933  0.006553  0.002720  
0.000000  0.000000  0.000000  0.000000  1.000000  1.000000  0.000000  1.000000  0.000000  1.000000  3.000000  1.000000  233.000000  5.000000  7.000000  0.000000  4.000000  3.000000  1.000000  1.000000  0.000000  268.000000  0.000000  0.000000  3.000000  3.000000  1.000000  2.000000  4.000000  0.000000  4.000000  1.000000  14.000000  4.000000  0.000000  12.000000  16931.000000  1.000000  0.000000  0.000000  4.000000  2.000000  0.000000  0.000000  9.000000  11.000000  0.000000  228.000000  14.000000  2.000000  
0.000000  0.000000  0.000000  0.000000  0.000000  0.000000  0.000000  0.000000  0.000000  0.000000  0.000000  0.000000  0.000000  0.000000  0.000000  0.000000  0.000000  0.000000  0.000000  0.000000  0.000000  0.000000  0.000000  0.000000  0.000000  0.000000  0.000000  0.000000  0.000000  0.000000  0.000000  0.000000  19.000000  0.000000  0.000000  26.000000  39.000000  0.000000  0.000000  0.000000  0.000000  0.000000  0.000000  0.000000  0.000000  26.000000  0.000000  0.000000  87.000000  0.000000  
0.000000  0.020408  0.004082  0.002041  0.001020  0.000000  0.000000  0.068367  0.014286  0.015306  0.018367  0.018367  0.090816  0.075510  0.109184  0.003061  0.064286  0.040816  0.024490  0.013265  0.003061  0.042857  0.014286  0.000000  1.000000  0.087755  0.011224  0.043878  0.042857  0.005102  0.010204  0.006122  0.083673  0.000000  0.016327  0.065306  0.014286  0.106122  0.004082  0.000000  0.000000  0.000000  0.017347  0.223469  0.004082  0.062245  0.000000  0.055102  0.371429  0.053061  
0.015796  0.000000  0.000000  0.000000  0.000000  0.000000  0.000000  0.001268  0.000195  0.000000  0.001170  0.000878  0.017453  0.006240  0.002340  0.000098  0.002828  0.007605  0.001853  0.005655  0.000000  0.001463  0.000488  0.004290  0.465289  1.000000  0.009653  0.076736  0.010238  0.017453  0.019696  0.012773  0.030811  0.000000  0.000683  0.002438  0.003413  0.002145  0.000098  0.000000  0.000000  0.000000  0.000000  0.000195  0.000000  0.008580  0.000000  0.014821  0.009848  0.018721  
0.000000  0.035398  0.000000  0.000000  0.000000  0.000000  0.000000  0.000000  0.000000  0.000000  0.000000  0.000000  0.132743  0.000000  0.000000  0.008850  0.000000  0.000000  0.000000  0.000000  0.000000  0.000000  0.000000  0.000000  0.486726  0.336283  1.000000  0.176991  0.000000  0.000000  0.000000  0.044248  0.000000  0.000000  0.203540  0.000000  0.000000  0.000000  0.000000  0.000000  0.000000  0.000000  0.000000  0.000000  0.000000  0.150442  0.000000  0.000000  0.115044  0.000000  
0.030716  0.003028  0.000433  0.000433  0.000000  0.000000  0.000000  0.048237  0.020549  0.072680  0.020333  0.019468  0.037854  0.067921  0.040450  0.001082  0.070084  0.026390  0.010815  0.001082  0.000000  0.003894  0.002163  0.000865  0.001082  0.007355  0.000216  1.000000  0.010383  0.000433  0.002379  0.019468  1.922777  0.001298  0.000649  0.026390  0.009734  0.065326  0.001082  0.000000  0.000000  0.000000  0.006057  0.017737  0.000865  0.256111  0.000000  0.000000  0.019468  0.059918  
0.027316  0.002975  0.005003  0.002705  0.047465  0.016498  0.007573  0.051521  0.016498  0.043678  0.056119  0.022042  0.582556  0.064097  0.113455  0.007032  0.076268  0.035565  0.012306  0.060581  0.082488  0.541717  0.039621  0.088168  0.056525  0.082488  0.009872  0.088438  1.000000  0.022853  0.049899  0.029344  0.194320  0.091278  0.007843  0.919135  0.033130  0.030291  0.018932  0.000000  0.007032  0.006761  0.050034  0.007032  0.272752  1.089385  0.000000  0.047059  0.291684  0.313996  
2.187500  0.000000  0.062500  0.000000  0.000000  0.000000  0.000000  3.562500  0.062500  0.062500  0.312500  0.312500  0.250000  0.812500  10.375000  0.125000  0.562500  34.812500  2.062500  0.312500  0.062500  0.187500  0.312500  0.062500  0.000000  0.375000  0.375000  8.750000  0.187500  1.000000  0.125000  0.187500  28.625000  0.437500  3.250000  29.187500  0.000000  1.875000  14.562500  0.000000  0.000000  0.062500  2.500000  0.000000  0.000000  0.562500  0.000000  4.687500  2.062500  0.250000  
44.000000  0.000000  0.000000  2.000000  0.000000  0.000000  9.000000  59.000000  1.000000  7.000000  19.000000  17.000000  573.000000  213.000000  121.000000  18.000000  804.000000  56.000000  17.000000  153.000000  162.000000  363.000000  26.000000  5.000000  150.000000  64.000000  20.000000  323.000000  188.000000  9.000000  0.000000  177.000000  2086.000000  501.000000  0.000000  909.000000  106.000000  10.000000  1.000000  0.000000  0.000000  53.000000  0.000000  0.000000  0.000000  577.000000  0.000000  108.000000  10.000000  26.000000  
0.000000  0.000000  0.000000  0.000000  0.000000  0.000000  0.000000  0.000000  0.000000  0.000000  1.600000  0.400000  62.799999  23.000000  166.600006  20.799999  76.800003  45.400002  12.600000  0.000000  0.000000  0.000000  0.000000  0.000000  0.000000  0.000000  0.000000  0.800000  0.000000  0.000000  0.000000  1.000000  18.799999  9.400000  0.000000  25.600000  0.000000  0.000000  0.000000  0.000000  0.000000  0.000000  0.000000  0.000000  0.000000  38.000000  0.000000  0.000000  31.000000  43.000000  
128.000000  268.000000  80.000000  143.000000  248.000000  210.000000  1449.000000  1165.000000  263.000000  46.000000  97.000000  99.000000  494.000000  253.000000  200.000000  10.000000  209.000000  71.000000  51.000000  196.000000  99.000000  181.000000  219.000000  34.000000  178.000000  270.000000  6.000000  155.000000  433.000000  38.000000  26.000000  12.000000  0.000000  384.000000  196.000000  2508.000000  981.000000  36.000000  61.000000  0.000000  23.000000  498.000000  115.000000  148.000000  2010.000000  1883.000000  15378.000000  1066.000000  11803.000000  2867.000000  
34.000000  11.000000  6.000000  5.000000  120.000000  49.000000  33.000000  127.000000  61.000000  7.000000  436.000000  275.000000  203.000000  93.000000  96.000000  4.000000  51.000000  50.000000  42.000000  317.000000  101.000000  988.000000  302.000000  24.000000  35.000000  330.000000  37.000000  275.000000  99.000000  7.000000  31.000000  10.000000  358.000000  0.000000  58.000000  8064.000000  277.000000  0.000000  3643.000000  0.000000  4.000000  4.000000  110.000000  132.000000  212.000000  786.000000  0.000000  178.000000  272.000000  22.000000  
0.000000  1.000000  1.000000  2.000000  4.000000  4.000000  0.000000  3084.000000  287.000000  2.000000  4.000000  5.000000  14.000000  1116.000000  51.000000  0.000000  3.000000  4.000000  1.000000  0.000000  1.000000  4.000000  1.000000  1.000000  1.000000  38.000000  0.000000  1.000000  293.000000  1.000000  1.000000  11.000000  0.000000  622.000000  0.000000  0.000000  0.000000  0.000000  0.000000  0.000000  0.000000  0.000000  0.000000  0.000000  0.000000  0.000000  0.000000  0.000000  0.000000  0.000000  
1.072797  0.042784  0.002874  0.003831  0.069604  0.004789  0.002874  0.212644  0.233078  0.131865  0.085568  0.007663  0.630268  0.901341  0.838761  0.012452  0.641762  0.770115  0.108238  1.113027  0.073436  0.198595  0.108876  0.065134  0.094508  0.858876  0.052043  0.465517  0.339080  0.056833  0.133142  0.084291  5.063857  0.224457  0.061303  1.000000  3.118774  0.257663  0.383461  0.015326  0.018199  0.022031  0.038633  0.008940  0.162516  1.199553  0.000000  0.749681  0.284802  0.190613  
2.000000  4.000000  4.000000  7.000000  84.000000  33.000000  3.000000  40.000000  7.000000  22.000000  78.000000  24.000000  210.000000  141.000000  275.000000  13.000000  158.000000  96.000000  42.000000  17.000000  18.000000  230.000000  21.000000  2.000000  79.000000  89.000000  11.000000  47.000000  112.000000  12.000000  109.000000  20.000000  27.000000  49.000000  6.000000  17.000000  0.000000  0.000000  21.000000  1.000000  142.000000  10.000000  3.000000  17.000000  329.000000  52.000000  0.000000  10.000000  389.000000  141.000000  
4.909091  3.727273  5.545455  0.181818  23.909090  1.000000  3.363636  48.181820  45.000000  0.545455  4.454545  2.272727  21.090910  12.272727  15.090909  0.454545  6.181818  3.818182  3.272727  2.272727  2.818182  9.090909  3.818182  2.636364  9.636364  5.363636  0.909091  6.909091  8.909091  1.272727  2.454545  1.090909  11.272727  2.000000  4.363636  6.818182  0.727273  1.000000  0.363636  3.272727  1.909091  1.909091  0.181818  107.272728  17.909090  5.090909  0.000000  1.181818  137.181824  188.727280  
16.045977  1.310345  0.195402  3.229885  2.241379  0.080460  0.080460  19.482759  3.471264  1.942529  16.114943  6.068965  20.310345  10.379311  8.425287  0.919540  5.770115  4.045977  2.988506  2.896552  13.735632  7.045977  4.034483  1.321839  5.896552  8.908046  0.551724  26.735632  7.574713  1.206897  4.528736  0.689655  41.712643  0.632184  1.011494  4.574713  5.816092  1.333333  1.000000  0.321839  0.298851  0.275862  0.103448  2.034483  2.000000  4.126437  0.000000  3.505747  13.839081  4.666667  
320.000000  5.000000  24.000000  0.000000  76.000000  1.000000  0.000000  219.000000  66.000000  12.000000  105.000000  43.000000  139.000000  72.000000  43.000000  0.000000  30.000000  14.000000  16.000000  0.000000  0.000000  120.000000  18.000000  0.000000  0.000000  15.000000  0.000000  22.000000  15.000000  4.000000  34.000000  3.000000  232.000000  4.000000  27.000000  32.000000  9.000000  10.000000  9.000000  0.000000  4.000000  4.000000  0.000000  33.000000  1.000000  25.000000  0.000000  19.000000  74.000000  55.000000  
0.000000  0.000000  0.000000  0.000000  0.000000  0.000000  0.000000  0.000000  0.000000  0.000000  0.000000  0.000000  0.000000  0.000000  0.000000  0.000000  0.000000  0.000000  0.000000  0.000000  0.000000  0.000000  0.000000  0.000000  0.000000  0.000000  0.000000  0.000000  0.000000  0.000000  0.000000  0.000000  0.000000  0.000000  0.000000  178.000000  0.000000  0.000000  0.000000  0.000000  0.000000  0.000000  0.000000  10.000000  0.000000  0.000000  0.000000  0.000000  2.000000  0.000000  
0.000000  0.000000  0.000000  84.000000  0.000000  0.000000  0.000000  198.000000  82.000000  22.000000  10.000000  14.000000  233.000000  47.000000  144.000000  18.000000  100.000000  173.000000  15.000000  42.000000  0.000000  58.000000  0.000000  0.000000  45.000000  108.000000  9.000000  36.000000  44.000000  14.000000  22.000000  0.000000  3.000000  7.000000  14.000000  461.000000  3.000000  0.000000  0.000000  0.000000  18.000000  0.000000  0.000000  94.000000  19.000000  0.000000  0.000000  0.000000  16.000000  1.000000  
1199.000000  11.000000  40.000000  21.000000  502.000000  2.000000  0.000000  4951.000000  1226.000000  71.000000  336.000000  275.000000  2409.000000  265.000000  189.000000  7.000000  154.000000  311.000000  95.000000  51.000000  123.000000  1981.000000  286.000000  50.000000  67.000000  237.000000  12.000000  881.000000  347.000000  90.000000  357.000000  72.000000  819.000000  40.000000  13.000000  117.000000  137.000000  27.000000  368.000000  57.000000  541.000000  248.000000  0.000000  20.000000  7.000000  103.000000  0.000000  150.000000  347.000000  264.000000  
113.000000  97.000000  23.000000  19.000000  145.000000  115.000000  33.000000  91.000000  89.000000  52.000000  188.000000  92.000000  563.000000  188.000000  295.000000  38.000000  173.000000  145.000000  58.000000  60.000000  18.000000  311.000000  103.000000  34.000000  164.000000  166.000000  26.000000  290.000000  631.000000  46.000000  63.000000  28.000000  926.000000  479.000000  39.000000  5695.000000  529.000000  92.000000  203.000000  240.000000  212.000000  526.000000  618.000000  0.000000  3501.000000  3059.000000  0.000000  1414.000000  1823.000000  425.000000  
0.010639  0.000360  0.000131  0.001195  0.001048  0.000344  0.000180  0.004387  0.001539  0.001408  0.001571  0.001309  0.013684  0.004534  0.005320  0.000393  0.006171  0.002013  0.000900  0.002684  0.000966  0.006727  0.001522  0.000491  0.003535  0.009870  0.000458  0.005745  0.004043  0.000671  0.001817  0.000851  0.019838  0.004567  0.001162  0.060021  0.004730  0.002472  0.024143  0.002864  0.016073  0.001178  0.004436  0.001604  1.000000  0.021949  0.048040  0.001522  0.068336  0.023112  
7.850953  0.429809  0.142114  0.637782  4.717505  0.649913  0.050260  3.944541  0.280763  0.838821  1.171577  0.708839  9.487001  3.362218  5.927210  0.230503  3.622184  2.171577  0.620451  1.679376  0.842288  6.211439  2.334489  0.883882  1.455806  2.218371  0.133449  1.526863  3.630849  0.464471  0.694974  0.303293  21.771231  5.454073  0.396880  3.726170  1.708839  0.145581  0.767764  0.058925  0.684575  0.561525  0.759099  1.389948  33.358753  1.000000  0.121317  4.175043  17.048527  3.823224  
0.000000  0.000000  0.000000  0.000000  0.000000  0.000000  0.000000  0.000000  0.000000  0.000000  0.000000  0.000000  0.000000  0.000000  0.000000  0.000000  0.000000  0.000000  0.000000  0.000000  0.000000  0.000000  0.000000  0.000000  0.000000  0.000000  0.000000  0.000000  0.000000  0.000000  0.000000  0.000000  0.000000  0.000000  0.000000  0.000000  0.000000  0.000000  0.000000  0.000000  0.000000  0.000000  0.000000  0.000000  0.000000  0.000000  0.000000  0.000000  2068.000000  337.000000  
1986.000000  41.000000  0.000000  0.000000  0.000000  0.000000  0.000000  0.000000  0.000000  0.000000  0.000000  0.000000  0.000000  0.000000  0.000000  0.000000  0.000000  0.000000  0.000000  0.000000  0.000000  0.000000  0.000000  0.000000  0.000000  0.000000  0.000000  0.000000  0.000000  0.000000  0.000000  0.000000  0.000000  0.000000  0.000000  0.000000  0.000000  41.000000  0.000000  0.000000  0.000000  0.000000  0.000000  0.000000  36.000000  102.000000  0.000000  0.000000  716.000000  274.000000  
0.000000  0.000000  0.000000  0.000000  0.000000  0.000000  0.000000  0.000000  0.000000  0.000000  0.000000  0.000000  0.000000  0.000000  0.000000  0.000000  0.000000  0.000000  0.000000  0.000000  0.000000  0.000000  0.000000  0.000000  0.000000  0.000000  0.000000  0.000000  0.000000  0.000000  0.000000  0.000000  0.000000  0.000000  0.000000  0.000000  0.000000  0.000000  0.000000  0.000000  0.000000  0.000000  0.000000  0.000000  0.000000  0.000000  0.000000  0.000000  0.000000  0.000000  
0.000000  0.000000  0.000000  0.000000  0.000000  0.000000  0.000000  0.000000  0.000000  0.000000  0.000000  0.000000  0.000000  0.000000  0.000000  0.000000  0.000000  0.000000  0.000000  0.000000  0.000000  0.000000  0.000000  0.000000  0.000000  0.000000  0.000000  0.000000  0.000000  0.000000  0.000000  0.000000  0.000000  0.000000  0.000000  0.000000  0.000000  0.000000  0.000000  0.000000  0.000000  0.000000  0.000000  0.000000  0.000000  0.000000  0.000000  0.000000  0.000000  0.000000  
0.000269  0.004462  0.031548  0.000614  0.000457  0.031548  0.031548  0.000152  0.031548  0.031548  0.000566  0.001631  0.000443  0.000926  0.000876  0.009512  0.000572  0.000493  0.031548  0.031548  0.031548  0.000248  0.031548  0.031548  0.001008  0.000312  0.002968  0.000464  0.000367  0.007887  0.031548  0.014109  0.031548  0.031548  0.031548  0.000564  0.031548  0.009512  0.003382  0.031548  0.031548  0.031548  0.031548  0.031548  0.000128  0.001313  0.031548  0.031548  0.031548  0.031548  