1.000000  0.000000  0.000000  0.000000  0.000000  0.000000  0.000000  0.000000  0.000000  0.000000  0.000000  0.000000  0.204461  0.000000  0.000000  0.000000  0.000000  0.000000  0.000000  0.741636  0.000000  36.856876  1.817844  4.661710  0.000000  7.607807  0.098513  1.143123  0.447955  0.000000  0.000000  0.026022  0.000000  0.000000  0.000000  0.000000  0.565056  0.000000  0.000000  0.000000  0.000000  0.000000  0.000000  0.000000  0.000000  0.146840  0.000000  0.146840  0.007435  0.011152  
8.000000  0.000000  3492.000000  0.000000  588.000000  0.000000  0.000000  7.000000  4.000000  0.000000  3.000000  0.000000  3.000000  9.000000  0.000000  0.000000  0.000000  0.000000  0.000000  3.000000  0.000000  1.000000  0.000000  0.000000  0.000000  0.000000  0.000000  0.000000  0.000000  0.000000  0.000000  0.000000  1.000000  0.000000  0.000000  18.000000  2.000000  3.000000  0.000000  0.000000  0.000000  0.000000  0.000000  7.000000  2.000000  10.000000  0.000000  4.000000  10.000000  30.000000  
0.000000  0.000000  0.000000  0.000000  0.000000  0.000000  0.000000  27.000000  5.000000  0.000000  1.000000  3.000000  2.000000  2.000000  0.000000  0.000000  0.000000  0.000000  0.000000  0.000000  0.000000  3.000000  0.000000  0.000000  0.000000  0.000000  0.000000  0.000000  0.000000  0.000000  0.000000  0.000000  0.000000  0.000000  0.000000  0.000000  0.000000  0.000000  0.000000  0.000000  0.000000  0.000000  0.000000  0.000000  0.000000  0.000000  0.000000  0.000000  0.000000  0.000000  
0.003571  0.000087  0.000131  1.000000  0.004214  0.000000  0.000000  0.000893  0.000229  0.000316  0.001045  0.000773  0.026142  0.000316  0.000305  0.000011  0.000120  0.000436  0.000076  0.000229  0.000207  0.001045  0.000250  0.000022  0.000109  0.000969  0.000022  0.000468  0.000784  0.000109  0.000109  0.000033  0.002646  0.000893  0.000044  0.008209  0.000207  0.002025  0.005716  0.000446  0.022657  0.009385  0.000044  0.000338  0.000457  0.003789  0.000000  0.001198  0.006162  0.002319  
8.000000  0.000000  0.000000  0.000000  0.000000  0.000000  0.000000  23.000000  6.000000  0.000000  6.000000  0.000000  34.000000  6.000000  0.000000  0.000000  0.000000  0.000000  0.000000  0.000000  0.000000  8.000000  0.000000  0.000000  0.000000  9.000000  0.000000  6.000000  7.000000  0.000000  0.000000  0.000000  7.000000  0.000000  0.000000  17.000000  0.000000  9.000000  0.000000  0.000000  0.000000  0.000000  7.000000  0.000000  0.000000  8.000000  0.000000  7.000000  0.000000  7.000000  
0.000000  0.000000  0.000000  0.000000  0.000000  0.000000  0.000000  0.000000  0.000000  0.000000  0.000000  0.000000  0.000000  0.000000  0.000000  0.000000  0.000000  0.000000  0.000000  0.000000  0.000000  0.000000  0.000000  0.000000  0.000000  0.000000  0.000000  0.000000  0.000000  0.000000  0.000000  0.000000  0.000000  0.000000  0.000000  0.000000  0.000000  0.000000  0.000000  0.000000  0.000000  0.000000  0.000000  0.000000  0.000000  0.000000  0.000000  0.000000  0.000000  0.000000  
0.000000  0.000000  0.000000  0.000000  0.000000  0.000000  0.000000  0.000000  0.000000  0.000000  0.000000  0.000000  0.000000  0.000000  0.000000  0.000000  0.000000  0.000000  0.000000  0.000000  0.000000  0.000000  0.000000  0.000000  0.000000  0.000000  0.000000  0.000000  0.000000  0.000000  0.000000  0.000000  0.000000  0.000000  0.000000  0.000000  0.000000  0.000000  0.000000  0.000000  0.000000  0.000000  0.000000  0.000000  0.000000  0.000000  0.000000  0.000000  0.000000  0.000000  
0.000220  0.001646  0.000000  0.000000  0.000000  0.000000  0.000110  1.000000  0.000768  0.000220  0.006476  0.000329  0.000000  0.174624  0.063330  0.000439  0.013939  0.041269  0.027878  0.000439  0.000000  0.000000  0.000000  0.000000  0.000000  0.000000  0.000000  0.000220  0.000110  0.000768  0.000110  0.000329  0.102294  0.000220  0.000110  0.000439  0.000000  0.009439  0.000000  0.000000  0.000220  0.000000  0.000000  0.000000  0.000000  0.000000  0.000000  0.000000  0.000439  0.000220  
0.000000  0.000103  0.000000  0.000000  0.000000  0.000000  0.000000  0.072922  1.000000  0.000206  0.000516  0.002166  0.024960  0.049233  0.007839  0.000138  0.084508  0.001994  0.002613  0.000000  0.000000  0.000000  0.000000  0.000000  0.000034  0.000000  0.000000  0.001960  0.000103  0.000000  0.000069  0.004916  0.169463  0.000000  0.000034  0.000000  0.000000  0.004023  0.000034  0.000000  0.000000  0.000000  0.000000  0.000000  0.000000  0.000000  0.000000  0.004848  0.000103  0.001031  
0.037383  0.009346  0.000000  0.000000  0.000000  0.000000  0.000000  0.037383  0.028037  1.000000  0.000000  0.000000  0.074766  0.140187  0.018692  0.009346  0.411215  0.457944  0.000000  0.028037  0.018692  0.056075  0.373832  0.000000  0.000000  0.056075  0.000000  0.140187  0.000000  0.000000  0.028037  0.065421  0.355140  0.009346  0.000000  0.065421  0.196262  0.009346  0.000000  0.000000  0.000000  0.000000  0.000000  0.000000  0.000000  0.037383  0.000000  0.018692  0.037383  0.018692  
0.166667  0.166667  0.000000  0.000000  0.000000  0.000000  0.000000  0.000000  0.166667  0.000000  1.000000  0.000000  0.000000  0.000000  0.000000  0.000000  0.000000  0.000000  0.000000  0.000000  0.000000  0.000000  0.000000  0.000000  0.000000  0.000000  0.000000  0.000000  0.000000  0.000000  0.000000  0.000000  17.500000  0.000000  0.000000  0.166667  0.000000  0.166667  0.000000  0.000000  0.000000  0.000000  0.000000  0.000000  0.000000  0.166667  0.000000  0.000000  0.166667  0.000000  
0.010490  0.006993  0.003497  0.000000  0.000000  0.000000  0.000000  1.762238  0.038462  0.304196  2.290210  1.000000  18.650351  0.024476  0.038462  0.000000  0.052448  0.010490  0.055944  0.000000  0.006993  0.097902  0.020979  0.000000  0.003497  0.024476  0.000000  0.006993  0.003497  0.027972  0.045455  0.000000  4.171329  0.003497  0.178322  0.206294  0.139860  0.000000  0.000000  0.000000  0.000000  0.000000  0.000000  0.000000  0.000000  0.108392  0.000000  0.090909  0.010490  0.006993  
0.064682  0.000657  0.000766  0.011820  0.000000  0.000000  0.000109  0.011820  0.004159  0.008974  0.005910  0.014775  1.000000  0.012367  0.012696  0.002079  0.021232  0.005144  0.001204  0.001094  0.001423  0.032396  0.009412  0.006457  0.016088  0.211557  0.003831  0.016745  0.054175  0.033052  0.134180  0.011273  0.021889  0.000876  0.000438  0.000766  0.000547  0.000657  0.000000  0.000000  0.000109  0.000000  0.001861  0.000000  0.001423  0.038196  0.000000  0.100033  0.008099  0.002298  
0.143369  0.039427  0.025090  0.032258  0.125448  0.000000  0.007168  0.587814  0.103943  0.025090  0.068100  0.096774  0.430108  1.000000  2.419355  0.046595  0.401434  0.318996  0.157706  0.125448  0.071685  0.229391  0.078853  0.003584  0.014337  0.064516  0.025090  0.297491  0.064516  0.082437  0.075269  0.010753  1.709677  0.007168  0.003584  0.028674  0.010753  0.078853  0.003584  0.000000  0.021505  0.000000  0.000000  0.017921  0.068100  0.017921  0.000000  0.057348  0.182796  0.086022  
0.136279  0.062850  0.022402  0.031736  0.071562  0.000622  0.000622  0.368388  0.030492  0.024891  0.037959  0.037959  0.095831  0.185439  1.000000  0.019291  0.165526  0.152458  0.181083  0.026136  0.001245  0.029247  0.036092  0.004978  0.011201  0.042937  0.000622  0.045426  0.069073  0.005600  0.026758  0.004356  0.281892  0.073429  0.006223  0.007467  0.000000  0.029247  0.000000  0.000000  0.004356  0.001245  0.000000  0.004356  0.001867  0.022402  0.000000  0.000000  0.350342  0.004978  
0.000000  0.421053  0.000000  0.000000  0.157895  0.000000  0.473684  0.526316  0.157895  0.052632  0.105263  0.052632  0.947368  1.052632  2.473684  1.000000  1.684211  0.526316  0.105263  0.105263  0.473684  0.105263  0.052632  0.105263  0.315789  0.263158  0.000000  0.105263  0.157895  0.052632  0.105263  0.000000  0.000000  0.105263  0.578947  0.000000  0.000000  0.368421  0.000000  0.000000  0.052632  0.000000  0.000000  0.052632  0.052632  0.000000  0.000000  4.578948  3.894737  2.421053  
0.003081  0.001320  0.000880  0.000440  0.000440  0.000000  0.000000  0.057658  0.002641  0.003081  0.003081  0.000880  0.017606  0.036972  0.156250  0.043134  1.000000  0.007042  0.039613  0.000000  0.000440  0.003081  0.000880  0.000880  0.000440  0.003081  0.000000  0.005282  0.002641  0.000000  0.002201  0.000880  0.056338  0.033891  0.009243  0.008363  0.002201  0.044454  0.000440  0.000000  0.003521  0.000440  0.000000  0.000000  0.000000  0.000000  0.000000  0.012764  0.097711  0.018486  
0.000000  0.000000  0.000000  0.000114  0.000000  0.000342  0.000000  0.000456  0.000228  0.000000  0.000911  0.001595  0.000456  0.000570  0.040100  0.000000  0.000114  1.000000  0.002165  0.000114  0.000114  0.000342  0.001025  0.000000  0.000000  0.000228  0.000000  0.000228  0.001025  0.000114  0.000000  0.000114  0.000000  0.108567  0.000797  0.000000  0.000000  0.009000  0.002962  0.000000  0.000000  0.000000  0.000000  0.000000  0.000000  0.000000  0.000000  0.000000  0.014468  0.000342  
0.000000  0.011996  0.000000  0.000000  0.000000  0.000000  0.000000  0.000000  0.000000  0.000000  0.000000  0.000000  0.000000  0.007634  0.005453  0.000000  0.002181  0.000000  1.000000  0.000000  0.000000  0.000000  0.000000  0.000000  0.000000  0.000000  0.000000  0.000000  0.000000  0.000000  0.000000  0.000000  0.001091  0.050164  0.000000  0.000000  0.000000  0.059978  0.000000  0.000000  0.151581  0.996728  0.000000  0.000000  0.000000  0.000000  0.000000  0.000000  2.539804  0.000000  
0.000000  0.000000  0.000000  0.000000  0.000000  0.000000  0.000000  0.000000  0.000000  0.000000  0.000000  0.000000  0.161702  0.000000  0.000000  0.000000  0.000000  0.000000  0.000000  1.000000  0.000000  0.371915  0.000000  0.000000  0.000000  0.000000  0.041702  0.006809  0.000000  0.000000  0.000000  0.000000  0.000000  0.000000  0.000000  0.000000  0.063830  0.000000  0.000000  0.000000  0.000000  0.000000  0.000000  0.000000  0.000000  0.000000  0.000000  0.030638  0.000000  0.000000  
0.000000  0.000000  0.000000  0.000000  0.000000  0.000000  0.000000  0.000000  0.000000  0.000000  0.000000  0.000000  0.000000  0.000000  0.000000  0.000000  0.000000  0.000000  0.000000  0.000000  1.000000  0.130112  0.003717  0.000000  0.000000  0.000000  0.000000  0.000000  0.000000  0.000000  0.000000  0.000000  0.000000  0.000000  0.000000  0.000000  0.137546  0.000000  0.000000  0.000000  0.000000  0.000000  0.000000  0.000000  0.000000  0.052045  0.000000  0.066914  0.007435  0.000000  
0.000556  0.000000  0.000000  0.000000  0.000000  0.000000  0.000000  0.000000  0.000000  0.000000  0.000000  0.000000  0.037799  0.000000  0.000000  0.000000  0.000000  0.000000  0.000000  0.015286  0.002918  1.000000  0.012090  0.000000  0.000000  0.000973  0.000000  0.000000  0.000000  0.000000  0.000000  0.000000  0.000000  0.000000  0.000000  0.000000  0.015147  0.000000  0.000000  0.000000  0.000000  0.000000  0.000000  0.000000  0.000000  0.025570  0.000000  0.007365  0.013897  0.000000  
0.000000  0.000000  0.000000  0.000000  0.000000  0.000000  0.000000  0.000000  0.000000  0.000000  0.000000  0.000000  0.192308  0.000000  0.000000  0.000000  0.000000  0.000000  0.000000  0.000000  0.000000  0.019231  1.000000  0.000000  0.000000  0.000000  0.000000  0.000000  0.000000  0.000000  0.000000  0.000000  0.000000  0.000000  0.000000  0.000000  7.480769  0.000000  0.000000  0.000000  0.000000  0.000000  0.000000  0.000000  0.000000  0.000000  0.000000  0.096154  0.000000  0.000000  
0.000000  0.000000  0.000000  0.000000  0.000000  0.000000  0.000000  0.000000  0.000000  0.000000  0.000000  0.000000  0.000000  0.000000  0.000000  0.000000  0.000000  0.000000  0.000000  0.000000  0.000000  0.000000  0.000000  0.000000  0.000000  0.000000  0.000000  0.000000  0.000000  0.000000  0.000000  0.000000  0.000000  0.000000  0.000000  0.000000  0.000000  0.000000  0.000000  0.000000  0.000000  0.000000  0.000000  0.000000  0.000000  0.000000  0.000000  0.000000  0.000000  0.000000  
0.000000  0.000000  0.001211  0.000000  0.000000  0.000000  0.000000  0.002421  0.000000  0.000000  0.000000  0.000000  0.002421  0.001211  0.001211  0.000000  0.001211  0.001211  0.000000  0.000000  0.000000  0.000000  0.001211  0.000000  1.000000  0.004843  0.000000  0.001211  0.001211  0.000000  0.000000  0.000000  0.001211  0.000000  0.000000  0.001211  0.000000  0.003632  0.000000  0.000000  0.000000  0.000000  0.000000  0.008475  0.000000  0.001211  0.000000  0.001211  0.000000  0.000000  
0.014943  0.000000  0.000000  0.000000  0.000000  0.000000  0.000000  0.001401  0.000000  0.000000  0.000934  0.000934  0.012141  0.007705  0.001634  0.000233  0.002335  0.006304  0.001634  0.001634  0.000000  0.001401  0.000467  0.003969  0.463694  1.000000  0.010740  0.069577  0.009106  0.015643  0.006304  0.010273  0.014242  0.000000  0.000467  0.001868  0.002802  0.001868  0.000000  0.000000  0.000000  0.000000  0.000000  0.000233  0.000000  0.007238  0.000000  0.014009  0.008172  0.015643  
0.003984  0.015936  0.000000  0.000000  0.000000  0.000000  0.000000  0.000000  0.000000  0.000000  0.000000  0.000000  0.103586  0.015936  0.011952  0.007968  0.000000  0.003984  0.000000  0.000000  0.000000  0.003984  0.000000  0.000000  0.394422  0.278884  1.000000  0.143426  0.119522  0.000000  0.000000  0.035857  0.047809  0.000000  0.091633  0.000000  0.000000  0.003984  0.000000  0.000000  0.000000  0.000000  0.027888  0.003984  0.000000  0.027888  0.000000  0.023904  0.047809  0.019920  
0.000000  0.008868  0.000000  0.000000  0.000000  0.000000  0.000000  0.003902  0.001064  0.004966  0.007095  0.001064  0.003193  0.020220  0.011352  0.000000  0.019156  0.013480  0.007449  0.000000  0.000000  0.000000  0.000000  0.000000  0.000000  0.000355  0.000000  1.000000  0.001064  0.000000  0.002483  0.005321  0.655906  0.000709  0.000355  0.009578  0.003902  0.024477  0.000355  0.000000  0.000000  0.000000  0.002483  0.000709  0.000000  0.097552  0.000000  0.000000  0.007449  0.023058  
0.005715  0.000130  0.000130  0.000130  0.001429  0.000520  0.000260  0.001559  0.000909  0.001299  0.007144  0.001039  0.118197  0.002728  0.003767  0.001429  0.003117  0.001039  0.000520  0.000779  0.002468  0.016236  0.001169  0.005845  0.001818  0.008832  0.000520  0.016626  1.000000  0.000649  0.003377  0.009092  0.004416  0.001429  0.000520  0.052994  0.002598  0.000779  0.000390  0.000000  0.000520  0.000520  0.003897  0.002338  0.009092  0.085076  0.000000  0.003637  0.008053  0.005066  
3.555556  0.000000  0.000000  0.000000  0.000000  0.000000  0.000000  2.777778  0.111111  0.111111  0.333333  0.333333  0.111111  0.888889  15.666667  0.000000  0.777778  21.666666  1.777778  0.222222  0.111111  0.222222  0.333333  0.000000  0.000000  0.444444  0.333333  9.444445  0.111111  1.000000  0.000000  0.222222  11.666667  0.111111  3.555556  8.444445  0.000000  1.444444  6.000000  0.000000  0.000000  0.111111  2.333333  0.000000  0.000000  0.777778  0.000000  2.666667  0.888889  0.111111  
0.277778  0.000000  0.000000  0.000000  0.000000  0.000000  0.055556  0.388889  0.000000  0.055556  0.111111  0.111111  3.777778  1.444444  0.833333  0.111111  5.277778  0.277778  0.111111  1.000000  1.055556  2.388889  0.222222  0.055556  1.000000  0.444444  0.166667  2.111111  1.222222  0.055556  1.000000  1.111111  13.611111  3.277778  0.000000  6.000000  0.722222  0.055556  0.000000  0.000000  0.000000  0.333333  0.000000  0.000000  0.000000  3.777778  0.000000  0.722222  0.055556  0.222222  
0.000000  0.000000  0.000000  0.000000  0.000000  0.000000  0.000000  0.000000  0.000000  0.000000  0.000345  0.000000  0.006897  0.002414  0.067931  0.005172  0.023793  0.004483  0.001379  0.000000  0.000000  0.000000  0.000000  0.000000  0.000000  0.000000  0.000000  0.000000  0.000000  0.000000  0.000000  1.000000  0.002414  0.001034  0.000000  0.003448  0.000000  0.000000  0.000000  0.000000  0.000000  0.000000  0.000000  0.000000  0.000000  0.004138  0.000000  0.000000  0.003103  0.004828  
0.000000  0.000000  0.000000  0.000000  0.000000  0.000000  0.000000  0.000000  0.000000  0.000000  0.000000  0.000000  0.000000  0.000000  0.000000  0.000000  0.000000  0.000000  0.000000  0.000000  0.000000  0.000000  0.000000  0.000000  0.000000  0.000000  0.000000  0.000000  0.000000  0.000000  0.000000  0.000000  0.000000  0.000000  0.000000  0.000000  0.000000  0.000000  0.000000  0.000000  0.000000  0.000000  0.000000  0.000000  0.000000  0.000000  0.000000  0.000000  0.000000  0.000000  
0.000000  0.000000  0.000000  0.000000  0.000000  0.000000  0.000000  0.000000  0.000000  0.000000  0.000000  0.000000  0.000000  0.000000  0.000000  0.000000  0.000000  0.000000  0.000000  0.000000  0.000000  0.000000  0.000000  0.000000  0.000000  0.000000  0.000000  0.000000  0.000000  0.000000  0.000000  0.000000  0.000000  0.000000  0.000000  0.000000  0.000000  0.000000  62.000000  0.000000  0.000000  0.000000  0.000000  0.000000  0.000000  0.000000  0.000000  0.000000  0.000000  0.000000  
0.000000  0.000000  0.000000  0.000000  1.000000  1.000000  0.000000  103.000000  1100.000000  0.000000  1.000000  1.000000  3.000000  1.000000  1.000000  0.000000  1.000000  1.000000  0.000000  0.000000  0.000000  1.000000  0.000000  0.000000  0.000000  8.000000  0.000000  0.000000  8.000000  0.000000  0.000000  0.000000  0.000000  0.000000  0.000000  0.000000  0.000000  0.000000  0.000000  0.000000  0.000000  0.000000  0.000000  0.000000  0.000000  0.000000  0.000000  0.000000  0.000000  0.000000  
0.900000  0.161538  0.023077  0.053846  0.092308  0.207692  0.007692  2.669231  0.300000  1.046154  0.723077  0.930769  4.838461  2.384615  3.723077  0.176923  2.307692  1.769231  0.723077  1.492308  0.284615  3.030769  0.453846  0.123077  2.023077  5.830769  0.500000  5.853846  2.530769  0.192308  1.369231  1.576923  5.038462  0.223077  0.300000  1.000000  3.115385  0.253846  0.384615  0.015385  0.015385  0.023077  0.038462  0.000000  0.053846  1.138462  0.000000  0.669231  0.138462  0.061538  
1.000000  2.000000  2.000000  5.000000  57.000000  22.000000  2.000000  28.000000  5.000000  15.000000  53.000000  17.000000  142.000000  96.000000  187.000000  8.000000  108.000000  66.000000  28.000000  12.000000  12.000000  158.000000  14.000000  1.000000  55.000000  61.000000  8.000000  32.000000  77.000000  9.000000  74.000000  14.000000  18.000000  46.000000  4.000000  11.000000  0.000000  0.000000  13.000000  0.000000  97.000000  6.000000  2.000000  6.000000  118.000000  36.000000  0.000000  6.000000  102.000000  58.000000  
0.000000  0.000000  0.000000  0.000000  0.000000  0.000000  0.000000  0.000000  0.000000  0.000000  0.000000  0.000000  0.000000  0.000000  0.000000  0.000000  0.000000  0.000000  0.000000  0.000000  0.000000  0.000000  0.000000  0.000000  0.000000  0.000000  0.000000  0.000000  0.000000  0.000000  0.000000  0.000000  0.000000  0.000000  0.000000  0.000000  0.000000  0.000000  0.000000  0.000000  0.000000  0.000000  0.000000  0.000000  0.000000  0.000000  0.000000  0.000000  0.000000  0.000000  
5.000000  0.000000  0.000000  1.000000  1.000000  0.000000  0.000000  5.000000  1.000000  1.000000  5.000000  2.000000  6.000000  3.000000  2.000000  0.000000  2.000000  1.000000  1.000000  1.000000  4.000000  2.000000  1.000000  0.000000  2.000000  2.000000  0.000000  7.000000  2.000000  0.000000  1.000000  0.000000  12.000000  0.000000  0.000000  1.000000  2.000000  0.000000  0.000000  0.000000  0.000000  0.000000  0.000000  0.000000  0.000000  1.000000  0.000000  1.000000  2.000000  1.000000  
5.000000  0.000000  0.000000  0.000000  1.000000  0.000000  0.000000  3.000000  1.000000  0.000000  2.000000  1.000000  2.000000  1.000000  1.000000  0.000000  0.000000  0.000000  0.000000  0.000000  0.000000  2.000000  0.000000  0.000000  0.000000  0.000000  0.000000  0.000000  0.000000  0.000000  0.000000  0.000000  3.000000  0.000000  0.000000  0.000000  0.000000  0.000000  0.000000  0.000000  0.000000  0.000000  0.000000  0.000000  0.000000  0.000000  0.000000  0.000000  1.000000  1.000000  
0.000000  0.000000  0.000000  0.000000  0.000000  0.000000  0.000000  0.000000  0.000000  0.000000  0.000000  0.000000  0.000000  0.000000  0.000000  0.000000  0.000000  0.000000  0.000000  0.000000  0.000000  0.000000  0.000000  0.000000  0.000000  0.000000  0.000000  0.000000  0.000000  0.000000  0.000000  0.000000  0.000000  0.000000  0.000000  0.000000  0.000000  0.000000  0.000000  0.000000  0.000000  0.000000  0.000000  5.000000  0.000000  0.000000  0.000000  0.000000  0.000000  0.000000  
0.000000  0.000000  0.000000  22.000000  0.000000  0.000000  0.000000  52.000000  21.000000  6.000000  2.000000  4.000000  58.000000  12.000000  37.000000  4.000000  26.000000  45.000000  4.000000  11.000000  0.000000  15.000000  0.000000  0.000000  12.000000  28.000000  2.000000  9.000000  11.000000  4.000000  6.000000  0.000000  1.000000  2.000000  4.000000  118.000000  1.000000  0.000000  0.000000  0.000000  5.000000  0.000000  0.000000  43.000000  0.000000  0.000000  0.000000  0.000000  0.000000  0.000000  
0.000000  0.000000  0.000000  0.000000  0.000000  0.000000  0.000000  0.000000  0.000000  0.000000  0.000000  0.000000  0.000000  0.000000  0.000000  0.000000  0.000000  0.000000  0.000000  0.000000  0.000000  0.000000  0.000000  0.000000  0.000000  0.000000  0.000000  0.000000  0.000000  0.000000  0.000000  0.000000  0.000000  0.000000  0.000000  0.000000  0.000000  0.000000  0.000000  0.000000  2460.000000  496.000000  0.000000  0.000000  0.000000  0.000000  0.000000  0.000000  0.000000  0.000000  
0.375000  0.250000  0.125000  0.125000  0.500000  0.375000  0.125000  0.250000  0.375000  0.250000  0.500000  0.250000  2.000000  0.625000  1.000000  0.125000  0.500000  0.500000  0.125000  0.125000  0.125000  1.000000  0.375000  0.125000  0.500000  0.625000  0.000000  1.000000  2.125000  0.125000  0.250000  0.125000  3.000000  1.625000  0.125000  19.125000  1.750000  0.375000  0.625000  0.875000  0.750000  1.750000  2.125000  1.000000  10.000000  9.875000  0.000000  4.250000  11.625000  1.250000  
0.000000  0.000000  0.000000  0.000000  0.000000  0.000000  0.000000  0.007203  0.003601  0.001200  0.000000  0.001200  0.019208  0.006002  0.008403  0.000000  0.009604  0.002401  0.001200  0.003601  0.000000  0.008403  0.000000  0.000000  0.006002  0.016807  0.000000  0.006002  0.003601  0.000000  0.001200  0.001200  0.000000  0.000000  0.000000  0.008403  0.000000  0.000000  0.000000  0.000000  0.000000  0.000000  0.000000  0.000000  1.000000  0.010804  0.000000  0.000000  0.000000  0.000000  
0.115281  0.085791  0.029491  0.088472  0.935657  0.026810  0.002681  0.758713  0.050938  0.144772  0.225201  0.088472  1.962466  0.646113  1.249330  0.048257  0.705094  0.431635  0.123324  0.353887  0.176944  1.252011  0.509383  0.187668  0.294906  0.445040  0.021448  0.302949  0.734584  0.088472  0.123324  0.048257  0.083110  0.825737  0.000000  0.632708  0.319035  0.045576  0.206434  0.000000  0.195710  0.152815  0.069705  0.034853  4.919571  1.000000  0.000000  0.324397  1.329759  0.123324  
0.000000  0.000000  0.000000  0.000000  0.000000  0.000000  0.000000  0.000000  0.000000  0.000000  0.000000  0.000000  0.000000  0.000000  0.000000  0.000000  0.000000  0.000000  0.000000  0.000000  0.000000  0.000000  0.000000  0.000000  0.000000  0.000000  0.000000  0.000000  0.000000  0.000000  0.000000  0.000000  0.000000  0.000000  0.000000  0.000000  0.000000  0.000000  0.000000  0.000000  0.000000  0.000000  0.000000  0.000000  0.000000  0.000000  0.000000  0.000000  0.000000  0.000000  
0.000000  0.000000  0.000000  0.000000  0.000000  0.000000  0.000000  0.000000  0.000000  0.000000  0.000000  0.000000  0.000000  0.000000  0.000000  0.000000  0.000000  0.000000  0.000000  0.000000  0.000000  0.000000  0.000000  0.000000  0.000000  0.000000  0.000000  0.000000  0.000000  0.000000  0.000000  0.000000  0.000000  0.000000  0.000000  0.000000  0.000000  0.000000  0.000000  0.000000  0.000000  0.000000  0.000000  0.000000  0.000000  0.000000  0.000000  0.000000  0.000000  0.000000  
0.000000  0.000000  0.000000  0.000000  0.000000  0.000000  0.000000  0.000000  0.000000  0.000000  0.000000  0.000000  0.000000  0.000000  0.000000  0.000000  0.000000  0.000000  0.000000  0.000000  0.000000  0.000000  0.000000  0.000000  0.000000  0.000000  0.000000  0.000000  0.000000  0.000000  0.000000  0.000000  0.000000  0.000000  0.000000  0.000000  0.000000  0.000000  0.000000  0.000000  0.000000  0.000000  0.000000  0.000000  0.000000  0.000000  0.000000  0.000000  0.000000  0.000000  
0.000000  0.000000  0.000000  0.000000  0.000000  0.000000  0.000000  0.000000  0.000000  0.000000  0.000000  0.000000  0.000000  0.000000  0.000000  0.000000  0.000000  0.000000  0.000000  0.000000  0.000000  0.000000  0.000000  0.000000  0.000000  0.000000  0.000000  0.000000  0.000000  0.000000  0.000000  0.000000  0.000000  0.000000  0.000000  0.000000  0.000000  0.000000  0.000000  0.000000  0.000000  0.000000  0.000000  0.000000  0.000000  0.000000  0.000000  0.000000  0.000000  0.000000  
0.001360  0.031548  0.031548  0.000104  0.031548  0.031548  0.031548  0.000331  0.000185  0.003050  0.012879  0.001865  0.000330  0.001889  0.000787  0.007238  0.000662  0.000337  0.001042  0.000920  0.001924  0.000372  0.004375  0.031548  0.001098  0.000482  0.001991  0.000594  0.000360  0.010516  0.007436  0.000586  0.031548  0.031548  0.031548  0.002767  0.031548  0.031548  0.031548  0.031548  0.031548  0.031548  0.031548  0.011154  0.001093  0.001633  0.031548  0.031548  0.031548  0.031548  