1.000000  0.011248  0.000000  0.000000  0.000000  0.000000  0.000000  0.000000  0.000000  0.000000  0.000000  0.000000  0.008778  0.000000  0.000000  0.000000  0.000000  0.000000  0.000473  3.298765  0.913325  2.180447  0.264021  0.208673  0.000000  0.268279  0.043469  0.174192  0.067700  0.000000  0.000000  0.004415  0.000000  0.000000  0.000000  0.000000  0.164731  0.000000  0.000000  0.000000  0.000000  0.000000  0.000000  0.000000  0.000000  0.085519  0.000000  0.030959  0.013246  0.021708  
1.080000  1.000000  349.079987  0.000000  61.779999  0.040000  0.020000  0.420000  0.240000  0.080000  3.300000  0.920000  0.120000  0.560000  0.060000  0.000000  0.020000  0.020000  0.040000  0.140000  0.000000  0.040000  0.020000  0.000000  0.040000  0.000000  0.020000  0.100000  0.060000  0.020000  0.000000  0.000000  0.140000  0.040000  0.000000  2.480000  0.340000  0.320000  0.060000  0.000000  0.000000  0.000000  0.000000  0.980000  0.280000  1.540000  0.000000  0.540000  1.260000  4.160000  
0.000000  1.000000  0.000000  0.000000  0.000000  0.000000  0.000000  18965.000000  280.000000  1.000000  22.000000  224.000000  141.000000  191.000000  38.000000  0.000000  38.000000  0.000000  8.000000  0.000000  0.000000  49.000000  0.000000  0.000000  1.000000  1.000000  1.000000  0.000000  1.000000  0.000000  0.000000  0.000000  122.000000  0.000000  0.000000  0.000000  0.000000  2.000000  0.000000  0.000000  0.000000  0.000000  0.000000  0.000000  0.000000  0.000000  0.000000  0.000000  70.000000  31.000000  
0.031209  0.000875  0.000548  1.000000  0.089092  0.000200  0.000063  0.013353  0.002995  0.006286  0.008237  0.008986  0.065414  0.006908  0.005938  0.000169  0.002542  0.003512  0.001392  0.004187  0.004293  0.017856  0.005147  0.000369  0.002605  0.008332  0.000664  0.006181  0.006560  0.000970  0.001972  0.000633  0.038497  0.012899  0.000823  0.147123  0.003818  0.012351  0.046787  0.004356  0.029754  0.025651  0.000854  0.001972  0.002848  0.065867  0.000000  0.020999  0.033561  0.012077  
0.298570  0.242010  0.053196  0.108284  1.000000  0.003364  0.007359  0.989697  0.322960  0.119638  0.229394  0.173675  1.498528  0.227712  0.165685  0.008200  0.179773  0.149285  0.038898  0.084315  0.057401  0.338520  0.081791  0.015770  0.060135  0.361859  0.013877  0.209840  0.348823  0.033852  0.121741  0.020606  0.313078  0.053196  0.013457  0.684188  0.071068  0.322750  0.003574  0.000000  0.000841  0.000841  0.104920  0.022708  0.071909  0.353238  0.000000  0.260934  0.484441  0.261985  
0.448864  0.000000  3.113636  0.190341  17.596590  1.000000  0.002841  12.105114  0.806818  1.505682  3.082386  1.207386  7.295455  0.542614  0.340909  0.011364  0.349432  0.335227  0.031250  0.090909  0.000000  0.553977  0.275568  0.039773  0.045455  0.139205  0.002841  0.068182  0.221591  0.039773  0.090909  0.113636  0.025568  0.053977  0.062500  1.014205  0.494318  0.031250  0.011364  0.000000  0.000000  0.000000  0.000000  0.019886  0.139205  0.181818  0.000000  0.232955  0.423295  1.039773  
595.000000  1.000000  11.000000  48.000000  13.000000  0.000000  0.000000  2.000000  1.000000  5.000000  12.000000  5.000000  328.000000  1.000000  0.000000  0.000000  0.000000  0.000000  0.000000  61.000000  12.000000  75.000000  53.000000  4.000000  3.000000  30.000000  1.000000  0.000000  7.000000  6.000000  22.000000  13.000000  193.000000  0.000000  1.000000  62.000000  714.000000  22.000000  15.000000  0.000000  20.000000  0.000000  1.000000  23.000000  71.000000  1969.000000  0.000000  1272.000000  458.000000  382.000000  
0.000595  0.003358  0.000000  0.000000  0.000000  0.000000  0.000149  1.000000  0.000430  0.000083  0.016922  0.000728  0.000017  0.240910  0.101234  0.000893  0.023902  0.048003  0.037549  0.001522  0.000000  0.000000  0.000000  0.000000  0.000000  0.000033  0.000000  0.000728  0.000331  0.001952  0.000165  0.000926  0.331723  0.000480  0.000331  0.001224  0.000000  0.023754  0.000033  0.000000  0.000662  0.000000  0.000000  0.000000  0.000000  0.000000  0.000000  0.000000  0.001125  0.000595  
0.000000  0.000111  0.000000  0.000000  0.020700  0.000000  0.000028  0.088176  1.000000  0.000222  0.000970  0.001967  0.032754  0.123729  0.033364  0.000998  0.129825  0.020534  0.007343  0.000000  0.000000  0.000000  0.000000  0.000000  0.000665  0.000028  0.000028  0.001746  0.003131  0.000000  0.000055  0.008618  0.273367  0.000000  0.003131  0.053288  0.000000  0.003602  0.000028  0.000000  0.000000  0.000000  0.000000  0.000000  0.000000  0.000000  0.000000  0.028210  0.000083  0.000887  
0.074719  0.016377  0.000000  0.002047  0.000000  0.000000  0.000000  0.069601  0.068577  1.000000  0.003071  0.010235  0.305015  0.303992  0.059365  0.009212  0.867963  0.950870  0.006141  0.099284  0.073695  0.190379  0.822927  0.005118  0.004094  0.151484  0.000000  0.303992  0.013306  0.002047  0.048106  0.149437  2.930399  0.017400  0.000000  0.131013  0.348004  0.015353  0.000000  0.000000  0.000000  0.000000  0.000000  0.000000  0.000000  0.089048  0.000000  0.034800  0.058342  0.041965  
0.037891  0.122829  0.000000  0.000632  0.000000  0.000000  0.002842  0.296811  0.015472  0.000947  1.000000  0.028102  0.002842  0.002210  0.007262  0.000000  0.001263  0.001579  0.000632  0.000316  0.001579  0.007262  0.000632  0.000947  0.001263  0.005684  0.000000  0.003158  0.006315  0.000316  0.000632  0.001263  7.805494  0.007262  0.000632  0.125355  0.000000  0.033470  0.000000  0.000000  0.000000  0.000000  0.000000  0.000000  0.000000  0.093148  0.000000  0.041680  0.049574  0.005684  
0.244318  0.030844  0.002435  0.002435  0.000000  0.000000  0.003247  1.512175  0.089286  0.213474  2.586039  1.000000  5.036526  0.203734  0.103084  0.000812  0.299513  0.027597  0.045455  0.028409  0.012987  0.417208  0.017045  0.004870  0.005682  0.042208  0.000000  0.036526  0.023539  0.017045  0.017045  0.000000  14.445617  0.004058  0.062500  0.358766  0.248377  0.087662  0.000000  0.000000  0.000000  0.000000  0.000000  0.000000  0.000000  0.192370  0.000000  0.155032  0.166396  0.048701  
0.140625  0.003243  0.001494  0.015487  0.000039  0.000000  0.000177  0.033687  0.006938  0.023742  0.007704  0.015684  1.000000  0.024705  0.023840  0.002811  0.031309  0.018337  0.003656  0.001887  0.002516  0.037284  0.016726  0.004756  0.019969  0.224902  0.005012  0.047366  0.084237  0.040173  0.157233  0.016863  0.035535  0.001356  0.000511  0.009906  0.004855  0.003381  0.000059  0.000000  0.001454  0.000000  0.001828  0.000943  0.003086  0.072268  0.000000  0.083137  0.016785  0.007134  
0.286441  0.093086  0.060461  0.071535  0.290632  0.000000  0.017959  1.267585  0.234062  0.053577  0.157139  0.219395  0.985633  1.000000  4.730619  0.080515  0.808740  0.638731  0.319964  0.248429  0.167016  0.536067  0.181084  0.014666  0.041006  0.149656  0.047291  0.618976  0.143969  0.164621  0.156839  0.027537  4.841365  0.012870  0.005986  0.059563  0.021850  0.162526  0.004789  0.000000  0.042203  0.001796  0.000000  0.033822  0.160431  0.033523  0.000000  0.114636  0.370548  0.172703  
0.181300  0.083900  0.029600  0.042200  0.094100  0.001100  0.000900  0.486200  0.040400  0.032400  0.050200  0.050300  0.127100  0.245800  1.000000  0.024100  0.214300  0.195400  0.236600  0.033400  0.001400  0.037800  0.047700  0.006000  0.013900  0.056800  0.001600  0.059600  0.090600  0.007500  0.035000  0.005800  0.652500  0.097400  0.008500  0.010200  0.000000  0.038500  0.000100  0.000100  0.005600  0.002000  0.000300  0.005800  0.001900  0.030200  0.000000  0.000000  0.465300  0.006300  
0.000000  0.446043  0.014388  0.000000  0.136691  0.014388  0.453237  0.546763  0.107914  0.050360  0.100719  0.050360  0.964029  1.021583  2.431655  1.000000  1.604317  0.539568  0.093525  0.079137  0.503597  0.093525  0.028777  0.086331  0.309353  0.280576  0.000000  0.122302  0.122302  0.035971  0.093525  0.014388  0.000000  0.100719  0.561151  0.000000  0.000000  0.352518  0.000000  0.000000  0.028777  0.043165  0.007194  0.093525  0.035971  0.000000  0.000000  4.424460  3.719424  2.230216  
0.003553  0.001675  0.000711  0.000609  0.000609  0.000000  0.000000  0.063341  0.003096  0.002944  0.003604  0.000914  0.019439  0.040857  0.171903  0.044866  1.000000  0.007664  0.042582  0.000051  0.000609  0.003248  0.000508  0.000761  0.000254  0.003959  0.000203  0.005634  0.002791  0.000305  0.002538  0.000711  0.175963  0.037202  0.009846  0.009237  0.002233  0.049434  0.000102  0.000000  0.004010  0.000305  0.000000  0.029894  0.000102  0.000000  0.000000  0.013856  0.107141  0.020555  
0.000000  0.000014  0.000027  0.000082  0.000000  0.000301  0.000027  0.000452  0.000233  0.000055  0.000863  0.001630  0.000493  0.000575  0.040461  0.000000  0.000123  1.000000  0.002165  0.000069  0.000137  0.000384  0.001028  0.000041  0.000000  0.000206  0.000041  0.000192  0.000973  0.000069  0.000027  0.000123  0.000000  0.105297  0.000781  0.000000  0.000000  0.009057  0.003042  0.000000  0.000000  0.000000  0.000000  0.000000  0.000000  0.000000  0.000000  0.000000  0.014524  0.000219  
0.019891  0.158628  0.000000  0.000000  0.000000  0.000000  0.000000  0.000000  0.000000  0.000000  0.000000  0.000000  0.000000  0.018399  0.013426  0.000000  0.008454  0.000000  1.000000  0.000000  0.000000  0.000000  0.002486  0.000000  0.000000  0.000000  0.000000  0.000000  0.000000  0.000000  0.000000  0.000000  0.017404  0.149180  0.000000  0.000000  0.000000  0.101442  0.000497  0.207857  0.186474  0.999503  0.000000  0.000000  0.000000  0.000000  0.000000  0.000000  3.256589  0.000000  
0.000000  0.000000  0.000000  0.000000  0.000000  0.000000  0.000000  0.000000  0.000000  0.000000  0.000000  0.000000  0.264448  0.000000  0.000000  0.000000  0.000000  0.000000  0.000000  1.000000  0.002452  0.520140  0.000000  0.000000  0.000000  0.000000  0.241331  0.019965  0.000000  0.000000  0.000000  0.000000  0.000000  0.000000  0.000000  0.000000  0.909983  0.000000  0.000000  0.000000  0.000000  0.000000  0.000000  0.000000  0.000000  0.240280  0.000000  0.440981  0.056743  0.007005  
0.019224  0.000000  0.000000  0.000000  0.000000  0.000000  0.000000  0.000000  0.000000  0.000000  0.000000  0.000000  0.000663  0.000000  0.000000  0.000000  0.000000  0.000000  0.000000  0.005966  1.000000  1.227047  0.005303  0.000000  0.000000  0.000000  0.000000  0.000000  0.000000  0.000000  0.000000  0.000000  0.000000  0.000000  0.000000  0.000000  0.313888  0.000000  0.000000  0.000000  0.000000  0.000000  0.000000  0.000000  0.000000  0.071594  0.000000  0.152138  0.010607  0.012264  
1.162431  0.000000  0.000000  0.000058  0.000000  0.000000  0.000000  0.000000  0.000000  0.000000  0.000000  0.000375  0.053142  0.000000  0.000000  0.000000  0.000000  0.000000  0.000000  0.026831  0.015972  1.000000  0.047539  0.000058  0.000000  0.001993  0.000000  0.000000  0.000087  0.000000  0.000000  0.000000  0.000000  0.000000  0.000000  0.000000  0.070500  0.000000  0.000000  0.000000  0.000000  0.000000  0.000000  0.000000  0.000000  0.019553  0.000000  0.034196  0.010600  0.001271  
0.000000  0.000000  0.000000  0.000000  0.001305  0.001305  0.000000  0.001305  0.000000  0.001305  0.003916  0.001305  0.369452  0.006527  0.009138  0.000000  0.005222  0.003916  0.001305  0.001305  0.000000  0.507833  1.000000  0.000000  0.003916  0.003916  0.001305  0.002611  0.005222  0.000000  0.005222  0.001305  0.024804  0.005222  0.000000  0.023499  28.667101  0.001305  0.000000  0.000000  0.005222  0.002611  0.000000  0.000000  0.011749  0.014360  0.000000  0.403394  0.026110  0.002611  
0.000000  0.000000  0.000000  0.000000  0.000000  0.000000  0.000000  0.000000  0.000000  0.000000  0.000000  0.000000  0.000000  0.000000  0.000000  0.000000  0.000000  0.000000  0.000000  0.000000  0.000000  0.000000  0.000000  1.000000  0.000000  0.000000  0.000000  0.000000  0.000000  0.000000  0.000000  0.000000  0.468085  0.000000  0.000000  0.638298  0.957447  0.000000  0.000000  0.000000  0.000000  0.000000  0.000000  0.000000  0.000000  0.638298  0.000000  0.000000  2.148936  0.000000  
0.000000  0.003435  0.000781  0.000312  0.000156  0.000000  0.000000  0.011711  0.002498  0.002655  0.003123  0.003123  0.015615  0.012804  0.018270  0.000468  0.010931  0.007027  0.004060  0.002186  0.000468  0.007183  0.002498  0.000000  1.000000  0.016864  0.001874  0.007495  0.007339  0.000937  0.001874  0.000937  0.014522  0.000000  0.002811  0.011711  0.002655  0.019519  0.000781  0.000000  0.000000  0.000000  0.003123  0.041380  0.000625  0.010931  0.000000  0.009838  0.056839  0.008120  
0.018766  0.000000  0.000000  0.000000  0.000000  0.000000  0.000000  0.001512  0.000194  0.000000  0.001396  0.000969  0.017408  0.009266  0.002559  0.000155  0.003218  0.008685  0.002288  0.003993  0.000000  0.001706  0.000582  0.005079  0.519153  1.000000  0.013105  0.085685  0.011787  0.019153  0.014462  0.011709  0.024659  0.000000  0.000582  0.002714  0.003916  0.002481  0.000078  0.000000  0.000000  0.000000  0.000000  0.000271  0.000000  0.009887  0.000000  0.017602  0.011283  0.021480  
0.003162  0.022925  0.000000  0.000000  0.000000  0.000000  0.000000  0.000000  0.000000  0.000000  0.000000  0.000000  0.097233  0.011858  0.007905  0.007905  0.000000  0.002372  0.000791  0.000000  0.000000  0.002372  0.000000  0.000000  0.369170  0.257708  1.000000  0.135178  0.080632  0.000000  0.000000  0.033202  0.032411  0.000000  0.137549  0.000000  0.000000  0.003162  0.000000  0.000000  0.000000  0.000000  0.019763  0.003162  0.000000  0.050593  0.000000  0.014229  0.073518  0.013439  
0.017142  0.005132  0.000205  0.000205  0.000000  0.000000  0.000000  0.028434  0.011907  0.042702  0.014063  0.011291  0.022377  0.045781  0.027099  0.000719  0.047629  0.020016  0.008930  0.000616  0.000000  0.002156  0.001232  0.000513  0.000616  0.004414  0.000103  1.000000  0.006262  0.000205  0.002258  0.013550  1.389550  0.001026  0.000513  0.019195  0.007185  0.047834  0.000821  0.000000  0.000000  0.000000  0.004517  0.008930  0.000513  0.187949  0.000000  0.000000  0.014268  0.044036  
0.015040  0.001190  0.001954  0.001062  0.018524  0.006415  0.002932  0.020181  0.006798  0.017037  0.025917  0.009050  0.262863  0.025832  0.044653  0.003866  0.030548  0.013936  0.004928  0.023707  0.032247  0.211582  0.015465  0.037473  0.022135  0.036113  0.004079  0.047500  1.000000  0.008922  0.021201  0.019034  0.085015  0.033479  0.003229  0.382971  0.014105  0.011344  0.007138  0.000000  0.002974  0.002889  0.021328  0.004758  0.103242  0.464078  0.000000  0.020096  0.110124  0.115308  
2.256757  0.000000  0.040541  0.000000  0.000000  0.000000  0.000000  3.081081  0.081081  0.108108  0.337838  0.297297  0.162162  0.864865  12.256757  0.054054  0.594595  27.418919  2.040540  0.256757  0.067568  0.175676  0.297297  0.013514  0.000000  0.391892  0.351351  9.121622  0.162162  1.000000  0.054054  0.202703  15.067568  0.243243  3.405406  15.864865  0.000000  1.743243  9.986486  0.000000  0.000000  0.094595  2.162162  0.000000  0.000000  0.486486  0.000000  3.459460  1.554054  0.202703  
0.461207  0.000000  0.000000  0.017241  0.000000  0.000000  0.094828  0.625000  0.008621  0.073276  0.202586  0.176724  6.000000  2.228448  1.258621  0.193966  8.413794  0.577586  0.185345  1.599138  1.698276  3.801724  0.275862  0.051724  1.577586  0.672414  0.211207  3.375000  1.965517  0.094828  1.000000  1.853448  21.844828  5.241379  0.000000  9.521552  1.107759  0.107759  0.008621  0.000000  0.000000  0.551724  0.000000  0.000000  0.000000  6.043103  0.000000  1.133621  0.099138  0.275862  
0.000000  0.000000  0.000000  0.000000  0.000000  0.000000  0.000000  0.000000  0.000000  0.000000  0.001548  0.000281  0.059519  0.021247  0.205431  0.022513  0.087238  0.042915  0.011960  0.000000  0.000000  0.000000  0.000000  0.000000  0.000000  0.000000  0.000000  0.000844  0.000000  0.000000  0.000000  1.000000  0.018151  0.008864  0.000000  0.024764  0.000000  0.000000  0.000000  0.000000  0.000000  0.000000  0.000000  0.000000  0.000000  0.035880  0.000000  0.000000  0.029408  0.040805  
128.000000  268.000000  80.000000  143.000000  248.000000  210.000000  1449.000000  1165.000000  263.000000  46.000000  97.000000  99.000000  494.000000  253.000000  200.000000  10.000000  209.000000  71.000000  51.000000  196.000000  99.000000  181.000000  219.000000  34.000000  178.000000  270.000000  6.000000  155.000000  433.000000  38.000000  26.000000  12.000000  0.000000  384.000000  196.000000  2508.000000  981.000000  36.000000  61.000000  0.000000  23.000000  498.000000  115.000000  148.000000  2010.000000  1883.000000  15378.000000  1066.000000  11848.000000  2867.000000  
34.000000  11.000000  6.000000  5.000000  120.000000  49.000000  33.000000  127.000000  61.000000  7.000000  436.000000  275.000000  203.000000  93.000000  96.000000  4.000000  51.000000  50.000000  42.000000  317.000000  101.000000  988.000000  302.000000  24.000000  35.000000  330.000000  37.000000  275.000000  99.000000  7.000000  31.000000  10.000000  358.000000  0.000000  58.000000  8064.000000  277.000000  0.000000  4264.000000  0.000000  4.000000  4.000000  110.000000  132.000000  212.000000  786.000000  0.000000  178.000000  340.000000  22.000000  
0.000000  3.000000  3.000000  6.000000  11.000000  13.000000  1.000000  5559.000000  3318.000000  6.000000  12.000000  16.000000  44.000000  1123.000000  58.000000  0.000000  10.000000  11.000000  2.000000  1.000000  2.000000  11.000000  4.000000  2.000000  2.000000  118.000000  0.000000  4.000000  362.000000  2.000000  4.000000  15.000000  0.000000  622.000000  1.000000  0.000000  0.000000  0.000000  0.000000  0.000000  0.000000  0.000000  0.000000  0.000000  0.000000  0.000000  0.000000  0.000000  0.000000  0.000000  
1.057709  0.053337  0.004663  0.007869  0.071408  0.022442  0.002915  0.426989  0.238997  0.211600  0.141067  0.088021  0.997668  1.031186  1.090936  0.027106  0.787234  0.857767  0.161760  1.146605  0.092101  0.445934  0.139027  0.069950  0.263189  1.292917  0.090936  0.936170  0.530166  0.068785  0.240746  0.214806  5.062373  0.224424  0.082192  1.000000  3.118916  0.257651  0.383562  0.015156  0.018071  0.022151  0.038764  0.008161  0.152725  1.194404  0.000000  0.742932  0.272224  0.179248  
4.000000  8.000000  9.000000  17.000000  200.000000  78.000000  7.000000  96.000000  17.000000  52.000000  186.000000  58.000000  500.000000  337.000000  657.000000  30.000000  378.000000  230.000000  100.000000  41.000000  43.000000  551.000000  50.000000  5.000000  190.000000  213.000000  27.000000  113.000000  269.000000  30.000000  260.000000  48.000000  64.000000  142.000000  15.000000  40.000000  0.000000  0.000000  47.000000  2.000000  340.000000  23.000000  7.000000  30.000000  569.000000  124.000000  0.000000  23.000000  742.000000  259.000000  
0.104449  0.079304  0.117988  0.003868  0.508704  0.021277  0.071567  1.025145  0.957447  0.011605  0.094778  0.048356  0.448743  0.261122  0.321083  0.009671  0.131528  0.081238  0.069632  0.048356  0.059961  0.193424  0.081238  0.056093  0.205029  0.114120  0.019342  0.147002  0.189555  0.027079  0.052224  0.023211  0.239845  0.042553  0.092843  0.145068  0.015474  1.000000  0.007737  0.069632  0.040619  0.040619  0.003868  2.282398  0.381044  0.108317  0.000000  0.025145  3.187621  4.015474  
16.075270  1.301075  0.193548  3.225806  2.258065  0.096774  0.075269  19.494623  3.462366  1.946237  16.150537  6.086021  20.344086  10.387096  8.430107  0.913979  5.774194  4.032258  2.989247  2.892473  13.763441  7.043011  4.032258  1.322581  5.903226  8.903226  0.548387  26.774193  7.580645  1.204301  4.526882  0.688172  41.720428  0.623656  1.010753  4.537634  5.827957  1.322581  1.000000  0.322581  0.301075  0.279570  0.096774  1.989247  1.924731  4.086021  0.000000  3.483871  13.462365  4.602150  
164.333328  2.333333  12.000000  0.000000  38.666668  0.333333  0.000000  112.000000  33.666668  6.000000  54.000000  22.333334  71.333336  37.000000  22.000000  0.000000  15.000000  7.000000  8.333333  0.000000  0.000000  61.666668  9.333333  0.000000  0.000000  7.333333  0.000000  11.333333  7.333333  2.000000  17.000000  1.666667  118.333336  2.000000  13.666667  16.000000  4.666667  5.000000  4.666667  1.000000  2.000000  2.000000  0.000000  16.666666  0.333333  12.666667  0.000000  9.333333  37.666668  28.000000  
0.000000  0.000000  0.000000  0.000000  0.000000  0.000000  0.000000  0.000000  0.000000  0.000000  0.000000  0.000000  0.000000  0.000000  0.000000  0.000000  0.000000  0.000000  0.000000  0.000000  0.000000  0.000000  0.000000  0.000000  0.000000  0.000000  0.000000  0.000000  0.000000  0.000000  0.000000  0.000000  0.000000  0.000000  0.000000  178.000000  0.000000  0.000000  0.000000  0.000000  0.000000  0.000000  0.000000  20.000000  0.000000  0.000000  0.000000  0.000000  2.000000  0.000000  
0.000000  0.000000  0.000000  127.000000  0.000000  0.000000  0.000000  300.000000  123.000000  33.000000  14.000000  21.000000  348.000000  70.000000  216.000000  26.000000  150.000000  261.000000  23.000000  63.000000  0.000000  87.000000  0.000000  0.000000  68.000000  162.000000  13.000000  54.000000  66.000000  21.000000  33.000000  0.000000  5.000000  11.000000  21.000000  693.000000  5.000000  0.000000  0.000000  0.000000  27.000000  0.000000  0.000000  178.000000  19.000000  0.000000  0.000000  0.000000  16.000000  1.000000  
1199.000000  11.000000  40.000000  21.000000  502.000000  2.000000  0.000000  4951.000000  1226.000000  71.000000  336.000000  275.000000  2409.000000  265.000000  189.000000  7.000000  154.000000  311.000000  95.000000  51.000000  123.000000  1981.000000  286.000000  50.000000  67.000000  237.000000  12.000000  881.000000  347.000000  90.000000  357.000000  72.000000  819.000000  40.000000  13.000000  117.000000  137.000000  27.000000  368.000000  57.000000  3300.000000  1454.000000  0.000000  20.000000  7.000000  103.000000  0.000000  150.000000  347.000000  264.000000  
3.727273  3.181818  0.757576  0.636364  4.787879  3.787879  1.090909  3.000000  2.939394  1.727273  6.181818  3.030303  18.575758  6.212121  9.727273  1.242424  5.696970  4.787879  1.909091  1.969697  0.606061  10.242424  3.393939  1.121212  5.393939  5.484848  0.848485  9.575758  20.818182  1.515152  2.090909  0.939394  30.212122  15.787879  1.272727  186.787872  17.454546  3.030303  6.666667  8.000000  7.060606  17.333334  20.393940  1.000000  114.151512  100.121216  0.000000  46.272728  64.363640  13.909091  
0.010255  0.000347  0.000126  0.001152  0.001010  0.000331  0.000174  0.004433  0.001578  0.001388  0.001515  0.001294  0.013710  0.004528  0.005348  0.000379  0.006200  0.002004  0.000899  0.002682  0.000931  0.006705  0.001467  0.000473  0.003566  0.009971  0.000442  0.005695  0.004007  0.000647  0.001799  0.000852  0.019122  0.004402  0.001120  0.058075  0.004560  0.002382  0.023271  0.002761  0.015493  0.001136  0.004276  0.001546  1.000000  0.021441  0.046305  0.001467  0.065868  0.022277  
3.285511  0.232955  0.078125  0.318182  2.544034  0.284801  0.022727  2.111506  0.148438  0.437500  0.626420  0.348011  5.166903  1.798295  3.245028  0.125710  1.944602  1.172585  0.333807  0.919034  0.460938  3.362926  1.288352  0.483665  0.789062  1.199574  0.069602  0.823864  1.968040  0.248580  0.365767  0.155540  8.970881  2.723011  0.162642  1.901278  0.889205  0.087358  0.442472  0.024148  0.396307  0.319602  0.352273  0.589489  16.574574  1.000000  0.049716  1.901989  7.771307  1.639915  
0.000000  0.000000  0.000000  0.000000  0.000000  0.000000  0.000000  0.000000  0.000000  0.000000  0.000000  0.000000  0.000000  0.000000  0.000000  0.000000  0.000000  0.000000  0.000000  0.000000  0.000000  0.000000  0.000000  0.000000  0.000000  0.000000  0.000000  0.000000  0.000000  0.000000  0.000000  0.000000  0.000000  0.000000  0.000000  0.000000  0.000000  0.000000  0.000000  0.000000  0.000000  0.000000  0.000000  0.000000  0.000000  0.000000  0.000000  0.000000  2068.000000  337.000000  
1986.000000  41.000000  0.000000  0.000000  0.000000  0.000000  0.000000  0.000000  0.000000  0.000000  0.000000  0.000000  0.000000  0.000000  0.000000  0.000000  0.000000  0.000000  0.000000  0.000000  0.000000  0.000000  0.000000  0.000000  0.000000  0.000000  0.000000  0.000000  0.000000  0.000000  0.000000  0.000000  0.000000  0.000000  0.000000  0.000000  0.000000  41.000000  0.000000  0.000000  0.000000  0.000000  0.000000  0.000000  36.000000  102.000000  0.000000  0.000000  716.000000  274.000000  
0.000000  0.000000  0.000000  0.000000  0.000000  0.000000  0.000000  0.000000  0.000000  0.000000  0.000000  0.000000  0.000000  0.000000  0.000000  0.000000  0.000000  0.000000  0.000000  0.000000  0.000000  0.000000  0.000000  0.000000  0.000000  0.000000  0.000000  0.000000  0.000000  0.000000  0.000000  0.000000  0.000000  0.000000  0.000000  0.000000  0.000000  0.000000  0.000000  0.000000  0.000000  0.000000  0.000000  0.000000  0.000000  0.000000  0.000000  0.000000  0.000000  0.000000  
0.000000  0.000000  0.000000  0.000000  0.000000  0.000000  0.000000  0.000000  0.000000  0.000000  0.000000  0.000000  0.000000  0.000000  0.000000  0.000000  0.000000  0.000000  0.000000  0.000000  0.000000  0.000000  0.000000  0.000000  0.000000  0.000000  0.000000  0.000000  0.000000  0.000000  0.000000  0.000000  0.000000  0.000000  0.000000  0.000000  0.000000  0.000000  0.000000  0.000000  0.000000  0.000000  0.000000  0.000000  0.000000  0.000000  0.000000  0.000000  0.000000  0.000000  
0.000229  0.004462  0.031548  0.000102  0.000457  0.001682  0.031548  0.000128  0.000166  0.001009  0.000561  0.000899  0.000140  0.000546  0.000315  0.002676  0.000225  0.000117  0.000703  0.000590  0.000574  0.000170  0.001140  0.004602  0.000394  0.000196  0.000887  0.000320  0.000206  0.003667  0.002071  0.000374  0.031548  0.031548  0.031548  0.000539  0.031548  0.001387  0.003271  0.018214  0.031548  0.031548  0.031548  0.005492  0.000125  0.000841  0.031548  0.031548  0.031548  0.031548  