1.000000  0.002531  0.000000  0.000000  0.000000  0.000000  0.000000  0.000000  0.000000  0.000000  0.000000  0.000000  0.010755  0.000000  0.000000  0.000000  0.000000  0.000000  0.000000  0.831295  0.000000  2.524884  0.709194  0.294601  0.000000  0.163855  0.161113  0.267819  0.088570  0.000000  0.000000  0.006326  0.000000  0.000000  0.000000  0.000000  0.427457  0.000000  0.000000  0.000000  0.000000  0.000000  0.000000  0.000000  0.000000  0.102488  0.000000  0.025306  0.008857  0.016027  
11.000000  0.000000  5106.000000  0.000000  859.000000  1.000000  0.000000  11.000000  7.000000  0.000000  5.000000  0.000000  3.000000  14.000000  0.000000  0.000000  0.000000  0.000000  0.000000  4.000000  0.000000  1.000000  0.000000  0.000000  0.000000  0.000000  0.000000  0.000000  0.000000  0.000000  0.000000  0.000000  2.000000  0.000000  0.000000  47.000000  4.000000  3.000000  1.000000  0.000000  0.000000  0.000000  0.000000  11.000000  3.000000  17.000000  0.000000  5.000000  13.000000  83.000000  
0.000000  0.000000  0.000000  0.000000  0.000000  0.000000  0.000000  1370.000000  243.000000  0.000000  16.000000  166.000000  103.000000  78.000000  16.000000  0.000000  16.000000  0.000000  3.000000  0.000000  0.000000  26.000000  0.000000  0.000000  0.000000  0.000000  0.000000  0.000000  0.000000  0.000000  0.000000  0.000000  0.000000  0.000000  0.000000  0.000000  0.000000  0.000000  0.000000  0.000000  0.000000  0.000000  0.000000  0.000000  0.000000  0.000000  0.000000  0.000000  58.000000  1.000000  
2.381988  0.074534  0.040373  1.000000  7.086957  0.012422  0.003106  1.211180  0.354037  0.543478  0.630435  0.763975  5.810559  0.521739  0.484472  0.009317  0.192547  0.285714  0.099379  0.304348  0.360248  1.276397  0.413043  0.018634  0.189441  0.611801  0.052795  0.413043  0.515528  0.068323  0.158385  0.043478  2.099379  0.736025  0.049689  5.372671  0.142857  0.850932  6.009317  0.627329  0.698758  3.130435  0.031056  0.133540  0.195652  2.527950  0.000000  0.801242  2.509317  0.686335  
33.000000  0.000000  0.000000  0.000000  0.000000  0.000000  0.000000  90.000000  26.000000  0.000000  26.000000  0.000000  138.000000  25.000000  0.000000  0.000000  0.000000  0.000000  0.000000  0.000000  0.000000  31.000000  0.000000  0.000000  0.000000  37.000000  0.000000  23.000000  29.000000  0.000000  0.000000  0.000000  27.000000  0.000000  0.000000  70.000000  0.000000  36.000000  0.000000  0.000000  0.000000  0.000000  26.000000  0.000000  0.000000  36.000000  0.000000  26.000000  96.000000  28.000000  
0.181818  0.000000  0.008523  0.176136  9.744318  1.000000  0.002841  4.840909  0.696023  1.204545  2.059659  0.965909  5.133523  0.428977  0.267045  0.005682  0.275568  0.264205  0.017045  0.036932  0.000000  0.465909  0.110795  0.014205  0.017045  0.119318  0.002841  0.028409  0.213068  0.017045  0.036932  0.045455  0.011364  0.022727  0.025568  0.409091  0.198864  0.011364  0.005682  0.000000  0.000000  0.000000  0.000000  0.008523  0.053977  0.073864  0.000000  0.093750  0.170455  0.417614  
0.000000  0.000000  0.000000  0.000000  0.000000  0.000000  0.000000  0.000000  0.000000  0.000000  0.000000  0.000000  0.000000  0.000000  0.000000  0.000000  0.000000  0.000000  0.000000  0.000000  0.000000  0.000000  0.000000  0.000000  0.000000  0.000000  0.000000  0.000000  0.000000  0.000000  0.000000  0.000000  0.000000  0.000000  0.000000  0.000000  0.000000  0.000000  0.000000  0.000000  0.000000  0.000000  0.000000  0.000000  0.000000  0.000000  0.000000  0.000000  0.000000  0.000000  
0.002376  0.010694  0.000000  0.000000  0.000000  0.000000  0.000832  1.000000  0.001426  0.000238  0.067847  0.002852  0.000119  0.892110  0.395318  0.003683  0.101592  0.150071  0.129515  0.008912  0.000000  0.000000  0.000000  0.000000  0.000000  0.000119  0.000000  0.002971  0.001307  0.007723  0.000594  0.004040  1.041706  0.001782  0.001307  0.004872  0.000000  0.094344  0.000119  0.000000  0.002614  0.000000  0.000000  0.000000  0.000000  0.000000  0.000000  0.000000  0.004515  0.002376  
0.000000  0.000143  0.000000  0.000000  0.106699  0.000000  0.000000  0.118697  1.000000  0.000143  0.001714  0.001143  0.027567  0.178403  0.072847  0.002285  0.180117  0.045422  0.014284  0.000000  0.000000  0.000000  0.000000  0.000000  0.001714  0.000143  0.000000  0.000857  0.006428  0.000000  0.000000  0.012284  0.506356  0.000000  0.007142  0.000000  0.000000  0.001857  0.000000  0.000000  0.000000  0.000000  0.000000  0.000000  0.000000  0.000000  0.000000  0.084417  0.000000  0.000286  
0.021839  0.006897  0.000000  0.001149  0.000000  0.000000  0.000000  0.028736  0.028736  1.000000  0.001149  0.003448  0.129885  0.087356  0.022989  0.002299  0.245977  0.268966  0.002299  0.041379  0.032184  0.080460  0.568965  0.002299  0.001149  0.047126  0.000000  0.087356  0.005747  0.001149  0.013793  0.042529  0.709195  0.004598  0.000000  0.037931  0.159770  0.004598  0.000000  0.000000  0.000000  0.000000  0.000000  0.000000  0.000000  0.025287  0.000000  0.009195  0.016092  0.012644  
0.160000  0.260000  0.000000  0.000000  0.000000  0.000000  0.020000  0.420000  0.040000  0.000000  1.000000  0.160000  0.020000  0.020000  0.040000  0.000000  0.020000  0.000000  0.000000  0.000000  0.000000  0.040000  0.000000  0.020000  0.020000  0.040000  0.000000  0.000000  0.000000  0.000000  0.000000  0.000000  32.099998  0.040000  0.000000  0.540000  0.000000  0.140000  0.000000  0.000000  0.000000  0.000000  0.000000  0.000000  0.000000  0.400000  0.000000  0.180000  0.220000  0.020000  
0.069930  0.020979  0.000000  0.001748  0.000000  0.000000  0.000000  1.496503  0.062937  0.134615  1.583916  1.000000  1.223776  0.132867  0.078671  0.001748  0.291958  0.027972  0.045455  0.045455  0.005245  0.297203  0.008741  0.003497  0.003497  0.027972  0.000000  0.017483  0.008741  0.010490  0.010490  0.000000  9.304195  0.001748  0.040210  0.412587  0.286713  0.000000  0.000000  0.000000  0.000000  0.000000  0.000000  0.000000  0.000000  0.220280  0.000000  0.176573  0.293706  0.029720  
0.080531  0.000191  0.000709  0.013090  0.000027  0.000000  0.000164  0.012954  0.004527  0.011999  0.006381  0.013199  1.000000  0.016335  0.019608  0.002891  0.027162  0.010118  0.002018  0.001473  0.001582  0.029753  0.008754  0.002618  0.021953  0.224058  0.004745  0.025335  0.063105  0.041806  0.170335  0.010963  0.024162  0.000982  0.000327  0.005591  0.002454  0.001282  0.000027  0.000000  0.000818  0.000000  0.001827  0.000082  0.001527  0.048079  0.000000  0.041261  0.010145  0.003545  
0.136244  0.046291  0.029984  0.035245  0.143609  0.000000  0.008943  0.614940  0.114676  0.025776  0.077328  0.108364  0.485534  1.000000  2.401368  0.045239  0.410310  0.329300  0.158864  0.118885  0.082588  0.265124  0.089427  0.007365  0.020516  0.074171  0.022620  0.296686  0.071015  0.079432  0.075224  0.013677  1.717517  0.005786  0.003156  0.028932  0.010521  0.077854  0.002104  0.000000  0.019989  0.001052  0.000000  0.015781  0.067333  0.015255  0.000000  0.054708  0.176223  0.082588  
0.136556  0.063275  0.022407  0.031990  0.071167  0.000846  0.000705  0.368236  0.030581  0.024380  0.038050  0.038191  0.096392  0.185316  1.000000  0.019589  0.165727  0.152339  0.181370  0.025225  0.000986  0.028608  0.036218  0.004510  0.010428  0.042982  0.001268  0.045096  0.068489  0.005778  0.026494  0.004369  0.281003  0.073422  0.006483  0.007751  0.000000  0.029030  0.000000  0.000141  0.004228  0.001550  0.000282  0.004369  0.001409  0.022830  0.000000  0.000000  0.350620  0.004651  
0.000000  0.449541  0.018349  0.000000  0.137615  0.018349  0.449541  0.550459  0.100917  0.045872  0.100917  0.045872  0.972477  1.027523  2.422018  1.000000  1.596330  0.541284  0.091743  0.073394  0.513761  0.091743  0.027523  0.082569  0.302752  0.284404  0.000000  0.128440  0.119266  0.036697  0.091743  0.018349  0.000000  0.100917  0.559633  0.000000  0.000000  0.321101  0.000000  0.000000  0.027523  0.045872  0.009174  0.100917  0.036697  0.000000  0.000000  4.403670  3.697248  2.201835  
0.003265  0.001528  0.000625  0.000486  0.000556  0.000000  0.000000  0.057732  0.002848  0.002640  0.003265  0.000834  0.017716  0.037238  0.156662  0.043004  1.000000  0.007017  0.039252  0.000069  0.000556  0.002918  0.000417  0.000695  0.000208  0.003682  0.000208  0.005141  0.002571  0.000278  0.002293  0.000625  0.064332  0.033834  0.008962  0.008476  0.002015  0.045088  0.000069  0.000000  0.003613  0.000278  0.000000  0.000000  0.000139  0.000000  0.000000  0.012714  0.097541  0.018688  
0.000000  0.000017  0.000033  0.000083  0.000000  0.000299  0.000033  0.000449  0.000233  0.000067  0.000849  0.001597  0.000499  0.000566  0.040180  0.000000  0.000116  1.000000  0.002146  0.000067  0.000133  0.000383  0.001015  0.000050  0.000000  0.000200  0.000050  0.000183  0.000965  0.000067  0.000033  0.000133  0.000000  0.108627  0.000765  0.000000  0.000000  0.008984  0.003028  0.000000  0.000000  0.000000  0.000000  0.000000  0.000000  0.000000  0.000000  0.000000  0.014408  0.000200  
0.000000  0.098720  0.000000  0.000000  0.000000  0.000000  0.000000  0.000000  0.000000  0.000000  0.000000  0.000000  0.000000  0.012797  0.010055  0.000000  0.005484  0.000000  1.000000  0.000000  0.000000  0.000000  0.001828  0.000000  0.000000  0.000000  0.000000  0.000000  0.000000  0.000000  0.000000  0.000000  0.010969  0.086837  0.000000  0.000000  0.000000  0.122486  0.000000  0.000000  0.000000  0.937843  0.000000  0.000000  0.000000  0.000000  0.000000  0.000000  2.542048  0.000000  
0.000000  0.000000  0.000000  0.000000  0.000000  0.000000  0.000000  0.000000  0.000000  0.000000  0.000000  0.000000  0.097024  0.000000  0.000000  0.000000  0.000000  0.000000  0.000000  1.000000  0.000000  0.317857  0.000000  0.000000  0.000000  0.000000  0.336905  0.018452  0.000000  0.000000  0.000000  0.000000  0.000000  0.000000  0.000000  0.000000  0.109524  0.000000  0.000000  0.000000  0.000000  0.000000  0.000000  0.000000  0.000000  0.000000  0.000000  0.052976  0.000000  0.000000  
0.000364  0.000000  0.000000  0.000000  0.000000  0.000000  0.000000  0.000000  0.000000  0.000000  0.000000  0.000000  0.000364  0.000000  0.000000  0.000000  0.000000  0.000000  0.000000  0.003275  1.000000  0.587336  0.003275  0.000000  0.000000  0.000000  0.000000  0.000000  0.000000  0.000000  0.000000  0.000000  0.000000  0.000000  0.000000  0.000000  0.088792  0.000000  0.000000  0.000000  0.000000  0.000000  0.000000  0.000000  0.000000  0.020742  0.000000  0.042940  0.003275  0.000364  
0.218469  0.000000  0.000000  0.000089  0.000000  0.000000  0.000000  0.000000  0.000000  0.000000  0.000000  0.000000  0.076615  0.000000  0.000000  0.000000  0.000000  0.000000  0.000000  0.028797  0.032353  1.000000  0.019465  0.000000  0.000000  0.000000  0.000000  0.000000  0.000000  0.000000  0.000000  0.000000  0.000000  0.000000  0.000000  0.000000  0.038397  0.000000  0.000000  0.000000  0.000000  0.000000  0.000000  0.000000  0.000000  0.026398  0.000000  0.018665  0.014310  0.000000  
0.000000  0.000000  0.000000  0.000000  0.000000  0.000000  0.000000  0.000000  0.000000  0.000000  0.000000  0.000000  0.056022  0.000000  0.000000  0.000000  0.000000  0.000000  0.000000  0.000000  0.000000  0.168067  1.000000  0.000000  0.000000  0.000000  0.000000  0.000000  0.000000  0.000000  0.000000  0.000000  0.007003  0.000000  0.000000  0.008403  6.497199  0.000000  0.000000  0.000000  0.000000  0.000000  0.000000  0.000000  0.000000  0.000000  0.000000  0.106443  0.008403  0.000000  
0.000000  0.000000  0.000000  0.000000  0.000000  0.000000  0.000000  0.000000  0.000000  0.000000  0.000000  0.000000  0.000000  0.000000  0.000000  0.000000  0.000000  0.000000  0.000000  0.000000  0.000000  0.000000  0.000000  1.000000  0.000000  0.000000  0.000000  0.000000  0.000000  0.000000  0.000000  0.000000  0.063830  0.000000  0.000000  0.085106  0.127660  0.000000  0.000000  0.000000  0.000000  0.000000  0.000000  0.000000  0.000000  0.085106  0.000000  0.000000  0.297872  0.000000  
0.000000  0.000435  0.000000  0.000000  0.000000  0.000000  0.000000  0.001305  0.000435  0.000435  0.000435  0.000435  0.001957  0.001522  0.001957  0.000000  0.001305  0.000870  0.000435  0.000217  0.000000  0.000870  0.000217  0.000000  1.000000  0.003915  0.000217  0.000870  0.000870  0.000217  0.000435  0.000000  0.002175  0.000000  0.000435  0.002175  0.000652  0.003915  0.000217  0.000000  0.000000  0.000000  0.000652  0.008482  0.000000  0.001740  0.000000  0.001740  0.000000  0.000000  
0.022927  0.000000  0.000000  0.000000  0.000000  0.000000  0.000000  0.001777  0.000267  0.000000  0.001777  0.001066  0.019373  0.012619  0.003110  0.000178  0.003910  0.010575  0.002933  0.003377  0.000000  0.002044  0.000711  0.006221  0.589354  1.000000  0.017151  0.099973  0.014218  0.022039  0.012797  0.011286  0.023016  0.000000  0.000533  0.003288  0.004799  0.003021  0.000089  0.000000  0.000000  0.000000  0.000000  0.000355  0.000000  0.012086  0.000000  0.021505  0.013774  0.026215  
0.003330  0.023307  0.000000  0.000000  0.000000  0.000000  0.000000  0.000000  0.000000  0.000000  0.000000  0.000000  0.091010  0.012209  0.007769  0.007769  0.000000  0.002220  0.001110  0.000000  0.000000  0.002220  0.000000  0.000000  0.347392  0.241953  1.000000  0.127636  0.079911  0.000000  0.000000  0.031077  0.032186  0.000000  0.142064  0.000000  0.000000  0.003330  0.000000  0.000000  0.000000  0.000000  0.019978  0.003330  0.000000  0.044395  0.000000  0.013319  0.075472  0.013319  
0.010870  0.004783  0.000000  0.000000  0.000000  0.000000  0.000000  0.018696  0.007826  0.028696  0.010000  0.007391  0.014783  0.032609  0.019565  0.000870  0.037391  0.015217  0.006957  0.000435  0.000000  0.001304  0.000870  0.000435  0.000435  0.003478  0.000000  1.000000  0.004348  0.000000  0.001739  0.011739  1.216956  0.000870  0.000435  0.016522  0.006087  0.041304  0.000870  0.000000  0.000000  0.000000  0.003913  0.001304  0.000435  0.161739  0.000000  0.000000  0.012174  0.037826  
0.012792  0.000592  0.000948  0.000474  0.008765  0.002961  0.001303  0.009712  0.003672  0.008054  0.016582  0.004975  0.114770  0.013384  0.021675  0.003316  0.015516  0.006751  0.002487  0.012318  0.015397  0.100557  0.007343  0.021912  0.010541  0.020372  0.002250  0.039796  1.000000  0.004264  0.012318  0.019069  0.062774  0.012081  0.001658  0.214260  0.007936  0.004382  0.002961  0.000000  0.001658  0.001658  0.012081  0.004975  0.040625  0.261992  0.000000  0.011489  0.044179  0.041810  
2.040816  0.000000  0.040816  0.000000  0.000000  0.000000  0.000000  2.979592  0.081633  0.122449  0.346939  0.285714  0.142857  0.877551  12.244898  0.040816  0.571429  26.061224  2.081633  0.244898  0.061224  0.163265  0.285714  0.000000  0.000000  0.387755  0.346939  9.183674  0.163265  1.000000  0.040816  0.204082  11.265306  0.204082  3.428571  12.877551  0.000000  1.755102  9.224490  0.000000  0.000000  0.102041  2.020408  0.000000  0.000000  0.408163  0.000000  3.204082  1.510204  0.204082  
0.271028  0.000000  0.000000  0.009346  0.000000  0.000000  0.056075  0.369159  0.004673  0.042056  0.121495  0.102804  3.509346  1.299065  0.728972  0.116822  4.920561  0.341121  0.112150  0.934579  0.995327  2.224299  0.158879  0.028037  0.925234  0.392523  0.121495  1.971963  1.149533  0.056075  1.000000  1.088785  12.789720  3.065421  0.000000  5.570094  0.644860  0.065421  0.004673  0.000000  0.000000  0.322430  0.000000  0.000000  0.000000  3.537383  0.000000  0.663551  0.056075  0.158879  
0.000000  0.000000  0.000000  0.000000  0.000000  0.000000  0.000000  0.000000  0.000000  0.000000  0.000476  0.000000  0.021180  0.006901  0.102332  0.009757  0.039743  0.015469  0.004284  0.000000  0.000000  0.000000  0.000000  0.000000  0.000000  0.000000  0.000000  0.000476  0.000000  0.000000  0.000000  1.000000  0.006663  0.003094  0.000000  0.009043  0.000000  0.000000  0.000000  0.000000  0.000000  0.000000  0.000000  0.000000  0.000000  0.012613  0.000000  0.000000  0.010709  0.014517  
0.000000  0.000000  0.000000  0.000000  0.000000  0.000000  0.000000  0.000000  0.000000  0.000000  0.000000  0.000000  0.000000  0.000000  0.000000  0.000000  0.000000  0.000000  0.000000  0.000000  0.000000  0.000000  0.000000  0.000000  0.000000  0.000000  0.000000  0.000000  0.000000  0.000000  0.000000  0.000000  0.000000  0.000000  0.000000  0.000000  0.000000  0.000000  0.000000  0.000000  0.000000  0.000000  0.000000  0.000000  0.000000  0.000000  0.000000  0.000000  45.000000  0.000000  
0.000000  0.000000  0.000000  0.000000  0.000000  0.000000  0.000000  0.000000  0.000000  0.000000  0.000000  0.000000  0.000000  0.000000  0.000000  0.000000  0.000000  0.000000  0.000000  0.000000  0.000000  0.000000  0.000000  0.000000  0.000000  0.000000  0.000000  0.000000  0.000000  0.000000  0.000000  0.000000  0.000000  0.000000  0.000000  0.000000  0.000000  0.000000  559.000000  0.000000  0.000000  0.000000  0.000000  0.000000  0.000000  0.000000  0.000000  0.000000  68.000000  0.000000  
0.000000  2.000000  2.000000  4.000000  6.000000  8.000000  1.000000  2372.000000  1931.000000  4.000000  7.000000  10.000000  27.000000  6.000000  6.000000  0.000000  6.000000  6.000000  1.000000  1.000000  1.000000  6.000000  3.000000  1.000000  1.000000  72.000000  0.000000  3.000000  61.000000  1.000000  3.000000  4.000000  0.000000  0.000000  1.000000  0.000000  0.000000  0.000000  0.000000  0.000000  0.000000  0.000000  0.000000  0.000000  0.000000  0.000000  0.000000  0.000000  0.000000  0.000000  
0.899408  0.165680  0.023669  0.047337  0.088757  0.207101  0.000000  2.674556  0.301775  1.047337  0.721893  0.928994  4.852071  2.396450  3.739645  0.183432  2.313609  1.781065  0.721893  1.502959  0.289941  3.041420  0.455621  0.118343  2.035503  5.846154  0.497041  5.875740  2.532544  0.195266  1.366864  1.585799  5.053255  0.224852  0.301775  1.000000  3.124260  0.260355  0.384615  0.011834  0.017751  0.023669  0.041420  0.000000  0.047337  1.142012  0.000000  0.674556  0.142012  0.059172  
1.000000  2.000000  3.000000  5.000000  59.000000  23.000000  2.000000  28.000000  5.000000  15.000000  55.000000  17.000000  148.000000  100.000000  195.000000  9.000000  112.000000  68.000000  30.000000  12.000000  13.000000  163.000000  15.000000  2.000000  56.000000  63.000000  8.000000  34.000000  80.000000  9.000000  77.000000  14.000000  19.000000  47.000000  5.000000  12.000000  0.000000  0.000000  13.000000  1.000000  101.000000  7.000000  2.000000  7.000000  122.000000  36.000000  0.000000  7.000000  251.000000  60.000000  
0.000000  0.000000  0.000000  0.000000  0.000000  0.000000  0.000000  0.000000  0.000000  0.000000  0.000000  0.000000  0.000000  0.000000  0.000000  0.000000  0.000000  0.000000  0.000000  0.000000  0.000000  0.000000  0.000000  0.000000  0.000000  0.000000  0.000000  0.000000  0.000000  0.000000  0.000000  0.000000  0.000000  0.000000  0.000000  0.000000  0.000000  1.000000  0.000000  0.000000  0.000000  0.000000  0.000000  0.000000  0.000000  0.000000  0.000000  0.000000  0.274704  0.000000  
15.666667  1.166667  0.166667  3.000000  2.333333  0.333333  0.000000  18.833334  3.166667  1.833333  15.833333  6.000000  19.833334  10.000000  8.166667  0.833333  5.500000  3.666667  2.833333  2.666667  13.500000  6.666667  3.833333  1.333333  5.666667  8.500000  0.500000  26.166666  7.333333  1.166667  4.333333  0.666667  39.833332  0.500000  1.000000  3.833333  5.666667  1.166667  1.000000  0.333333  0.333333  0.333333  0.000000  1.333333  0.833333  3.333333  0.000000  3.000000  7.666667  3.500000  
56.000000  0.666667  4.000000  0.000000  13.000000  0.000000  0.000000  38.000000  11.333333  2.000000  18.333334  7.666667  24.333334  12.666667  7.333333  0.000000  5.000000  2.333333  3.000000  0.000000  0.000000  21.000000  3.333333  0.000000  0.000000  2.333333  0.000000  4.000000  2.333333  0.666667  5.666667  0.666667  40.000000  0.666667  4.666667  5.333333  1.666667  1.666667  1.666667  1.000000  0.666667  0.666667  0.000000  5.666667  0.000000  4.333333  0.000000  3.000000  12.666667  9.333333  
0.000000  0.000000  0.000000  0.000000  0.000000  0.000000  0.000000  0.000000  0.000000  0.000000  0.000000  0.000000  0.000000  0.000000  0.000000  0.000000  0.000000  0.000000  0.000000  0.000000  0.000000  0.000000  0.000000  0.000000  0.000000  0.000000  0.000000  0.000000  0.000000  0.000000  0.000000  0.000000  0.000000  0.000000  0.000000  0.000000  0.000000  0.000000  0.000000  0.000000  0.000000  0.000000  0.000000  5.000000  0.000000  0.000000  0.000000  0.000000  0.000000  0.000000  
0.000000  0.000000  0.000000  21.000000  0.000000  0.000000  0.000000  50.000000  20.000000  5.000000  2.000000  3.000000  57.000000  11.000000  35.000000  4.000000  24.000000  43.000000  4.000000  10.000000  0.000000  14.000000  0.000000  0.000000  11.000000  26.000000  2.000000  9.000000  11.000000  3.000000  5.000000  0.000000  1.000000  2.000000  3.000000  114.000000  1.000000  0.000000  0.000000  0.000000  4.000000  0.000000  0.000000  41.000000  0.000000  0.000000  0.000000  0.000000  0.000000  0.000000  
0.000000  0.000000  0.000000  0.000000  0.000000  0.000000  0.000000  0.000000  0.000000  0.000000  0.000000  0.000000  0.000000  0.000000  0.000000  0.000000  0.000000  0.000000  0.000000  0.000000  0.000000  0.000000  0.000000  0.000000  0.000000  0.000000  0.000000  0.000000  0.000000  0.000000  0.000000  0.000000  0.000000  0.000000  0.000000  0.000000  0.000000  0.000000  0.000000  0.000000  299.000000  710.000000  0.000000  0.000000  0.000000  0.000000  0.000000  0.000000  0.000000  0.000000  
0.280000  0.240000  0.040000  0.040000  0.360000  0.280000  0.080000  0.240000  0.200000  0.120000  0.480000  0.240000  1.360000  0.480000  0.720000  0.080000  0.440000  0.360000  0.160000  0.160000  0.040000  0.760000  0.240000  0.080000  0.400000  0.400000  0.080000  0.720000  1.560000  0.120000  0.160000  0.080000  1.880000  1.160000  0.080000  12.640000  1.320000  0.200000  0.480000  0.680000  0.600000  1.280000  1.520000  1.000000  7.440000  6.640000  0.000000  3.160000  8.320000  0.960000  
0.000000  0.000000  0.000000  0.000000  0.000000  0.000000  0.000000  0.004808  0.002060  0.000687  0.000000  0.000687  0.011676  0.003434  0.004808  0.000000  0.005495  0.001374  0.000687  0.002060  0.000000  0.004808  0.000000  0.000000  0.003434  0.010302  0.000000  0.003434  0.002747  0.000000  0.001374  0.000687  0.000000  0.000000  0.000000  0.004808  0.000000  0.000000  0.000000  0.000000  0.000000  0.000000  0.000000  0.000000  1.000000  0.006181  0.000000  0.000000  0.000000  0.000000  
0.115721  0.104803  0.037118  0.102620  1.115721  0.034934  0.004367  0.903930  0.061135  0.170306  0.266376  0.104803  2.334061  0.766376  1.491266  0.056769  0.840611  0.517467  0.144105  0.421397  0.211790  1.493450  0.604804  0.220524  0.351528  0.530568  0.028384  0.362445  0.877729  0.106987  0.148472  0.056769  0.082969  0.827511  0.000000  0.635371  0.320961  0.048035  0.224891  0.000000  0.196507  0.150655  0.069869  0.032751  4.921397  1.000000  0.000000  0.323144  1.329694  0.124454  
0.000000  0.000000  0.000000  0.000000  0.000000  0.000000  0.000000  0.000000  0.000000  0.000000  0.000000  0.000000  0.000000  0.000000  0.000000  0.000000  0.000000  0.000000  0.000000  0.000000  0.000000  0.000000  0.000000  0.000000  0.000000  0.000000  0.000000  0.000000  0.000000  0.000000  0.000000  0.000000  0.000000  0.000000  0.000000  0.000000  0.000000  0.000000  0.000000  0.000000  0.000000  0.000000  0.000000  0.000000  0.000000  0.000000  0.000000  0.000000  0.000000  0.000000  
0.000000  0.000000  0.000000  0.000000  0.000000  0.000000  0.000000  0.000000  0.000000  0.000000  0.000000  0.000000  0.000000  0.000000  0.000000  0.000000  0.000000  0.000000  0.000000  0.000000  0.000000  0.000000  0.000000  0.000000  0.000000  0.000000  0.000000  0.000000  0.000000  0.000000  0.000000  0.000000  0.000000  0.000000  0.000000  0.000000  0.000000  0.000000  0.000000  0.000000  0.000000  0.000000  0.000000  0.000000  0.000000  0.000000  0.000000  0.000000  0.000000  0.000000  
0.000000  0.000000  0.000000  0.000000  0.000000  0.000000  0.000000  0.000000  0.000000  0.000000  0.000000  0.000000  0.000000  0.000000  0.000000  0.000000  0.000000  0.000000  0.000000  0.000000  0.000000  0.000000  0.000000  0.000000  0.000000  0.000000  0.000000  0.000000  0.000000  0.000000  0.000000  0.000000  0.000000  0.000000  0.000000  0.000000  0.000000  0.000000  0.000000  0.000000  0.000000  0.000000  0.000000  0.000000  0.000000  0.000000  0.000000  0.000000  0.000000  0.000000  
0.000000  0.000000  0.000000  0.000000  0.000000  0.000000  0.000000  0.000000  0.000000  0.000000  0.000000  0.000000  0.000000  0.000000  0.000000  0.000000  0.000000  0.000000  0.000000  0.000000  0.000000  0.000000  0.000000  0.000000  0.000000  0.000000  0.000000  0.000000  0.000000  0.000000  0.000000  0.000000  0.000000  0.000000  0.000000  0.000000  0.000000  0.000000  0.000000  0.000000  0.000000  0.000000  0.000000  0.000000  0.000000  0.000000  0.000000  0.000000  0.000000  0.000000  
0.000458  0.031548  0.031548  0.001758  0.031548  0.001682  0.031548  0.000344  0.000377  0.001070  0.004462  0.001319  0.000165  0.000724  0.000375  0.003022  0.000263  0.000129  0.000954  0.000770  0.000602  0.000297  0.001181  0.004602  0.000465  0.000297  0.001051  0.000658  0.000343  0.004507  0.002157  0.000487  0.031548  0.031548  0.031548  0.002427  0.031548  0.001402  0.012879  0.018214  0.031548  0.031548  0.031548  0.006310  0.000827  0.001474  0.031548  0.031548  0.031548  0.031548  