1.000000  0.040201  0.000000  0.296482  0.150754  0.000000  0.135678  0.110553  1.306533  0.010050  0.115578  0.000000  0.005025  0.005025  0.005025  0.000000  0.678392  3.929648  0.105528  0.000000  0.035176  0.010050  0.010050  0.005025  0.020101  0.000000  0.040201  0.135678  0.567839  0.000000  0.251256  0.035176  0.050251  0.005025  0.216080  0.000000  0.000000  0.000000  0.000000  0.608040  0.000000  0.000000  0.000000  0.000000  
600.000000  0.000000  130.000000  70.000000  1500.000000  0.000000  740.000000  130.000000  180.000000  260.000000  380.000000  0.000000  260.000000  30.000000  0.000000  0.000000  0.000000  0.000000  0.000000  0.000000  10.000000  160.000000  50.000000  70.000000  130.000000  0.000000  100.000000  0.000000  210.000000  0.000000  60.000000  20.000000  0.000000  50.000000  590.000000  0.000000  0.000000  0.000000  0.000000  250.000000  0.000000  0.000000  0.000000  0.000000  
0.000000  701.000000  1.000000  11.000000  20.000000  0.000000  0.000000  5.000000  8.000000  0.000000  6.000000  0.000000  0.000000  0.000000  0.000000  0.000000  0.000000  0.000000  0.000000  0.000000  0.000000  0.000000  0.000000  2.000000  0.000000  0.000000  1.000000  1.000000  10.000000  0.000000  68.000000  26.000000  4.000000  1.000000  2.000000  0.000000  0.000000  0.000000  0.000000  0.000000  0.000000  0.000000  0.000000  0.000000  
0.000000  0.000000  0.044199  1.000000  0.017956  0.000000  0.000000  0.000000  0.020718  0.013812  0.000000  0.000000  0.000000  0.000000  0.001381  0.000000  0.000000  0.000000  0.000000  0.000000  0.000000  0.000000  0.000000  0.004144  0.009669  0.000000  0.001381  0.000000  0.002762  0.000000  0.067680  0.002762  0.000000  0.004144  0.004144  0.000000  0.000000  0.000000  0.000000  0.002762  0.000000  0.000000  0.000000  0.000000  
0.000000  3.009709  1.902913  0.466019  1.000000  0.000000  1.233010  0.087379  0.145631  0.339806  0.087379  0.000000  0.097087  0.000000  0.000000  0.000000  0.000000  0.000000  0.000000  0.000000  0.000000  0.000000  0.009709  0.145631  0.000000  0.000000  0.097087  0.019417  0.106796  0.000000  0.407767  0.155340  0.000000  0.097087  0.145631  0.000000  0.000000  0.000000  0.000000  0.038835  0.000000  0.000000  0.000000  0.000000  
0.000000  0.000000  0.000000  0.000000  0.000000  0.000000  0.000000  0.000000  0.000000  0.000000  0.000000  0.000000  0.000000  0.000000  0.000000  0.000000  0.000000  0.000000  0.000000  0.000000  0.000000  0.000000  0.000000  0.000000  0.000000  0.000000  0.000000  0.000000  0.000000  0.000000  0.000000  0.000000  0.000000  0.000000  0.000000  0.000000  0.000000  0.000000  0.000000  0.000000  0.000000  0.000000  0.000000  0.000000  
0.000000  0.008483  0.282435  0.022455  0.152695  0.000000  1.000000  0.033932  0.022455  0.052395  0.053393  0.000000  0.009481  0.000499  0.000499  0.000000  0.000000  0.000499  0.001996  0.000000  0.001996  0.000499  0.003493  0.015469  0.004491  0.000000  0.006487  0.220559  0.085828  0.000000  0.062375  0.018962  0.013972  0.008483  0.009980  0.000000  0.000000  0.000000  0.000000  0.013972  0.000000  0.000000  0.000000  0.000000  
0.002481  0.090571  0.028536  0.075682  0.115385  0.000000  0.028536  1.000000  0.069479  0.034739  0.045906  0.000000  0.012407  0.000000  0.001241  0.000000  0.000000  0.000000  0.002481  0.000000  0.001241  0.001241  0.029777  0.040943  0.009926  0.000000  0.007444  0.017370  0.062035  0.000000  0.060794  0.037221  0.006203  0.013648  0.024814  0.000000  0.000000  0.000000  0.000000  0.011166  0.000000  0.000000  0.000000  0.000000  
0.021951  0.058537  0.053659  0.100000  0.363415  0.000000  0.168293  0.319512  1.000000  0.165854  0.043902  0.000000  0.029268  0.000000  0.000000  0.043902  0.000000  0.126829  0.007317  0.000000  0.041463  0.000000  0.029268  0.239024  0.104878  0.000000  0.046341  0.014634  0.075610  0.000000  0.060976  0.039024  0.034146  0.051220  0.034146  0.000000  0.000000  0.000000  0.000000  0.092683  0.000000  0.000000  0.000000  0.000000  
0.026316  0.039474  0.171053  0.236842  0.421053  0.000000  7.592105  0.500000  0.328947  1.000000  0.394737  0.026316  0.236842  0.118421  0.065789  0.000000  0.000000  0.000000  0.013158  0.000000  0.171053  0.000000  0.210526  0.328947  0.065789  0.000000  0.078947  0.539474  0.657895  0.000000  0.302632  0.026316  0.000000  0.197368  0.236842  0.000000  0.000000  0.000000  0.000000  0.250000  0.000000  0.000000  0.000000  0.000000  
0.000000  0.056604  0.075472  0.245283  0.396226  0.000000  3.358490  0.339623  0.415094  3.981132  1.000000  0.113208  1.320755  0.547170  0.207547  0.000000  0.000000  0.000000  0.018868  0.000000  0.094340  0.000000  0.301887  0.603774  0.396226  0.000000  0.075472  0.226415  1.113208  0.000000  0.377358  0.056604  0.000000  0.339623  0.377358  0.000000  0.000000  0.000000  0.000000  0.433962  0.000000  0.000000  0.000000  0.000000  
0.000000  0.000000  0.000000  0.000000  0.111111  0.000000  0.777778  0.111111  0.000000  0.222222  0.222222  1.000000  0.111111  0.111111  0.000000  0.000000  0.000000  0.000000  0.000000  0.000000  0.000000  0.000000  0.000000  0.222222  0.000000  0.000000  0.000000  0.000000  0.222222  0.000000  0.000000  0.000000  0.000000  0.111111  0.111111  0.000000  0.000000  0.000000  0.000000  0.000000  0.000000  0.000000  0.000000  0.000000  
0.000000  0.027149  0.009050  0.081448  0.185520  0.000000  1.760181  0.054299  0.348416  0.330317  0.126697  0.036199  1.000000  0.072398  0.036199  0.000000  0.000000  0.000000  0.009050  0.000000  0.054299  0.000000  0.113122  0.230769  0.054299  0.000000  0.009050  0.000000  0.307692  0.000000  0.072398  0.018100  0.000000  0.149321  0.113122  0.000000  0.000000  0.000000  0.000000  0.108597  0.000000  0.000000  0.000000  0.000000  
0.000000  0.001376  0.000000  0.008253  0.008253  0.000000  0.030261  0.016506  0.015131  0.012380  0.057772  0.000000  0.008253  1.000000  0.000000  0.000000  0.000000  0.000000  0.001376  0.000000  0.004127  0.006878  0.001376  0.011004  0.079780  0.000000  0.002751  0.000000  0.053645  0.000000  0.013755  0.002751  0.000000  0.006878  0.009629  0.000000  0.000000  0.000000  0.000000  0.013755  0.000000  0.000000  0.000000  0.000000  
0.000000  0.088889  0.022222  0.133333  0.255556  0.000000  2.433333  0.288889  0.333333  1.633333  1.544444  0.000000  0.788889  0.133333  1.000000  0.000000  0.000000  0.000000  0.000000  0.000000  0.022222  0.088889  0.188889  0.211111  1.355556  0.000000  0.044444  0.000000  0.466667  0.000000  0.088889  0.022222  0.000000  0.122222  0.255556  0.000000  0.000000  0.000000  0.000000  0.133333  0.000000  0.000000  0.000000  0.000000  
15.029126  0.009709  0.000000  0.194175  0.223301  0.000000  0.000000  0.048544  0.048544  0.106796  0.048544  0.000000  0.000000  0.000000  0.000000  1.000000  0.009709  0.194175  0.019417  0.000000  0.009709  0.000000  0.000000  0.184466  0.000000  0.000000  0.058252  0.135922  1.097087  0.000000  0.165049  0.000000  0.000000  0.097087  0.097087  0.000000  0.000000  0.000000  0.000000  0.087379  0.000000  0.000000  0.000000  0.000000  
9880.000000  0.000000  0.000000  130.000000  50.000000  0.000000  10.000000  30.000000  10.000000  210.000000  60.000000  0.000000  0.000000  0.000000  0.000000  0.000000  0.000000  30.000000  0.000000  0.000000  0.000000  0.000000  20.000000  80.000000  0.000000  0.000000  20.000000  30.000000  80.000000  0.000000  230.000000  0.000000  0.000000  20.000000  50.000000  0.000000  0.000000  0.000000  0.000000  60.000000  0.000000  0.000000  0.000000  0.000000  
2.040000  0.018571  0.001429  0.044286  0.057143  0.000000  0.017143  0.015714  0.077143  0.031429  0.014286  0.000000  0.001429  0.000000  0.000000  0.030000  0.100000  1.000000  0.024286  0.000000  0.005714  0.004286  0.005714  0.150000  0.000000  0.000000  0.012857  0.002857  0.165714  0.000000  0.035714  0.011429  0.022857  0.020000  0.047143  0.000000  0.000000  0.000000  0.000000  0.038571  0.000000  0.000000  0.000000  0.000000  
22.799999  0.600000  0.200000  4.200000  3.800000  0.000000  0.200000  3.200000  1.400000  7.200000  1.400000  0.000000  0.000000  0.000000  0.000000  0.000000  0.000000  16.600000  1.000000  0.000000  0.000000  0.000000  2.400000  2.000000  0.200000  0.000000  1.400000  1.400000  6.200000  0.000000  2.800000  0.000000  0.200000  1.600000  4.400000  0.000000  0.000000  0.000000  0.000000  7.800000  0.000000  0.000000  0.000000  0.000000  
1190.000000  0.000000  0.000000  10.000000  10.000000  0.000000  20.000000  0.000000  70.000000  10.000000  10.000000  0.000000  0.000000  0.000000  0.000000  0.000000  0.000000  0.000000  0.000000  0.000000  0.000000  0.000000  10.000000  220.000000  0.000000  0.000000  10.000000  0.000000  10.000000  0.000000  10.000000  0.000000  0.000000  20.000000  30.000000  0.000000  0.000000  0.000000  0.000000  30.000000  0.000000  0.000000  0.000000  0.000000  
0.563718  0.006747  0.000000  0.029235  0.058471  0.000000  0.000000  0.002249  0.173913  0.013493  0.011994  0.000000  0.002249  0.000000  0.000000  0.000000  0.000000  0.003748  0.000000  0.000000  1.000000  0.028486  0.002999  0.039730  0.008996  0.000000  0.014243  0.021739  0.134183  0.000000  0.026237  0.008996  0.001499  0.017991  0.032234  0.000000  0.000000  0.000000  0.000000  0.024738  0.000000  0.000000  0.000000  0.000000  
0.132867  0.000000  0.000000  0.020979  0.034965  0.000000  0.000000  0.034965  0.125874  0.048951  0.013986  0.000000  0.006993  0.000000  0.000000  0.412587  0.000000  0.006993  0.000000  0.000000  0.111888  1.000000  0.000000  0.062937  0.111888  0.000000  0.006993  0.020979  0.132867  0.000000  0.020979  0.000000  0.000000  0.027972  0.020979  0.000000  0.000000  0.000000  0.000000  0.006993  0.000000  0.000000  0.000000  0.000000  
2.323529  0.058824  0.000000  0.132353  0.323529  0.000000  0.014706  0.279412  0.823529  0.500000  0.132353  0.000000  0.117647  0.000000  0.000000  0.000000  0.000000  0.000000  0.000000  0.000000  0.411765  0.044118  1.000000  0.205882  0.000000  0.000000  0.044118  0.044118  1.161765  0.000000  0.367647  0.014706  0.058824  0.102941  0.264706  0.000000  0.000000  0.000000  0.000000  0.264706  0.000000  0.000000  0.000000  0.000000  
0.084158  0.009901  0.002475  0.042079  0.094059  0.000000  0.007426  0.017327  0.170792  0.042079  0.086634  0.000000  0.009901  0.000000  0.000000  0.000000  0.000000  0.000000  0.000000  0.000000  0.012376  0.004950  0.004950  1.000000  0.002475  0.000000  0.009901  0.066832  0.061881  0.000000  0.032178  0.007426  0.004950  0.029703  0.037129  0.000000  0.000000  0.000000  0.000000  0.019802  0.000000  0.000000  0.000000  0.000000  
42.000000  3.000000  3.000000  2.000000  6.000000  0.000000  1.000000  4.000000  77.000000  8.000000  2.000000  0.000000  2.000000  0.000000  0.000000  0.000000  0.000000  0.000000  0.000000  0.000000  28.000000  0.000000  0.000000  9.000000  1.000000  0.000000  3.000000  0.000000  8.000000  0.000000  4.000000  0.000000  0.000000  4.000000  4.000000  0.000000  0.000000  0.000000  0.000000  3.000000  0.000000  0.000000  0.000000  0.000000  
230.000000  0.000000  0.000000  0.000000  10.000000  0.000000  290.000000  60.000000  220.000000  10.000000  0.000000  0.000000  0.000000  0.000000  0.000000  0.000000  0.000000  0.000000  0.000000  0.000000  10.000000  30.000000  40.000000  20.000000  0.000000  0.000000  0.000000  0.000000  40.000000  0.000000  10.000000  0.000000  0.000000  10.000000  20.000000  0.000000  0.000000  0.000000  0.000000  0.000000  0.000000  0.000000  0.000000  0.000000  
0.000000  10.000000  80.000000  350.000000  190.000000  0.000000  4920.000000  9300.000000  815.000000  3770.000000  1555.000000  0.000000  760.000000  0.000000  0.000000  0.000000  0.000000  0.000000  0.000000  0.000000  0.000000  0.000000  4810.000000  460.000000  30.000000  0.000000  0.000000  260.000000  1900.000000  0.000000  1680.000000  250.000000  0.000000  110.000000  630.000000  0.000000  0.000000  0.000000  0.000000  1150.000000  0.000000  0.000000  0.000000  0.000000  
0.024390  0.000000  0.000000  1.000000  0.097561  0.000000  5.292683  0.024390  0.024390  0.341463  0.902439  0.000000  0.414634  2.024390  0.048780  0.000000  0.000000  0.000000  0.000000  0.000000  0.658537  0.000000  0.000000  0.000000  1.926829  0.000000  0.000000  1.000000  0.219512  0.000000  0.121951  0.000000  0.000000  0.000000  0.243902  0.000000  0.000000  0.000000  0.000000  0.000000  0.000000  0.000000  0.000000  0.000000  
100.000000  130.000000  110.000000  2600.000000  670.000000  0.000000  0.000000  60.000000  240.000000  0.000000  0.000000  0.000000  0.000000  0.000000  0.000000  0.000000  0.000000  0.000000  30.000000  30.000000  10.000000  0.000000  20.000000  3660.000000  190.000000  10.000000  470.000000  2020.000000  0.000000  0.000000  160.000000  260.000000  10.000000  1010.000000  1130.000000  0.000000  0.000000  0.000000  0.000000  460.000000  0.000000  0.000000  0.000000  0.000000  
0.000000  0.000000  0.000000  0.000000  0.000000  0.000000  0.000000  0.000000  0.000000  0.000000  0.000000  0.000000  0.000000  0.000000  0.000000  0.000000  0.000000  0.000000  0.000000  0.000000  0.000000  0.000000  0.000000  0.000000  0.000000  0.000000  0.000000  0.000000  0.000000  0.000000  0.000000  0.000000  0.000000  0.000000  0.000000  0.000000  0.000000  0.000000  0.000000  0.000000  0.000000  0.000000  0.000000  0.000000  
0.000000  4.785714  0.071429  12.428572  4.571429  0.000000  0.357143  0.214286  0.071429  0.928571  1.285714  0.000000  3.000000  2.428571  5.357143  0.000000  0.000000  0.000000  0.000000  0.000000  0.000000  0.285714  0.928571  0.571429  2.428571  0.000000  0.214286  4.500000  0.500000  0.000000  1.000000  0.000000  0.000000  0.357143  3.428571  0.000000  0.000000  0.000000  0.000000  0.428571  0.000000  0.000000  0.000000  0.000000  
0.000000  90.000000  0.000000  1100.000000  40.000000  0.000000  0.000000  0.000000  480.000000  100.000000  80.000000  0.000000  120.000000  0.000000  890.000000  0.000000  0.000000  0.000000  0.000000  0.000000  0.000000  30.000000  0.000000  120.000000  80.000000  0.000000  40.000000  0.000000  10.000000  0.000000  0.000000  0.000000  770.000000  130.000000  550.000000  0.000000  0.000000  0.000000  0.000000  160.000000  0.000000  0.000000  0.000000  0.000000  
0.000000  10.000000  0.000000  20.000000  150.000000  0.000000  0.000000  10.000000  20.000000  0.000000  40.000000  0.000000  0.000000  0.000000  0.000000  0.000000  0.000000  0.000000  0.000000  0.000000  0.000000  10.000000  10.000000  20.000000  20.000000  0.000000  10.000000  0.000000  0.000000  0.000000  0.000000  0.000000  0.000000  20.000000  120.000000  0.000000  0.000000  0.000000  0.000000  30.000000  0.000000  0.000000  0.000000  0.000000  
0.000000  10.000000  0.000000  10.000000  60.000000  0.000000  0.000000  0.000000  10.000000  10.000000  30.000000  0.000000  20.000000  0.000000  0.000000  0.000000  0.000000  0.000000  0.000000  0.000000  10.000000  0.000000  10.000000  100.000000  0.000000  0.000000  40.000000  30.000000  0.000000  0.000000  250.000000  90.000000  0.000000  0.000000  0.000000  0.000000  0.000000  0.000000  0.000000  100.000000  0.000000  0.000000  0.000000  0.000000  
10.000000  40.000000  0.000000  40.000000  60.000000  0.000000  0.000000  0.000000  20.000000  0.000000  0.000000  0.000000  0.000000  0.000000  0.000000  0.000000  0.000000  0.000000  0.000000  10.000000  0.000000  0.000000  0.000000  740.000000  0.000000  0.000000  60.000000  80.000000  20.000000  0.000000  190.000000  50.000000  0.000000  600.000000  0.000000  0.000000  0.000000  0.000000  0.000000  100.000000  0.000000  0.000000  0.000000  0.000000  
0.000000  0.000000  0.000000  0.000000  0.000000  0.000000  0.000000  0.000000  0.000000  0.000000  0.000000  0.000000  0.000000  0.000000  0.000000  0.000000  0.000000  0.000000  0.000000  0.000000  0.000000  0.000000  0.000000  0.000000  0.000000  0.000000  0.000000  0.000000  0.000000  0.000000  0.000000  0.000000  0.000000  0.000000  0.000000  0.000000  0.000000  0.000000  0.000000  0.000000  0.000000  0.000000  0.000000  0.000000  
0.000000  0.000000  0.000000  0.000000  0.000000  0.000000  0.000000  310.000000  340.000000  50.000000  10.000000  0.000000  20.000000  0.000000  0.000000  0.000000  0.000000  0.000000  0.000000  0.000000  0.000000  0.000000  120.000000  160.000000  0.000000  0.000000  2360.000000  0.000000  510.000000  0.000000  80.000000  0.000000  0.000000  0.000000  0.000000  0.000000  0.000000  0.000000  0.000000  150.000000  0.000000  0.000000  0.000000  0.000000  
0.000000  0.000000  0.000000  0.000000  0.000000  0.000000  0.000000  0.000000  0.000000  0.000000  0.000000  0.000000  0.000000  0.000000  0.000000  0.000000  0.000000  0.000000  0.000000  0.000000  0.000000  0.000000  0.000000  0.000000  0.000000  0.000000  0.000000  0.000000  0.000000  0.000000  0.000000  0.000000  0.000000  0.000000  0.000000  0.000000  0.000000  0.000000  0.000000  0.000000  0.000000  0.000000  0.000000  0.000000  
0.000000  0.000000  0.000000  0.000000  0.000000  0.000000  0.000000  0.000000  0.000000  0.000000  0.000000  0.000000  0.000000  0.000000  0.000000  0.000000  0.000000  0.000000  0.000000  0.000000  0.000000  0.000000  0.000000  0.000000  0.000000  0.000000  0.000000  0.000000  0.000000  0.000000  0.000000  0.000000  0.000000  0.000000  0.000000  0.000000  0.000000  0.000000  0.000000  0.000000  0.000000  0.000000  0.000000  0.000000  
0.000000  0.159091  0.106061  0.484848  0.568182  0.000000  0.030303  0.045455  0.803030  0.000000  0.000000  0.000000  0.000000  0.000000  0.000000  0.000000  0.000000  0.030303  0.007576  0.015152  0.037879  0.000000  0.250000  0.507576  0.356061  0.015152  0.257576  0.106061  0.121212  0.000000  0.280303  0.022727  0.000000  0.484848  0.553030  0.000000  0.000000  0.000000  0.000000  1.000000  0.000000  0.000000  0.000000  0.000000  
170.000000  430.000000  70.000000  1630.000000  960.000000  0.000000  60.000000  190.000000  530.000000  280.000000  1070.000000  60.000000  350.000000  20.000000  1500.000000  110.000000  30.000000  100.000000  30.000000  0.000000  210.000000  30.000000  190.000000  940.000000  50.000000  130.000000  3230.000000  70.000000  790.000000  0.000000  690.000000  130.000000  10.000000  340.000000  400.000000  0.000000  0.000000  0.000000  0.000000  1830.000000  0.000000  0.000000  0.000000  0.000000  
0.000000  0.000000  0.000000  0.000000  0.000000  0.000000  0.000000  0.000000  0.000000  0.000000  0.000000  0.000000  0.000000  0.000000  0.000000  0.000000  0.000000  0.000000  0.000000  0.000000  0.000000  0.000000  0.000000  0.000000  0.000000  0.000000  0.000000  0.000000  0.000000  0.000000  0.000000  0.000000  0.000000  0.000000  0.000000  0.000000  0.000000  0.000000  0.000000  0.000000  0.000000  0.000000  0.000000  0.000000  
0.000000  0.000000  0.000000  0.000000  0.000000  0.000000  0.000000  0.000000  0.000000  0.000000  0.000000  0.000000  0.000000  0.000000  0.000000  0.000000  0.000000  0.000000  0.000000  0.000000  0.000000  0.000000  0.000000  0.000000  0.000000  0.000000  0.000000  0.000000  0.000000  0.000000  0.000000  0.000000  0.000000  0.000000  0.000000  0.000000  0.000000  0.000000  0.000000  0.000000  0.000000  0.000000  0.000000  0.000000  
0.000000  0.000000  0.000000  0.000000  0.000000  0.000000  0.000000  0.000000  0.000000  0.000000  0.000000  0.000000  0.000000  0.000000  0.000000  0.000000  0.000000  0.000000  0.000000  0.000000  0.000000  0.000000  0.000000  0.000000  0.000000  0.000000  0.000000  0.000000  0.000000  0.000000  0.000000  0.000000  0.000000  0.000000  0.000000  0.000000  0.000000  0.000000  0.000000  0.000000  0.000000  0.000000  0.000000  0.000000  
0.000707  0.031548  0.009976  0.000371  0.000983  0.031548  0.000223  0.000351  0.000493  0.001144  0.001370  0.003325  0.000949  0.000370  0.001487  0.000983  0.031548  0.000377  0.004462  0.031548  0.000273  0.000834  0.001210  0.000496  0.009976  0.031548  0.031548  0.001558  0.031548  0.031548  0.002666  0.031548  0.031548  0.031548  0.031548  0.031548  0.031548  0.031548  0.031548  0.000868  0.031548  0.031548  0.031548  0.031548  