1.000000  0.413333  0.088889  0.000000  0.000000  11.168889  0.040000  0.146667  0.000000  0.355556  0.035556  0.342222  0.102222  5.395555  0.946667  0.964444  0.000000  0.000000  5.955555  0.102222  0.413333  0.004444  0.657778  1.226667  0.044444  1.311111  3.191111  0.120000  1.613333  0.315556  0.000000  0.248889  0.000000  0.000000  0.000000  0.000000  0.000000  0.000000  0.000000  0.000000  0.000000  0.000000  0.000000  0.000000  
10.000000  1.000000  4.037037  0.000000  0.000000  0.000000  0.000000  0.481481  0.259259  1.370370  0.074074  1.777778  0.444444  8.814815  2.555556  9.555555  0.037037  0.555556  12.888889  2.037037  1.148148  0.000000  7.185185  20.629629  4.148148  4.185185  6.037037  1.370370  4.407407  1.629630  0.000000  2.037037  0.000000  0.000000  0.000000  0.000000  0.000000  0.000000  0.000000  0.000000  0.000000  0.000000  0.000000  0.000000  
0.000000  2847.000000  0.000000  0.000000  0.000000  0.000000  0.000000  3.000000  0.000000  0.000000  5.000000  19.000000  7.000000  58.000000  47.000000  62.000000  4.000000  6.000000  68.000000  16.000000  13.000000  0.000000  7.000000  24.000000  5.000000  128.000000  82.000000  19.000000  33.000000  15.000000  0.000000  20.000000  0.000000  0.000000  0.000000  0.000000  0.000000  0.000000  0.000000  0.000000  0.000000  0.000000  0.000000  0.000000  
4.000000  6.000000  15.000000  0.000000  0.000000  0.000000  0.000000  0.000000  0.000000  0.000000  0.000000  3.000000  1.000000  9.000000  11.000000  6.000000  0.000000  0.000000  4.000000  1.000000  1.000000  0.000000  1.000000  25.000000  0.000000  12.000000  2.000000  2.000000  3.000000  1.000000  0.000000  4.000000  0.000000  0.000000  0.000000  0.000000  0.000000  0.000000  0.000000  0.000000  0.000000  0.000000  0.000000  0.000000  
0.000000  0.000000  1.000000  0.000000  0.000000  0.000000  0.000000  0.000000  0.000000  0.000000  2.000000  2.000000  0.000000  12.000000  2.000000  39.000000  0.000000  0.000000  36.000000  2.000000  5.000000  0.000000  1.000000  8.000000  0.000000  13.000000  10.000000  10.000000  13.000000  6.000000  0.000000  14.000000  0.000000  0.000000  0.000000  0.000000  0.000000  0.000000  0.000000  0.000000  0.000000  0.000000  0.000000  0.000000  
0.000000  74.000000  1.000000  0.000000  2642.000000  0.000000  0.000000  6.000000  0.000000  11.000000  6.000000  57.000000  16.000000  630.000000  0.000000  70.000000  0.000000  0.000000  27.000000  14.000000  24.000000  0.000000  17.000000  138.000000  78.000000  279.000000  584.000000  25.000000  40.000000  27.000000  0.000000  27.000000  0.000000  0.000000  0.000000  0.000000  0.000000  0.000000  0.000000  0.000000  0.000000  0.000000  0.000000  0.000000  
10.000000  468.000000  187.000000  0.000000  0.000000  0.000000  0.000000  7.000000  0.000000  122.000000  354.000000  69.000000  23.000000  259.000000  84.000000  109.000000  18.000000  1.000000  55.000000  22.000000  38.000000  0.000000  20.000000  365.000000  93.000000  384.000000  440.000000  48.000000  91.000000  64.000000  0.000000  60.000000  0.000000  0.000000  0.000000  0.000000  0.000000  0.000000  0.000000  0.000000  0.000000  0.000000  0.000000  0.000000  
699.250000  4.500000  0.562500  0.000000  0.000000  17.500000  1.312500  1.000000  0.000000  5.062500  7.625000  4.250000  1.187500  10.562500  3.125000  12.687500  0.125000  0.000000  3.437500  1.312500  2.125000  0.000000  1.375000  5.812500  2.000000  16.750000  83.375000  6.062500  3.812500  0.812500  0.000000  1.937500  0.000000  0.000000  0.000000  0.000000  0.000000  0.000000  0.000000  0.000000  0.000000  0.000000  0.000000  0.000000  
6831.000000  145.000000  19.000000  0.000000  0.000000  278.000000  218.000000  88.000000  0.000000  48.000000  395.000000  38.000000  21.000000  282.000000  18.000000  192.000000  0.000000  0.000000  32.000000  21.000000  41.000000  5.000000  23.000000  125.000000  43.000000  367.000000  1275.000000  105.000000  109.000000  66.000000  0.000000  75.000000  0.000000  0.000000  0.000000  0.000000  0.000000  0.000000  0.000000  0.000000  0.000000  0.000000  0.000000  0.000000  
4.419355  0.822581  0.112903  0.000000  0.000000  13.258064  0.096774  0.080645  0.000000  1.000000  0.467742  0.774194  0.193548  4.080645  0.000000  1.145161  0.000000  0.000000  0.661290  0.161290  0.419355  0.000000  0.225806  0.758065  0.306452  2.096774  10.080646  0.790323  1.516129  1.112903  0.000000  1.096774  0.000000  0.000000  0.000000  0.000000  0.000000  0.000000  0.000000  0.000000  0.000000  0.000000  0.000000  0.000000  
4.250000  0.006579  0.006579  0.000000  0.000000  0.039474  0.000000  0.013158  0.000000  0.269737  1.000000  0.375000  0.032895  0.118421  0.000000  0.480263  0.000000  0.000000  0.315789  0.032895  0.105263  0.000000  0.032895  0.039474  0.013158  0.335526  0.901316  0.078947  0.506579  0.388158  0.000000  0.203947  0.000000  0.000000  0.000000  0.000000  0.000000  0.000000  0.000000  0.000000  0.000000  0.000000  0.000000  0.000000  
19.281691  1.802817  0.126761  0.000000  0.000000  0.000000  0.000000  0.197183  1.239437  2.985915  2.859155  1.000000  0.197183  20.098591  0.000000  1.591549  0.507042  0.000000  1.000000  0.126761  0.464789  0.014085  0.197183  2.521127  0.267606  1.323944  13.985915  1.464789  1.802817  0.577465  0.000000  0.478873  0.000000  0.000000  0.000000  0.000000  0.000000  0.000000  0.000000  0.000000  0.000000  0.000000  0.000000  0.000000  
0.000000  0.666667  0.666667  0.000000  0.000000  0.000000  0.000000  3.500000  19.500000  6.000000  5.500000  4.500000  1.000000  12.000000  0.000000  24.500000  0.166667  0.000000  2.833333  1.000000  2.500000  18.166666  1.166667  2.333333  0.500000  4.833333  93.500000  4.666667  10.666667  3.333333  0.000000  3.333333  0.000000  0.000000  0.000000  0.000000  0.000000  0.000000  0.000000  0.000000  0.000000  0.000000  0.000000  0.000000  
6.416667  0.416667  0.041667  0.000000  0.000000  0.000000  0.000000  0.041667  4.145833  1.520833  1.687500  0.125000  0.291667  1.000000  0.000000  2.437500  0.166667  0.000000  0.083333  0.104167  0.187500  0.020833  0.020833  0.541667  0.062500  0.312500  5.000000  0.500000  0.708333  0.083333  0.000000  0.062500  0.000000  0.000000  0.000000  0.000000  0.000000  0.000000  0.000000  0.000000  0.000000  0.000000  0.000000  0.000000  
1358.000000  31.000000  5.000000  0.000000  0.000000  0.000000  0.000000  16.000000  14.000000  682.000000  112.000000  43.000000  14.000000  275.000000  0.000000  363.000000  4.000000  0.000000  36.000000  65.000000  31.000000  4.000000  12.000000  89.000000  10.000000  147.000000  727.000000  75.000000  64.000000  18.000000  0.000000  27.000000  0.000000  0.000000  0.000000  0.000000  0.000000  0.000000  0.000000  0.000000  0.000000  0.000000  0.000000  0.000000  
8.095238  2.928571  0.071429  0.000000  0.000000  0.000000  0.000000  0.333333  0.952381  1.666667  21.047619  0.571429  0.404762  4.904762  0.000000  1.000000  0.095238  0.000000  0.642857  0.142857  0.380952  0.000000  0.166667  4.309524  0.119048  2.452381  9.095238  0.880952  0.761905  0.309524  0.000000  0.380952  0.000000  0.000000  0.000000  0.000000  0.000000  0.000000  0.000000  0.000000  0.000000  0.000000  0.000000  0.000000  
0.000000  0.028571  0.071429  0.000000  0.000000  0.000000  0.000000  0.100000  0.185714  0.485714  26.457144  0.028571  0.371429  3.642857  0.000000  1.142857  1.000000  0.000000  1.428571  0.242857  0.371429  0.014286  0.228571  0.742857  0.157143  1.042857  3.871428  1.385714  0.771429  0.657143  0.000000  0.757143  0.000000  0.000000  0.000000  0.000000  0.000000  0.000000  0.000000  0.000000  0.000000  0.000000  0.000000  0.000000  
406.000000  16.000000  1.000000  0.000000  0.000000  0.000000  0.000000  1.000000  0.000000  22.000000  36.000000  9.000000  28.000000  296.000000  0.000000  7.000000  5.000000  0.000000  8.000000  1.000000  19.000000  1.000000  3.000000  34.000000  5.000000  24.000000  113.000000  23.000000  18.000000  10.000000  0.000000  8.000000  0.000000  0.000000  0.000000  0.000000  0.000000  0.000000  0.000000  0.000000  0.000000  0.000000  0.000000  0.000000  
1.136126  2.350785  0.926702  0.958115  0.000000  0.408377  0.026178  0.214660  0.020942  0.418848  2.214660  1.073298  0.439791  6.403141  0.000000  2.340314  1.743456  0.000000  1.000000  0.235602  0.523560  0.162304  0.340314  5.717278  1.073298  3.314136  5.701571  1.130890  1.277487  1.371728  0.000000  1.162304  0.000000  0.000000  0.000000  0.000000  0.000000  0.000000  0.000000  0.000000  0.000000  0.000000  0.000000  0.000000  
0.000000  3.967742  49.322582  45.064518  0.000000  0.000000  0.000000  0.258065  0.032258  1.000000  0.322581  2.096774  0.612903  8.225806  10.483871  5.903226  3.612903  1.935484  6.451613  1.000000  4.483871  11.322580  0.612903  15.677420  11.322580  28.612904  18.935484  3.677419  3.516129  0.774194  0.000000  1.129032  0.000000  0.000000  0.000000  0.000000  0.000000  0.000000  0.000000  0.000000  0.000000  0.000000  0.000000  0.000000  
0.000000  2.123077  1.738461  0.000000  0.000000  0.000000  0.000000  0.169231  0.338462  2.369231  1.523077  1.353846  0.353846  6.876923  88.646156  3.061538  14.646153  3.692308  2.553846  1.030769  1.000000  0.123077  0.476923  3.430769  2.969231  9.953846  18.753845  1.461538  2.000000  1.676923  0.000000  1.461538  0.000000  0.000000  0.000000  0.000000  0.000000  0.000000  0.000000  0.000000  0.000000  0.000000  0.000000  0.000000  
0.000000  0.370000  0.190000  2.370000  0.000000  0.000000  0.000000  0.020000  0.010000  0.150000  0.130000  0.210000  0.060000  1.490000  0.090000  0.940000  4.210000  0.190000  0.810000  2.340000  0.770000  1.000000  0.070000  2.910000  0.250000  1.300000  1.510000  0.420000  0.320000  0.150000  0.000000  0.140000  0.000000  0.000000  0.000000  0.000000  0.000000  0.000000  0.000000  0.000000  0.000000  0.000000  0.000000  0.000000  
0.000000  1.428571  16.857143  4.000000  0.000000  0.000000  0.000000  0.285714  0.000000  0.714286  0.142857  3.571429  1.000000  14.142858  49.000000  5.571429  38.285713  0.000000  13.714286  4.000000  9.000000  11.857142  1.000000  10.857142  5.571429  16.000000  18.714285  6.142857  8.000000  4.428571  0.000000  5.142857  0.000000  0.000000  0.000000  0.000000  0.000000  0.000000  0.000000  0.000000  0.000000  0.000000  0.000000  0.000000  
0.000000  0.225000  0.205000  0.000000  0.000000  0.000000  0.000000  0.085000  0.095000  2.120000  0.570000  0.870000  0.550000  3.245000  10.385000  13.560000  4.060000  8.190000  3.400000  4.870000  1.575000  0.755000  0.270000  1.000000  0.370000  2.145000  8.080000  0.695000  1.280000  0.765000  0.000000  0.485000  0.000000  0.000000  0.000000  0.000000  0.000000  0.000000  0.000000  0.000000  0.000000  0.000000  0.000000  0.000000  
0.518519  0.740741  0.370370  0.000000  0.000000  0.000000  0.000000  0.333333  0.037037  5.296296  8.148149  3.296296  1.814815  23.481482  23.259260  19.592592  44.444443  11.555555  4.814815  11.851851  2.703704  2.629630  0.962963  4.148148  1.000000  7.407407  30.296297  3.592592  5.259259  3.814815  0.000000  2.925926  0.000000  0.000000  0.000000  0.000000  0.000000  0.000000  0.000000  0.000000  0.000000  0.000000  0.000000  0.000000  
0.000000  0.155738  0.024590  0.000000  0.000000  0.000000  0.000000  0.036885  0.192623  1.032787  0.163934  0.299180  2.897541  2.217213  5.602459  5.934426  1.295082  2.877049  2.602459  3.422131  0.729508  0.676230  0.081967  0.631148  0.180328  1.000000  3.446721  0.401639  0.487705  0.319672  0.000000  0.151639  0.000000  0.000000  0.000000  0.000000  0.000000  0.000000  0.000000  0.000000  0.000000  0.000000  0.000000  0.000000  
0.628906  0.015625  0.019531  0.000000  0.000000  0.000000  0.000000  0.054688  0.062500  0.441406  0.457031  0.140625  0.101562  0.949219  0.042969  0.757812  0.996094  0.531250  0.160156  0.363281  0.105469  0.433594  0.039062  0.140625  0.054688  0.359375  1.000000  0.093750  0.183594  0.183594  0.000000  0.113281  0.000000  0.000000  0.000000  0.000000  0.000000  0.000000  0.000000  0.000000  0.000000  0.000000  0.000000  0.000000  
0.950704  0.147887  0.000000  0.000000  0.000000  0.000000  0.000000  0.105634  0.000000  11.422535  0.577465  0.823944  0.570423  4.802817  3.246479  2.387324  0.619718  1.612676  4.985916  1.809859  0.612676  0.007042  0.133803  1.112676  0.161972  6.845070  8.140845  1.000000  1.345070  0.394366  0.000000  0.598592  0.000000  0.000000  0.000000  0.000000  0.000000  0.000000  0.000000  0.000000  0.000000  0.000000  0.000000  0.000000  
0.000000  9.864078  0.475728  0.000000  0.000000  0.000000  0.000000  0.058252  0.000000  1.262136  0.000000  0.407767  0.106796  2.796117  0.000000  2.000000  0.126214  1.844660  1.058252  3.417476  0.242718  0.000000  0.126214  1.601942  0.834951  1.446602  1.572816  0.533981  1.000000  0.300971  0.000000  0.368932  0.000000  0.000000  0.000000  0.000000  0.000000  0.000000  0.000000  0.000000  0.000000  0.000000  0.000000  0.000000  
0.000000  3.222222  163.888885  0.000000  3.111111  0.000000  0.000000  0.000000  0.000000  0.000000  0.000000  0.888889  0.111111  8.888889  0.000000  0.000000  0.222222  6.111111  8.777778  0.000000  0.555556  0.000000  0.222222  5.000000  0.000000  3.666667  3.777778  2.111111  2.333333  1.000000  0.000000  0.888889  0.000000  0.000000  0.000000  0.000000  0.000000  0.000000  0.000000  0.000000  0.000000  0.000000  0.000000  0.000000  
12.000000  573.000000  13.000000  0.000000  0.000000  0.000000  0.000000  12.000000  0.000000  26.000000  6.000000  87.000000  315.000000  76.000000  164.000000  361.000000  0.000000  0.000000  170.000000  43.000000  1001.000000  0.000000  24.000000  253.000000  0.000000  1103.000000  391.000000  261.000000  431.000000  57.000000  0.000000  154.000000  0.000000  0.000000  0.000000  0.000000  0.000000  0.000000  0.000000  0.000000  0.000000  0.000000  0.000000  0.000000  
0.000000  0.122276  0.059322  0.000000  0.000000  0.000000  0.000000  0.131961  0.000000  0.070218  0.032688  1.064165  0.503632  0.265133  0.000000  0.830508  0.000000  0.000000  0.909201  0.337772  1.188862  0.000000  0.301453  0.251816  0.032688  0.401937  0.014528  1.418886  1.525424  1.260291  0.000000  1.000000  0.000000  0.000000  0.000000  0.000000  0.000000  0.000000  0.000000  0.000000  0.000000  0.000000  0.000000  0.000000  
0.000000  0.000000  0.000000  0.000000  0.000000  0.000000  0.000000  4.000000  0.000000  5.000000  5.000000  63.000000  0.000000  7.000000  0.000000  6.000000  0.000000  0.000000  9.000000  114.000000  16.000000  0.000000  30.000000  4.000000  0.000000  149.000000  5.000000  0.000000  17.000000  44.000000  0.000000  0.000000  0.000000  0.000000  0.000000  0.000000  0.000000  0.000000  0.000000  0.000000  0.000000  0.000000  0.000000  0.000000  
0.000000  13.000000  5.000000  0.000000  0.000000  0.000000  0.000000  15.000000  0.000000  8.000000  2.000000  117.000000  32.000000  30.000000  0.000000  92.000000  0.000000  0.000000  101.000000  35.000000  65.000000  0.000000  34.000000  28.000000  0.000000  39.000000  112.000000  185.000000  334.000000  132.000000  0.000000  145.000000  0.000000  0.000000  0.000000  0.000000  0.000000  0.000000  0.000000  0.000000  0.000000  0.000000  0.000000  0.000000  
32.000000  92.000000  25.000000  0.000000  0.000000  31.000000  0.000000  79.000000  2.000000  46.000000  33.000000  573.000000  116.000000  626.000000  0.000000  295.000000  23.000000  0.000000  384.000000  107.000000  184.000000  93.000000  458.000000  146.000000  116.000000  321.000000  592.000000  494.000000  539.000000  45.000000  233.000000  389.000000  0.000000  0.000000  0.000000  0.000000  0.000000  0.000000  0.000000  0.000000  0.000000  0.000000  0.000000  0.000000  
0.000000  3.000000  1.000000  0.000000  0.000000  0.000000  0.000000  4.000000  0.000000  3.000000  1.000000  36.000000  11.000000  10.000000  0.000000  40.000000  0.000000  0.000000  35.000000  10.000000  33.000000  0.000000  1516.000000  53.000000  303.000000  85.000000  27.000000  0.000000  1086.000000  763.000000  0.000000  289.000000  0.000000  0.000000  0.000000  0.000000  0.000000  0.000000  0.000000  0.000000  0.000000  0.000000  0.000000  0.000000  
212.000000  67.000000  24.000000  0.000000  0.000000  164.000000  3.000000  315.000000  74.000000  114.000000  110.000000  553.000000  18.000000  413.000000  0.000000  445.000000  17.000000  0.000000  1987.000000  452.000000  856.000000  47.000000  1834.000000  274.000000  50.000000  954.000000  977.000000  169.000000  1060.000000  2312.000000  0.000000  200.000000  0.000000  0.000000  0.000000  0.000000  0.000000  0.000000  0.000000  0.000000  0.000000  0.000000  0.000000  0.000000  
0.000000  0.000000  0.000000  0.000000  0.000000  0.000000  0.000000  0.000000  0.000000  0.000000  0.000000  0.000000  0.000000  0.000000  0.000000  0.000000  0.000000  0.000000  0.000000  0.000000  0.000000  0.000000  0.000000  0.000000  0.000000  0.000000  0.000000  0.000000  0.000000  0.000000  0.000000  0.000000  0.000000  0.000000  0.000000  0.000000  0.000000  0.000000  0.000000  0.000000  0.000000  0.000000  0.000000  0.000000  
0.000000  0.000000  0.000000  0.000000  0.000000  0.000000  0.000000  0.000000  0.000000  0.000000  0.000000  0.000000  0.000000  0.000000  0.000000  0.000000  0.000000  0.000000  0.000000  0.000000  0.000000  0.000000  0.000000  0.000000  0.000000  0.000000  0.000000  0.000000  0.000000  0.000000  0.000000  0.000000  0.000000  0.000000  0.000000  0.000000  0.000000  0.000000  0.000000  0.000000  0.000000  0.000000  0.000000  0.000000  
0.000000  0.000000  0.000000  0.000000  0.000000  0.000000  0.000000  0.000000  0.000000  0.000000  0.000000  0.000000  0.000000  0.000000  0.000000  0.000000  0.000000  0.000000  0.000000  0.000000  0.000000  0.000000  0.000000  0.000000  0.000000  0.000000  0.000000  0.000000  0.000000  0.000000  0.000000  0.000000  0.000000  0.000000  0.000000  0.000000  0.000000  0.000000  0.000000  0.000000  0.000000  0.000000  0.000000  0.000000  
0.000000  0.000000  0.000000  0.000000  0.000000  0.000000  0.000000  0.000000  0.000000  0.000000  0.000000  0.000000  0.000000  0.000000  0.000000  0.000000  0.000000  0.000000  0.000000  0.000000  0.000000  0.000000  0.000000  0.000000  0.000000  0.000000  0.000000  0.000000  0.000000  0.000000  0.000000  0.000000  0.000000  0.000000  0.000000  0.000000  0.000000  0.000000  0.000000  0.000000  0.000000  0.000000  0.000000  0.000000  
0.000000  0.000000  0.000000  0.000000  0.000000  0.000000  0.000000  0.000000  0.000000  0.000000  0.000000  0.000000  0.000000  0.000000  0.000000  0.000000  0.000000  0.000000  0.000000  0.000000  0.000000  0.000000  0.000000  0.000000  0.000000  0.000000  0.000000  0.000000  0.000000  0.000000  0.000000  0.000000  0.000000  0.000000  0.000000  0.000000  0.000000  0.000000  0.000000  0.000000  0.000000  0.000000  0.000000  0.000000  
0.000000  0.000000  0.000000  0.000000  0.000000  0.000000  0.000000  0.000000  0.000000  0.000000  0.000000  0.000000  0.000000  0.000000  0.000000  0.000000  0.000000  0.000000  0.000000  0.000000  0.000000  0.000000  0.000000  0.000000  0.000000  0.000000  0.000000  0.000000  0.000000  0.000000  0.000000  0.000000  0.000000  0.000000  0.000000  0.000000  0.000000  0.000000  0.000000  0.000000  0.000000  0.000000  0.000000  0.000000  
0.000000  0.000000  0.000000  0.000000  0.000000  0.000000  0.000000  0.000000  0.000000  0.000000  0.000000  0.000000  0.000000  0.000000  0.000000  0.000000  0.000000  0.000000  0.000000  0.000000  0.000000  0.000000  0.000000  0.000000  0.000000  0.000000  0.000000  0.000000  0.000000  0.000000  0.000000  0.000000  0.000000  0.000000  0.000000  0.000000  0.000000  0.000000  0.000000  0.000000  0.000000  0.000000  0.000000  0.000000  
0.002103  0.006071  0.031548  0.031548  0.031548  0.031548  0.031548  0.007887  0.031548  0.004007  0.002559  0.003744  0.012879  0.004554  0.031548  0.004868  0.003771  0.031548  0.002283  0.005666  0.003913  0.003155  0.011924  0.002231  0.006071  0.002020  0.001972  0.002647  0.003109  0.010516  0.031548  0.001098  0.031548  0.031548  0.031548  0.031548  0.031548  0.031548  0.031548  0.031548  0.031548  0.031548  0.031548  0.031548  