1.000000  0.009092  0.000000  0.612227  0.772892  0.000000  0.096248  0.115184  2.725948  0.115937  0.000000  0.000000  0.013251  0.000000  0.000000  0.000000  0.097105  2.399666  0.005601  0.000000  0.170676  0.005790  0.072756  0.045313  0.049514  0.004724  0.022594  0.119386  0.578200  0.000000  0.343986  0.021173  0.000272  0.011412  1.280008  0.000000  0.000000  0.000000  0.000000  0.354750  0.000000  0.000000  0.000000  0.000000  
130.000000  1.000000  1.000000  22.000000  200.000000  0.000000  103.000000  0.000000  141.250000  10.000000  0.000000  0.000000  0.000000  0.000000  0.000000  0.000000  0.000000  0.000000  0.000000  0.000000  0.000000  0.000000  0.000000  0.000000  2.500000  0.000000  0.000000  8.250000  18.500000  0.000000  24.250000  4.750000  3.500000  1.750000  475.750000  0.000000  0.000000  0.000000  0.000000  24.750000  0.000000  0.000000  0.000000  0.000000  
1.035971  94.270981  1.000000  7.410072  4.525180  0.000000  0.000000  3.117506  3.510791  0.000000  0.000000  0.000000  0.000000  0.000000  0.000000  0.000000  0.000000  0.000000  0.000000  0.000000  0.000000  0.000000  0.155875  2.824940  0.179856  0.009592  0.314149  1.894484  5.796163  0.000000  9.448442  0.666667  0.000000  0.311751  3.640288  0.000000  0.000000  0.000000  0.000000  0.700240  0.000000  0.000000  0.000000  0.000000  
0.003854  0.000000  0.000017  1.000000  0.016065  0.000000  0.006546  0.008326  0.028728  0.006338  0.000000  0.000000  0.000000  0.000000  0.000000  0.017749  0.000000  0.012676  0.000000  0.000000  0.000208  0.000000  0.000000  0.005727  0.000396  0.000092  0.001929  0.015203  0.009558  0.000000  0.030630  0.003580  0.000099  0.005578  0.052901  0.000000  0.000000  0.000000  0.000000  0.011969  0.000000  0.000000  0.000000  0.000000  
0.000000  1.712487  0.326914  4.608847  1.000000  0.000000  0.000000  0.330112  0.126914  0.000000  0.000000  0.000000  1.387547  0.000000  0.000000  0.000000  0.000000  0.000612  0.000000  0.000000  0.001361  0.000000  0.000000  0.343382  0.414018  0.012930  0.497176  0.068323  0.221504  0.000000  0.549983  0.133038  0.000000  0.544743  2.039401  0.000000  0.000000  0.000000  0.000000  0.812181  0.000000  0.000000  0.000000  0.000000  
0.000000  0.000000  0.000000  0.000000  0.000000  0.000000  0.000000  0.000000  0.000000  0.000000  0.000000  0.000000  0.000000  0.000000  0.000000  0.000000  0.000000  0.000000  0.000000  0.000000  0.000000  0.000000  0.000000  0.000000  0.000000  0.000000  0.000000  0.000000  0.000000  0.000000  0.000000  0.000000  0.000000  0.000000  0.000000  0.000000  0.000000  0.000000  0.000000  0.000000  0.000000  0.000000  0.000000  0.000000  
0.002859  0.002915  0.088272  0.027351  0.218834  0.000000  1.000000  0.011083  0.067216  0.000469  0.000000  0.000000  0.000000  0.000000  0.000000  0.000000  0.000000  0.000003  0.000000  0.000000  0.000000  0.000000  0.000143  0.009249  0.001228  0.000423  0.012195  0.535527  0.030763  0.000000  0.053471  0.008367  0.004843  0.015544  0.081035  0.000000  0.000000  0.000000  0.000000  0.017994  0.000000  0.000000  0.000000  0.000000  
0.039332  0.171035  0.097679  0.416316  0.533676  0.000000  0.126464  1.000000  0.361948  0.038256  0.000000  0.000000  0.000000  0.000000  0.000000  0.000000  0.000000  0.000000  0.000000  0.000000  0.003554  0.000000  0.135723  0.221000  0.023956  0.000892  0.032451  0.176245  0.272735  0.000000  0.360220  0.033598  0.010916  0.036770  0.264934  0.000000  0.000000  0.000000  0.000000  0.064237  0.000000  0.000000  0.000000  0.000000  
0.083414  0.014490  0.106647  0.454001  0.459052  0.000000  0.167784  0.297678  1.000000  0.018068  0.000000  0.000000  0.000000  0.000000  0.000000  0.092279  0.026327  0.321377  0.007417  0.000357  0.006250  0.000925  0.013093  0.313150  0.077808  0.002844  0.020696  0.123497  0.121329  0.000000  0.272135  0.048049  0.027233  0.121845  0.152318  0.000000  0.000000  0.000000  0.000000  0.167650  0.000000  0.000000  0.000000  0.000000  
0.000066  0.006940  0.145380  0.115285  0.342137  0.000000  5.971779  0.219616  0.343782  1.000000  0.077295  0.000000  0.014341  0.000000  0.000000  0.000000  0.000000  0.000000  0.000000  0.000000  0.059665  0.000000  0.077591  0.099727  0.086176  0.003684  0.041345  0.471335  0.083906  0.000000  0.618985  0.078052  0.038417  0.129395  0.324376  0.000000  0.000000  0.000000  0.000000  0.197941  0.000000  0.000000  0.000000  0.000000  
0.000000  0.025420  0.158169  1.019176  1.695704  0.000000  14.839304  0.410733  0.531143  12.735990  1.000000  0.130667  4.618552  0.000000  0.000000  0.000000  0.000000  0.000000  0.000000  0.000000  0.000000  0.026163  0.568604  1.256281  1.447896  0.024379  0.130222  0.220901  0.549874  0.000000  1.698231  0.271443  0.000000  0.909469  1.949457  0.000000  0.000000  0.000000  0.000000  1.210049  0.000000  0.000000  0.000000  0.000000  
0.000000  12.000000  22.000000  302.000000  1170.000000  0.000000  21374.000000  3099.000000  173.000000  1336.000000  283.000000  0.000000  373.000000  0.000000  0.000000  0.000000  0.000000  0.000000  0.000000  0.000000  0.000000  504.000000  1483.000000  1402.000000  539.000000  10.000000  154.000000  95.000000  460.000000  0.000000  900.000000  165.000000  0.000000  343.000000  2236.000000  0.000000  0.000000  0.000000  0.000000  566.000000  0.000000  0.000000  0.000000  0.000000  
0.000000  0.002685  0.009994  0.625448  0.562425  0.000000  9.032742  0.432205  0.562425  1.628654  0.092109  0.000000  1.000000  0.000000  0.000000  0.000000  0.000000  0.000000  0.000000  0.000000  0.286471  0.000000  0.748210  0.775955  1.310188  0.007682  0.058547  0.092706  0.355907  0.000000  0.786247  0.140066  0.000000  0.311232  0.729192  0.000000  0.000000  0.000000  0.000000  0.482324  0.000000  0.000000  0.000000  0.000000  
0.000000  0.000825  0.011087  0.462617  0.431098  0.000000  7.046454  0.625344  0.475902  4.785872  1.035367  0.640828  2.435587  1.000000  0.000000  0.000000  0.000000  0.000000  0.000000  0.000000  0.259575  0.066245  0.102895  0.582646  2.960418  0.009071  0.053784  0.050486  0.351109  0.000000  1.000366  0.160436  0.000000  0.317665  0.657321  0.000000  0.000000  0.000000  0.000000  0.521257  0.000000  0.000000  0.000000  0.000000  
0.000000  77.000000  202.000000  2653.000000  4035.000000  0.000000  64284.000000  3667.000000  3572.000000  25124.000000  8522.000000  6444.000000  12028.000000  0.000000  0.000000  0.000000  0.000000  0.000000  0.000000  0.000000  309.000000  1138.000000  2265.000000  4051.000000  6364.000000  82.000000  517.000000  356.000000  3860.000000  0.000000  7825.000000  1374.000000  0.000000  2857.000000  6815.000000  0.000000  0.000000  0.000000  0.000000  4678.000000  0.000000  0.000000  0.000000  0.000000  
16.900721  0.001094  0.000205  0.030279  0.050374  0.000000  0.004887  0.000000  0.038584  0.028502  0.000000  0.000000  0.000137  0.000000  0.000000  1.000000  0.000957  0.020539  0.000000  0.000000  0.004511  0.000000  0.010218  0.040976  0.004067  0.002290  0.004819  0.021325  0.148047  0.000000  0.213321  0.016336  0.004135  0.026657  0.167322  0.000000  0.000000  0.000000  0.000000  0.024948  0.000000  0.000000  0.000000  0.000000  
274152.000000  10.000000  0.000000  1695.000000  2353.000000  0.000000  833.000000  450.000000  859.000000  50.000000  0.000000  0.000000  12.000000  0.000000  0.000000  999.000000  0.000000  1355.000000  0.000000  0.000000  212.000000  0.000000  380.000000  3104.000000  221.000000  47.000000  205.000000  1270.000000  3536.000000  0.000000  5880.000000  633.000000  0.000000  1530.000000  2546.000000  0.000000  0.000000  0.000000  0.000000  1458.000000  0.000000  0.000000  0.000000  0.000000  
6.600348  0.011222  0.011504  0.148373  0.176592  0.000000  0.032795  0.043879  0.181272  0.100770  0.000000  0.000000  0.000000  0.000000  0.000000  0.042529  0.087110  1.000000  0.019121  0.000000  0.030553  0.000000  0.017200  0.194173  0.025007  0.002956  0.019521  0.097971  0.240372  0.000000  0.196119  0.024037  0.004706  0.048664  0.112327  0.000000  0.000000  0.000000  0.000000  0.071096  0.000000  0.000000  0.000000  0.000000  
18.870543  0.049538  0.007266  1.938573  1.209379  0.000000  0.261559  3.299207  5.461030  1.019815  0.000000  0.000000  0.000000  0.000000  0.000000  0.000000  0.000000  7.286658  1.000000  0.000000  0.001982  0.000000  1.776090  5.198151  0.642668  0.062748  0.129458  1.148613  2.214003  0.000000  3.461030  0.903567  0.000000  2.178996  1.587186  0.000000  0.000000  0.000000  0.000000  3.217966  0.000000  0.000000  0.000000  0.000000  
2.948134  0.012244  0.000000  0.057526  0.056024  0.000000  0.000000  0.000000  0.069424  0.000000  0.000000  0.000000  0.000000  0.000000  0.000000  0.000000  0.000000  0.000231  0.000000  1.000000  0.018251  0.000000  0.090332  0.471757  0.001155  0.009241  0.007393  0.022410  0.080859  0.000000  0.039737  0.006007  0.000000  0.001502  0.168072  0.000000  0.000000  0.000000  0.000000  0.327596  0.000000  0.000000  0.000000  0.000000  
0.542500  0.000828  0.000919  0.030407  0.073066  0.000000  0.000000  0.002134  0.341214  0.000000  0.000000  0.000000  0.000000  0.000000  0.000000  0.001180  0.000000  0.003434  0.000000  0.000000  1.000000  0.034009  0.013636  0.059115  0.017142  0.006441  0.004746  0.092513  0.168465  0.000000  0.038605  0.007112  0.004508  0.016039  0.061158  0.000000  0.000000  0.000000  0.000000  0.025813  0.000000  0.000000  0.000000  0.000000  
0.049246  0.000331  0.000638  0.014107  0.046741  0.000000  0.000000  0.000246  0.171140  0.011345  0.000000  0.000000  0.000000  0.000000  0.000000  0.737084  0.000000  0.000405  0.000000  0.000000  0.142373  1.000000  0.010682  0.088191  0.091715  0.000110  0.005795  0.019374  0.129027  0.000000  0.043954  0.003978  0.000552  0.004224  0.068620  0.000000  0.000000  0.000000  0.000000  0.013039  0.000000  0.000000  0.000000  0.000000  
0.831069  0.000172  0.001315  0.030631  0.082110  0.000000  0.060495  0.123415  0.447206  0.203115  0.000000  0.000000  0.005556  0.000000  0.000000  0.000000  0.000000  0.046737  0.000000  0.000000  0.180482  0.012615  1.000000  0.045077  0.153780  0.000235  0.010283  0.036109  0.185929  0.000000  0.109970  0.009188  0.002426  0.008796  0.160995  0.000000  0.000000  0.000000  0.000000  0.077023  0.000000  0.000000  0.000000  0.000000  
0.147030  0.001102  0.000271  0.067472  0.148291  0.000000  0.010809  0.000663  0.449927  0.017722  0.000000  0.000000  0.000000  0.000000  0.000000  0.000000  0.000000  0.000032  0.000000  0.000000  0.055274  0.011982  0.000503  1.000000  0.005652  0.000718  0.016461  0.168887  0.055545  0.000000  0.108967  0.014617  0.003409  0.026926  0.062962  0.000000  0.000000  0.000000  0.000000  0.046780  0.000000  0.000000  0.000000  0.000000  
17.723902  0.123626  0.846154  0.900412  3.633929  0.000000  0.881181  0.815247  57.929947  2.008242  0.000000  0.000000  0.000000  0.000000  0.000000  0.000000  0.000000  0.138049  0.000000  0.000000  16.326237  0.000000  1.864011  2.407280  1.000000  0.028846  0.361264  2.146978  1.815934  0.000000  2.256868  0.346154  0.110577  1.066621  2.227335  0.000000  0.000000  0.000000  0.000000  1.261676  0.000000  0.000000  0.000000  0.000000  
6167.000000  17.000000  0.000000  515.000000  1185.000000  0.000000  2822.000000  1964.000000  4873.000000  620.000000  0.000000  0.000000  29.000000  0.000000  0.000000  1870.000000  0.000000  0.000000  0.000000  0.000000  849.000000  648.000000  2630.000000  1765.000000  2127.000000  0.000000  138.000000  429.000000  1373.000000  0.000000  786.000000  107.000000  56.000000  191.000000  2294.000000  0.000000  0.000000  0.000000  0.000000  419.000000  0.000000  0.000000  0.000000  0.000000  
3417.000000  0.000000  11043.000000  33644.000000  11354.000000  0.000000  157210.000000  482587.000000  34846.000000  56854.000000  8464.000000  1936.000000  54776.000000  0.000000  0.000000  0.000000  0.000000  0.000000  0.000000  0.000000  391.000000  0.000000  149848.000000  3669.000000  12116.000000  1010.000000  0.000000  10309.000000  46342.000000  0.000000  90306.000000  6070.000000  0.000000  2939.000000  69396.000000  0.000000  0.000000  0.000000  0.000000  12382.000000  0.000000  0.000000  0.000000  0.000000  
0.000000  0.000000  13.826087  308.173920  65.434784  0.000000  1243.391357  194.478256  261.217377  604.652161  310.782623  78.782608  601.739136  812.434753  278.304352  0.000000  0.000000  0.000000  0.000000  0.000000  9.130435  0.000000  20.652174  2.260870  183.869568  0.000000  8.652174  1.000000  398.956512  0.000000  571.086975  41.173912  0.000000  29.434782  675.347839  0.000000  0.000000  0.000000  0.000000  2.304348  0.000000  0.000000  0.000000  0.000000  
5103.000000  1030.000000  704.000000  50923.000000  42147.000000  0.000000  0.000000  2182.000000  8857.000000  919.000000  0.000000  0.000000  1672.000000  0.000000  0.000000  0.000000  0.000000  4657.000000  0.000000  0.000000  10203.000000  0.000000  16909.000000  51925.000000  7416.000000  2708.000000  9965.000000  21252.000000  0.000000  0.000000  18566.000000  1449.000000  13748.000000  30834.000000  75504.000000  0.000000  0.000000  0.000000  0.000000  45827.000000  0.000000  0.000000  0.000000  0.000000  
0.000000  0.000000  0.000000  0.000000  0.000000  0.000000  0.000000  0.000000  0.000000  0.000000  0.000000  0.000000  0.000000  0.000000  0.000000  0.000000  0.000000  0.000000  0.000000  0.000000  0.000000  0.000000  0.000000  0.000000  0.000000  0.000000  0.000000  0.000000  0.000000  0.000000  0.000000  0.000000  0.000000  0.000000  0.000000  0.000000  0.000000  0.000000  0.000000  0.000000  0.000000  0.000000  0.000000  0.000000  
0.048546  1.649348  0.001003  22.992979  4.021063  0.000000  0.339017  0.043330  0.234303  0.268205  0.000000  0.005617  0.146439  0.000000  5.206018  0.000000  0.000000  0.026279  0.000000  0.000000  0.552859  0.002808  0.163490  0.388766  5.625677  0.058175  0.610231  9.089067  4.407422  0.000000  1.000000  0.099498  9.624875  0.258175  3.765095  0.000000  0.000000  0.000000  0.000000  0.923370  0.000000  0.000000  0.000000  0.000000  
0.000000  406.000000  15.000000  35394.000000  877.000000  0.000000  0.000000  207.000000  2906.000000  4622.000000  682.000000  806.000000  1901.000000  0.000000  18904.000000  0.000000  0.000000  0.000000  0.000000  0.000000  515.000000  25.000000  7331.000000  2389.000000  26.000000  102.000000  0.000000  5688.000000  4414.000000  0.000000  1447.000000  0.000000  68126.000000  1670.000000  15354.000000  0.000000  0.000000  0.000000  0.000000  3753.000000  0.000000  0.000000  0.000000  0.000000  
128.000000  0.000000  0.000000  4901.000000  533.000000  0.000000  0.000000  568.000000  869.000000  208.000000  19.000000  100.000000  303.000000  0.000000  0.000000  0.000000  0.000000  0.000000  0.000000  0.000000  683.000000  72.000000  555.000000  2770.000000  70.000000  451.000000  0.000000  2134.000000  2012.000000  0.000000  330.000000  56.000000  0.000000  2524.000000  1198.000000  0.000000  0.000000  0.000000  0.000000  1791.000000  0.000000  0.000000  0.000000  0.000000  
448.000000  46.000000  0.000000  1322.000000  2323.000000  0.000000  1139.000000  0.000000  284.000000  71.000000  300.000000  389.000000  9516.000000  0.000000  0.000000  0.000000  0.000000  0.000000  0.000000  0.000000  735.000000  7.000000  522.000000  6622.000000  158.000000  152.000000  3613.000000  1160.000000  1005.000000  0.000000  9585.000000  4968.000000  338.000000  0.000000  21508.000000  0.000000  0.000000  0.000000  0.000000  12132.000000  0.000000  0.000000  0.000000  0.000000  
42.000000  313.000000  300.000000  1506.000000  3484.000000  0.000000  0.000000  0.000000  15.000000  236.000000  0.000000  0.000000  96.000000  0.000000  0.000000  0.000000  0.000000  0.000000  0.000000  0.000000  278.000000  0.000000  1317.000000  17374.000000  131.000000  175.000000  3166.000000  3795.000000  880.000000  0.000000  3486.000000  25.000000  228.000000  14420.000000  0.000000  0.000000  0.000000  0.000000  0.000000  11924.000000  0.000000  0.000000  0.000000  0.000000  
0.000000  0.000000  0.000000  0.000000  0.000000  0.000000  0.000000  0.000000  0.000000  0.000000  0.000000  0.000000  0.000000  0.000000  0.000000  0.000000  0.000000  0.000000  0.000000  0.000000  0.000000  0.000000  0.000000  0.000000  0.000000  0.000000  0.000000  0.000000  0.000000  0.000000  0.000000  0.000000  0.000000  0.000000  0.000000  0.000000  0.000000  0.000000  0.000000  0.000000  0.000000  0.000000  0.000000  0.000000  
0.000000  0.000000  0.000000  0.000000  8230.000000  0.000000  0.000000  4000.000000  2171.000000  0.000000  0.000000  0.000000  0.000000  0.000000  0.000000  0.000000  0.000000  0.000000  0.000000  0.000000  0.000000  0.000000  26226.000000  1023.000000  0.000000  0.000000  44966.000000  34782.000000  1713.000000  0.000000  569.000000  34.000000  0.000000  0.000000  5649.000000  0.000000  0.000000  0.000000  0.000000  39403.000000  0.000000  0.000000  0.000000  0.000000  
0.000000  0.000000  0.000000  0.000000  0.000000  0.000000  0.000000  0.000000  0.000000  0.000000  0.000000  0.000000  0.000000  0.000000  0.000000  0.000000  0.000000  0.000000  0.000000  0.000000  0.000000  0.000000  0.000000  0.000000  0.000000  0.000000  0.000000  0.000000  0.000000  0.000000  0.000000  0.000000  0.000000  0.000000  0.000000  0.000000  0.000000  0.000000  0.000000  0.000000  0.000000  0.000000  0.000000  0.000000  
0.000000  0.000000  0.000000  0.000000  0.000000  0.000000  0.000000  0.000000  0.000000  0.000000  0.000000  0.000000  0.000000  0.000000  0.000000  0.000000  0.000000  0.000000  0.000000  0.000000  0.000000  0.000000  0.000000  0.000000  0.000000  0.000000  0.000000  0.000000  0.000000  0.000000  0.000000  0.000000  0.000000  0.000000  0.000000  0.000000  0.000000  0.000000  0.000000  0.000000  0.000000  0.000000  0.000000  0.000000  
6.464396  0.649381  1.411765  41.171051  27.915634  0.000000  0.000000  3.948143  32.530960  0.441950  0.018576  0.000000  1.092105  0.000000  0.000000  0.000000  0.000000  1.030960  0.000000  0.000000  14.034830  0.000000  2.480650  37.758514  3.148607  1.928019  11.245356  10.833591  24.517029  0.000000  8.696594  1.181115  1.338235  8.138545  7.907895  0.000000  0.000000  0.000000  0.000000  1.000000  0.000000  0.000000  0.000000  0.000000  
8917.000000  3787.000000  6377.000000  32434.000000  22932.000000  0.000000  3935.000000  4435.000000  8988.000000  18681.000000  1436.000000  5836.000000  14623.000000  8438.000000  20229.000000  0.000000  0.000000  0.000000  0.000000  0.000000  133.000000  2194.000000  12520.000000  36675.000000  2915.000000  2511.000000  129355.000000  11566.000000  16272.000000  0.000000  27470.000000  5252.000000  1907.000000  13367.000000  31273.000000  0.000000  0.000000  0.000000  0.000000  70861.000000  0.000000  0.000000  0.000000  0.000000  
0.000000  0.000000  0.000000  0.000000  0.000000  0.000000  0.000000  0.000000  0.000000  0.000000  0.000000  0.000000  0.000000  0.000000  0.000000  0.000000  0.000000  0.000000  0.000000  0.000000  0.000000  0.000000  0.000000  0.000000  0.000000  0.000000  0.000000  0.000000  0.000000  0.000000  0.000000  0.000000  0.000000  0.000000  0.000000  0.000000  0.000000  0.000000  0.000000  0.000000  0.000000  0.000000  0.000000  0.000000  
0.000000  0.000000  0.000000  0.000000  0.000000  0.000000  0.000000  0.000000  0.000000  0.000000  0.000000  0.000000  0.000000  0.000000  0.000000  0.000000  0.000000  0.000000  0.000000  0.000000  0.000000  0.000000  0.000000  0.000000  0.000000  0.000000  0.000000  0.000000  0.000000  0.000000  0.000000  0.000000  0.000000  0.000000  0.000000  0.000000  0.000000  0.000000  0.000000  0.000000  0.000000  0.000000  0.000000  0.000000  
0.000000  0.000000  0.000000  0.000000  0.000000  0.000000  0.000000  0.000000  0.000000  0.000000  0.000000  0.000000  0.000000  0.000000  0.000000  0.000000  0.000000  0.000000  0.000000  0.000000  0.000000  0.000000  0.000000  0.000000  0.000000  0.000000  0.000000  0.000000  0.000000  0.000000  0.000000  0.000000  0.000000  0.000000  0.000000  0.000000  0.000000  0.000000  0.000000  0.000000  0.000000  0.000000  0.000000  0.000000  
0.000144  0.015774  0.001545  0.000057  0.000260  0.031548  0.000059  0.000119  0.000080  0.000181  0.000385  0.031548  0.000272  0.000302  0.031548  0.000184  0.031548  0.000081  0.000811  0.000339  0.000052  0.000111  0.000125  0.000089  0.000827  0.031548  0.031548  0.006578  0.031548  0.031548  0.000447  0.031548  0.031548  0.031548  0.031548  0.031548  0.031548  0.031548  0.031548  0.000878  0.031548  0.031548  0.031548  0.031548  