1.000000  0.500000  0.208333  4.458333  0.625000  0.000000  1.083333  1.208333  11.833333  1.708333  0.708333  0.875000  0.291667  0.208333  0.375000  0.000000  1.750000  57.333332  0.208333  0.000000  1.250000  0.166667  1.291667  0.916667  0.583333  0.875000  2.625000  1.000000  5.750000  0.000000  0.166667  0.125000  0.083333  0.458333  2.333333  0.000000  0.000000  0.000000  0.000000  2.291667  0.375000  0.000000  0.000000  0.000000  
13.000000  0.000000  12.000000  0.000000  1.000000  0.000000  15.000000  0.000000  21.000000  30.000000  25.000000  6.000000  3.000000  0.000000  0.000000  0.000000  0.000000  0.000000  0.000000  0.000000  5.000000  3.000000  4.000000  8.000000  7.000000  6.000000  13.000000  0.000000  15.000000  0.000000  5.000000  6.000000  0.000000  2.000000  7.000000  0.000000  0.000000  0.000000  0.000000  2.000000  0.000000  0.000000  0.000000  0.000000  
0.000000  89.500000  1.000000  8.750000  3.250000  0.000000  4.750000  0.000000  4.750000  1.500000  1.500000  0.000000  0.500000  0.000000  0.000000  0.000000  0.000000  0.000000  0.000000  0.000000  0.000000  0.000000  0.000000  1.500000  0.000000  0.250000  0.750000  0.250000  0.750000  0.000000  1.000000  0.000000  0.000000  0.250000  0.500000  0.000000  0.000000  0.000000  0.000000  1.500000  0.250000  0.000000  0.000000  0.000000  
0.000000  0.000000  0.000000  1.000000  0.010204  0.000000  0.000680  0.000680  0.043537  0.013605  0.006803  0.006122  0.002721  0.000680  0.000000  0.000000  0.000000  0.000000  0.000000  0.000000  0.002041  0.000000  0.001361  0.003401  0.004082  0.006122  0.010204  0.002721  0.003401  0.000000  0.004082  0.001361  0.000000  0.002041  0.010204  0.000000  0.000000  0.000000  0.000000  0.012245  0.003401  0.000000  0.000000  0.000000  
0.000000  18.266666  14.733334  3.000000  1.000000  0.000000  0.600000  0.133333  0.200000  0.200000  0.200000  0.200000  1.666667  0.000000  0.000000  0.000000  0.000000  0.000000  0.000000  0.000000  0.066667  0.000000  0.066667  0.266667  0.133333  0.133333  1.066667  0.000000  0.400000  0.000000  0.066667  0.000000  0.000000  0.066667  0.200000  0.000000  0.000000  0.000000  0.000000  1.133333  0.200000  0.000000  0.000000  0.000000  
0.000000  0.000000  0.000000  0.000000  0.000000  0.000000  0.000000  0.000000  0.000000  0.000000  0.000000  0.000000  0.000000  0.000000  0.000000  0.000000  0.000000  0.000000  0.000000  0.000000  0.000000  0.000000  0.000000  0.000000  0.000000  0.000000  0.000000  0.000000  0.000000  0.000000  0.000000  0.000000  0.000000  0.000000  0.000000  0.000000  0.000000  0.000000  0.000000  0.000000  0.000000  0.000000  0.000000  0.000000  
0.000000  0.006944  0.126736  0.060764  0.050347  0.000000  1.000000  0.000000  0.013889  0.038194  0.013889  0.000000  0.017361  0.001736  0.013889  0.000000  0.000000  0.000000  0.000000  0.000000  0.005208  0.000000  0.003472  0.013889  0.005208  0.013889  0.015625  0.050347  0.199653  0.000000  0.006944  0.003472  0.000000  0.008681  0.048611  0.000000  0.000000  0.000000  0.000000  0.064236  0.000000  0.000000  0.000000  0.000000  
0.015873  0.285714  0.079365  0.698413  0.507937  0.000000  0.492063  1.000000  0.222222  0.063492  0.079365  0.031746  0.015873  0.015873  0.000000  0.000000  0.000000  0.000000  0.000000  0.000000  0.031746  0.000000  0.079365  0.253968  0.015873  0.079365  0.174603  0.095238  0.539683  0.000000  0.095238  0.000000  0.000000  0.063492  0.111111  0.000000  0.000000  0.000000  0.000000  0.650794  0.047619  0.000000  0.000000  0.000000  
0.032986  0.079861  0.173611  0.282986  0.093750  0.000000  0.071181  0.045139  1.000000  0.064236  0.008681  0.005208  0.008681  0.001736  0.000000  0.012153  0.000000  0.244792  0.010417  0.000000  0.012153  0.001736  0.019097  0.225694  0.041667  0.015625  0.024306  0.010417  0.057292  0.000000  0.010417  0.008681  0.000000  0.013889  0.053819  0.000000  0.000000  0.000000  0.000000  0.072917  0.000000  0.000000  0.000000  0.000000  
0.000000  0.033708  0.089888  0.202247  0.292135  0.000000  6.752809  0.044944  0.359551  1.000000  0.157303  0.235955  0.269663  0.011236  0.011236  0.000000  0.000000  0.000000  0.000000  0.000000  0.089888  0.000000  0.191011  0.314607  0.123596  0.202247  0.146067  0.067416  0.438202  0.000000  0.044944  0.044944  0.000000  0.067416  0.269663  0.000000  0.000000  0.000000  0.000000  0.415730  0.000000  0.000000  0.000000  0.000000  
0.000000  0.006452  0.012903  0.058065  0.090323  0.000000  1.509677  0.000000  0.058065  0.638710  1.000000  0.148387  0.335484  0.000000  0.070968  0.000000  0.000000  0.000000  0.000000  0.000000  0.012903  0.000000  0.032258  0.077419  0.077419  0.122581  0.122581  0.019355  0.109677  0.000000  0.032258  0.025806  0.000000  0.032258  0.103226  0.000000  0.000000  0.000000  0.000000  0.116129  0.000000  0.000000  0.000000  0.000000  
0.294118  0.117647  0.058824  0.117647  0.235294  0.000000  0.764706  0.000000  0.176471  1.411765  2.000000  1.000000  3.000000  0.000000  0.000000  0.000000  0.000000  0.000000  0.000000  0.000000  0.176471  0.058824  0.176471  0.294118  0.000000  0.000000  0.176471  0.058824  0.529412  0.000000  0.058824  0.000000  0.000000  0.117647  0.058824  0.000000  0.000000  0.000000  0.000000  0.529412  0.000000  0.000000  0.000000  0.000000  
0.000000  0.003021  0.012085  0.051360  0.066465  0.000000  0.637462  0.096677  0.117825  0.148036  0.181269  0.033233  1.000000  0.003021  0.000000  0.000000  0.000000  0.000000  0.003021  0.000000  0.060423  0.000000  0.030211  0.123867  0.063444  0.027190  0.051360  0.015106  0.066465  0.000000  0.018127  0.024169  0.000000  0.033233  0.078550  0.000000  0.000000  0.000000  0.000000  0.108761  0.000000  0.000000  0.000000  0.000000  
0.000000  0.000000  0.000000  0.021127  0.014085  0.000000  0.105634  0.014085  0.042254  0.084507  0.126761  0.042254  0.056338  1.000000  0.000000  0.000000  0.000000  0.000000  0.000000  0.000000  0.063380  0.007042  0.014085  0.028169  0.211268  0.028169  0.007042  0.007042  0.014085  0.000000  0.014085  0.000000  0.000000  0.021127  0.028169  0.000000  0.000000  0.000000  0.000000  0.042254  0.000000  0.000000  0.000000  0.000000  
0.000000  0.042857  0.000000  0.128571  0.285714  0.000000  3.185714  0.000000  0.357143  1.071429  4.900000  0.700000  0.728571  0.000000  1.000000  0.000000  0.000000  0.000000  0.000000  0.000000  0.114286  0.157143  0.757143  0.142857  0.242857  0.571429  0.228571  0.028571  0.328571  0.000000  0.071429  0.028571  0.000000  0.085714  0.357143  0.000000  0.000000  0.000000  0.000000  0.471429  0.000000  0.000000  0.000000  0.000000  
20.507042  0.056338  0.028169  0.056338  0.126761  0.000000  0.028169  0.028169  0.000000  0.535211  0.000000  0.000000  0.000000  0.000000  0.000000  1.000000  0.014085  0.070423  0.000000  0.000000  0.028169  0.000000  0.028169  0.112676  0.028169  0.028169  0.028169  0.014085  0.690141  0.000000  0.056338  0.000000  0.000000  0.028169  0.056338  0.000000  0.000000  0.000000  0.000000  0.042254  0.000000  0.000000  0.000000  0.000000  
1367.000000  4.000000  2.000000  37.000000  12.000000  0.000000  0.000000  11.000000  9.000000  84.000000  2.000000  0.000000  2.000000  2.000000  0.000000  1.000000  0.000000  44.000000  0.000000  0.000000  4.000000  0.000000  7.000000  23.000000  2.000000  4.000000  6.000000  8.000000  21.000000  0.000000  27.000000  0.000000  0.000000  4.000000  8.000000  0.000000  0.000000  0.000000  0.000000  9.000000  0.000000  0.000000  0.000000  0.000000  
2.085222  0.008160  0.006346  0.058024  0.037171  0.000000  0.003626  0.011786  0.045331  0.077969  0.005440  0.000000  0.005440  0.001813  0.000000  0.084316  0.067090  1.000000  0.021759  0.000000  0.012693  0.000907  0.019946  0.102448  0.003626  0.010879  0.017226  0.007253  0.116047  0.000000  0.009066  0.006346  0.000000  0.009973  0.018132  0.000000  0.000000  0.000000  0.000000  0.028105  0.000907  0.000000  0.000000  0.000000  
6.250000  0.000000  0.000000  1.000000  1.000000  0.000000  0.250000  4.000000  3.000000  2.500000  0.000000  0.000000  0.250000  0.000000  0.000000  0.000000  0.000000  12.250000  1.000000  0.000000  0.250000  0.000000  0.500000  8.250000  0.250000  0.500000  0.750000  0.250000  1.500000  0.000000  0.750000  0.000000  0.000000  0.500000  0.750000  0.000000  0.000000  0.000000  0.000000  2.250000  0.000000  0.000000  0.000000  0.000000  
161.000000  1.000000  0.000000  4.000000  1.000000  0.000000  1.000000  0.000000  3.000000  2.000000  2.000000  0.000000  1.000000  0.000000  0.000000  0.000000  0.000000  0.000000  0.000000  0.000000  1.000000  0.000000  20.000000  19.000000  2.000000  1.000000  1.000000  1.000000  14.000000  0.000000  2.000000  0.000000  0.000000  1.000000  2.000000  0.000000  0.000000  0.000000  0.000000  2.000000  0.000000  0.000000  0.000000  0.000000  
0.234360  0.008403  0.004669  0.025210  0.034547  0.000000  0.000934  0.000000  0.178338  0.024276  0.010271  0.000000  0.002801  0.000000  0.000000  0.003735  0.003735  0.009337  0.000000  0.000000  1.000000  0.011204  0.005602  0.054155  0.027077  0.008403  0.017740  0.028945  0.062558  0.000000  0.011204  0.007470  0.000000  0.013072  0.024276  0.000000  0.000000  0.000000  0.000000  0.076564  0.000000  0.000000  0.000000  0.000000  
0.008547  0.025641  0.000000  0.034188  0.034188  0.000000  0.000000  0.000000  0.239316  0.076923  0.017094  0.000000  0.000000  0.000000  0.000000  0.649573  0.000000  0.034188  0.000000  0.000000  0.239316  1.000000  0.042735  0.094017  0.350427  0.059829  0.025641  0.017094  0.299145  0.000000  0.034188  0.000000  0.000000  0.025641  0.042735  0.000000  0.000000  0.000000  0.000000  0.068376  0.000000  0.000000  0.000000  0.000000  
0.526316  0.015038  0.007519  0.052632  0.067669  0.000000  0.007519  0.007519  0.157895  0.195489  0.007519  0.000000  0.015038  0.000000  0.000000  0.000000  0.000000  0.000000  0.000000  0.000000  0.195489  0.030075  1.000000  0.112782  0.015038  0.060150  0.037594  0.030075  0.270677  0.000000  0.030075  0.007519  0.000000  0.037594  0.037594  0.000000  0.000000  0.000000  0.000000  0.127820  0.000000  0.000000  0.000000  0.000000  
0.100000  0.036957  0.008696  0.056522  0.052174  0.000000  0.010870  0.002174  0.158696  0.019565  0.008696  0.000000  0.004348  0.002174  0.000000  0.000000  0.000000  0.002174  0.000000  0.000000  0.039130  0.002174  0.006522  1.000000  0.032609  0.017391  0.045652  0.028261  0.189130  0.000000  0.023913  0.019565  0.000000  0.065217  0.036957  0.000000  0.000000  0.000000  0.000000  0.221739  0.000000  0.000000  0.000000  0.000000  
7.714286  0.000000  0.142857  0.428571  1.142857  0.000000  0.142857  0.000000  18.428572  0.714286  0.142857  0.000000  0.000000  0.000000  0.000000  0.000000  0.000000  0.000000  0.000000  0.000000  2.857143  0.000000  0.285714  0.714286  1.000000  0.571429  0.571429  0.000000  0.571429  0.000000  0.142857  0.000000  0.000000  0.142857  0.285714  0.000000  0.000000  0.000000  0.000000  0.714286  0.000000  0.000000  0.000000  0.000000  
7.000000  3.000000  1.000000  5.000000  7.000000  0.000000  20.000000  139.000000  7.000000  33.000000  51.000000  0.000000  69.000000  0.000000  0.000000  0.000000  0.000000  0.000000  0.000000  0.000000  4.000000  1.000000  4.000000  6.000000  1.000000  0.000000  6.000000  1.000000  13.000000  0.000000  2.000000  0.000000  0.000000  3.000000  2.000000  0.000000  0.000000  0.000000  0.000000  13.000000  0.000000  0.000000  0.000000  0.000000  
6.000000  8.000000  47.000000  116.000000  26.000000  0.000000  226.000000  766.000000  101.000000  278.000000  25.000000  73.000000  241.000000  2.000000  0.000000  0.000000  0.000000  0.000000  0.000000  0.000000  12.000000  2.000000  425.000000  45.000000  8.000000  58.000000  0.000000  24.000000  191.000000  0.000000  17.000000  8.000000  0.000000  22.000000  39.000000  0.000000  0.000000  0.000000  0.000000  65.000000  1.000000  0.000000  0.000000  0.000000  
0.000000  0.038462  0.038462  0.384615  0.346154  0.000000  0.423077  0.038462  0.153846  1.192308  1.000000  0.269231  0.192308  2.307692  0.000000  0.000000  0.000000  0.000000  0.000000  0.000000  0.076923  0.000000  0.038462  0.153846  0.307692  0.230769  0.000000  1.000000  0.423077  0.000000  0.576923  0.307692  0.000000  0.269231  0.269231  0.000000  0.000000  0.000000  0.000000  0.461538  0.000000  0.000000  0.000000  0.000000  
18.000000  15.000000  0.000000  170.000000  61.000000  0.000000  3.000000  1.000000  34.000000  42.000000  5.000000  8.000000  5.000000  9.000000  0.000000  0.000000  0.000000  1.000000  1.000000  0.000000  49.000000  1.000000  21.000000  381.000000  58.000000  6.000000  50.000000  96.000000  0.000000  0.000000  707.000000  191.000000  146.000000  116.000000  104.000000  0.000000  0.000000  0.000000  0.000000  181.000000  0.000000  0.000000  0.000000  0.000000  
0.000000  0.000000  0.000000  0.000000  0.000000  0.000000  0.000000  0.000000  0.000000  0.000000  0.000000  0.000000  0.000000  0.000000  0.000000  0.000000  0.000000  0.000000  0.000000  0.000000  0.000000  0.000000  0.000000  0.000000  0.000000  0.000000  0.000000  0.000000  0.000000  0.000000  0.000000  0.000000  0.000000  0.000000  0.000000  0.000000  0.000000  0.000000  0.000000  0.000000  0.000000  0.000000  0.000000  0.000000  
0.015038  0.000000  0.000000  0.969925  0.413534  0.000000  0.000000  0.000000  0.007519  0.015038  0.037594  0.007519  0.045113  0.052632  0.022556  0.007519  0.000000  0.007519  0.015038  0.000000  0.045113  0.007519  0.015038  0.082707  0.157895  0.007519  0.112782  0.834586  0.097744  0.000000  1.000000  0.015038  0.015038  0.105263  0.240602  0.000000  0.000000  0.000000  0.000000  0.413534  0.000000  0.000000  0.000000  0.000000  
0.000000  40.000000  0.000000  345.000000  20.000000  0.000000  3.000000  0.000000  117.000000  41.000000  29.000000  2.000000  48.000000  0.000000  308.000000  2.000000  2.000000  4.000000  4.000000  0.000000  14.000000  1.000000  43.000000  21.000000  17.000000  1.000000  14.000000  2.000000  10.000000  0.000000  23.000000  0.000000  254.000000  67.000000  149.000000  0.000000  0.000000  0.000000  0.000000  154.000000  13.000000  0.000000  0.000000  0.000000  
0.000000  1.000000  0.000000  6.000000  6.000000  0.000000  1.000000  0.000000  0.000000  8.000000  10.000000  2.000000  0.000000  0.000000  3.000000  0.000000  0.000000  0.000000  0.000000  0.000000  5.000000  0.000000  6.000000  6.000000  1.000000  1.000000  18.000000  1.000000  0.000000  0.000000  2.000000  16.000000  0.000000  11.000000  8.000000  0.000000  0.000000  0.000000  0.000000  8.000000  0.000000  0.000000  0.000000  0.000000  
0.000000  2.000000  0.000000  13.000000  8.000000  0.000000  3.000000  0.000000  1.000000  3.000000  1.000000  1.000000  14.000000  0.000000  0.000000  0.000000  0.000000  0.000000  0.000000  0.000000  0.000000  0.000000  2.000000  11.000000  2.000000  1.000000  3.000000  2.000000  0.000000  0.000000  10.000000  13.000000  0.000000  0.000000  5.000000  0.000000  0.000000  0.000000  0.000000  10.000000  3.000000  0.000000  0.000000  0.000000  
0.000000  0.214286  0.000000  0.857143  0.714286  0.000000  0.000000  0.000000  0.285714  0.142857  0.071429  0.071429  0.000000  0.000000  0.000000  0.000000  0.000000  0.000000  0.000000  0.000000  0.071429  0.000000  0.071429  4.571429  0.142857  0.071429  0.928571  0.357143  0.285714  0.000000  0.642857  0.500000  0.000000  3.714286  1.000000  0.000000  0.000000  0.000000  0.000000  5.642857  0.000000  0.000000  0.000000  0.000000  
0.000000  0.000000  0.000000  0.000000  0.000000  0.000000  0.000000  0.000000  0.000000  0.000000  0.000000  0.000000  0.000000  0.000000  0.000000  0.000000  0.000000  0.000000  0.000000  0.000000  0.000000  0.000000  0.000000  0.000000  0.000000  0.000000  0.000000  0.000000  0.000000  0.000000  0.000000  0.000000  0.000000  0.000000  0.000000  0.000000  0.000000  0.000000  0.000000  0.000000  0.000000  0.000000  0.000000  0.000000  
0.000000  0.000000  0.000000  0.000000  0.000000  0.000000  0.000000  0.000000  0.000000  0.000000  0.000000  0.000000  0.000000  0.000000  0.000000  0.000000  0.000000  0.000000  0.000000  0.000000  0.000000  0.000000  0.000000  0.000000  0.000000  0.000000  320.000000  0.000000  0.000000  0.000000  0.000000  0.000000  0.000000  0.000000  11.000000  0.000000  0.000000  0.000000  0.000000  0.000000  4.000000  0.000000  0.000000  0.000000  
0.000000  0.000000  0.000000  0.000000  0.000000  0.000000  0.000000  0.000000  0.000000  0.000000  0.000000  0.000000  0.000000  0.000000  0.000000  0.000000  0.000000  0.000000  0.000000  0.000000  0.000000  0.000000  0.000000  0.000000  0.000000  0.000000  0.000000  0.000000  0.000000  0.000000  0.000000  0.000000  0.000000  0.000000  0.000000  0.000000  0.000000  0.000000  0.000000  0.000000  0.000000  0.000000  0.000000  0.000000  
0.000000  0.000000  0.000000  0.000000  0.000000  0.000000  0.000000  0.000000  0.000000  0.000000  0.000000  0.000000  0.000000  0.000000  0.000000  0.000000  0.000000  0.000000  0.000000  0.000000  0.000000  0.000000  0.000000  0.000000  0.000000  0.000000  0.000000  0.000000  0.000000  0.000000  0.000000  0.000000  0.000000  0.000000  0.000000  0.000000  0.000000  0.000000  0.000000  0.000000  0.000000  0.000000  0.000000  0.000000  
0.171429  1.000000  0.142857  2.142857  2.228571  0.000000  0.400000  0.514286  3.485714  0.514286  0.342857  0.542857  0.085714  0.000000  0.085714  0.028571  0.000000  0.000000  0.000000  0.000000  1.142857  0.171429  0.314286  5.257143  0.571429  0.428571  1.228571  0.342857  1.914286  0.000000  1.000000  0.485714  0.057143  2.257143  0.314286  0.000000  0.000000  0.000000  0.000000  1.000000  3.200000  0.000000  0.000000  0.000000  
15.000000  30.000000  13.000000  157.000000  95.000000  0.000000  7.000000  28.000000  34.000000  17.000000  45.000000  17.000000  22.000000  54.000000  137.000000  1.000000  0.000000  5.000000  0.000000  0.000000  20.000000  1.000000  21.000000  96.000000  8.000000  20.000000  172.000000  5.000000  21.000000  0.000000  69.000000  14.000000  0.000000  64.000000  40.000000  0.000000  0.000000  0.000000  0.000000  456.000000  0.000000  0.000000  0.000000  0.000000  
0.000000  0.000000  0.000000  0.000000  0.000000  0.000000  0.000000  0.000000  0.000000  0.000000  0.000000  0.000000  0.000000  0.000000  0.000000  0.000000  0.000000  0.000000  0.000000  0.000000  0.000000  0.000000  0.000000  0.000000  0.000000  0.000000  0.000000  0.000000  0.000000  0.000000  0.000000  0.000000  0.000000  0.000000  0.000000  0.000000  0.000000  0.000000  0.000000  0.000000  0.000000  0.000000  0.000000  0.000000  
0.000000  0.000000  0.000000  0.000000  0.000000  0.000000  0.000000  0.000000  0.000000  0.000000  0.000000  0.000000  0.000000  0.000000  0.000000  0.000000  0.000000  0.000000  0.000000  0.000000  0.000000  0.000000  0.000000  0.000000  0.000000  0.000000  0.000000  0.000000  0.000000  0.000000  0.000000  0.000000  0.000000  0.000000  0.000000  0.000000  0.000000  0.000000  0.000000  0.000000  0.000000  0.000000  0.000000  0.000000  
0.000000  0.000000  0.000000  0.000000  0.000000  0.000000  0.000000  0.000000  0.000000  0.000000  0.000000  0.000000  0.000000  0.000000  0.000000  0.000000  0.000000  0.000000  0.000000  0.000000  0.000000  0.000000  0.000000  0.000000  0.000000  0.000000  0.000000  0.000000  0.000000  0.000000  0.000000  0.000000  0.000000  0.000000  0.000000  0.000000  0.000000  0.000000  0.000000  0.000000  0.000000  0.000000  0.000000  0.000000  
0.006440  0.031548  0.015774  0.000823  0.008146  0.031548  0.001314  0.003975  0.001314  0.003344  0.002534  0.007651  0.001734  0.002647  0.003771  0.003744  0.031548  0.000950  0.015774  0.031548  0.000964  0.002917  0.002736  0.001471  0.011924  0.031548  0.031548  0.006187  0.031548  0.031548  0.002736  0.031548  0.031548  0.031548  0.008432  0.031548  0.031548  0.031548  0.031548  0.005333  0.031548  0.031548  0.031548  0.031548  