1.000000  0.003635  0.000000  0.046488  0.028231  0.000000  0.002113  0.010988  0.316288  0.002536  0.085792  0.000000  0.001014  0.000000  0.001606  0.000000  0.090356  1.218578  0.020370  0.000000  0.015890  0.000676  0.002958  0.004987  0.010396  0.000000  0.001944  0.026118  0.135153  0.000085  0.086975  0.000000  0.056969  0.000507  0.012256  0.000676  0.000000  0.000592  0.046911  0.004311  0.000000  0.000000  0.000000  0.000000  
0.418103  1.000000  0.005388  0.251078  0.893319  0.000000  0.531250  0.122845  0.159483  1.034483  0.103448  0.000000  0.059267  0.008621  0.000000  0.000000  0.000000  0.000000  0.000000  0.000000  0.000000  0.063578  0.127155  0.048491  0.271552  0.000000  0.181034  0.016164  0.433190  0.014009  0.140086  0.000000  0.008621  0.077586  0.261853  0.020474  0.000000  0.061422  0.096983  0.327586  0.000000  0.000000  0.000000  0.000000  
0.000000  261.559998  1.000000  1.280000  60.599998  0.000000  0.280000  0.640000  3.360000  1.240000  3.000000  0.040000  0.920000  0.080000  0.000000  0.000000  0.000000  0.000000  0.000000  0.000000  0.000000  0.040000  0.000000  0.080000  0.200000  0.000000  0.400000  0.080000  6.360000  0.000000  30.639999  0.000000  14.240000  0.120000  0.560000  0.400000  0.000000  3.080000  0.000000  3.760000  0.000000  0.000000  0.000000  0.000000  
0.000000  0.000000  0.000000  1.000000  0.008572  0.000000  0.000944  0.000000  0.014456  0.001453  0.009734  0.000363  0.000145  0.000000  0.000000  0.000000  0.000000  0.000000  0.000000  0.000000  0.000000  0.000000  0.000508  0.001162  0.000145  0.000000  0.000436  0.000073  0.000581  0.000145  0.001525  0.001017  0.001453  0.000291  0.000508  0.000218  0.000000  0.002107  0.000000  0.001961  0.000000  0.000000  0.000000  0.000000  
0.000000  1.076496  0.007531  0.425287  1.000000  0.000000  0.083631  0.024574  0.005153  0.065795  0.035275  0.023781  0.157352  0.000396  0.000000  0.000000  0.000000  0.000000  0.000000  0.000000  0.000000  0.000000  0.001189  0.046373  0.040428  0.000000  0.051922  0.014665  0.141498  0.006342  0.195402  0.000000  0.016647  0.060642  0.107808  0.007927  0.000000  0.064209  0.000000  0.091954  0.000000  0.000000  0.000000  0.000000  
0.000000  0.000000  0.000000  0.000000  0.000000  0.000000  0.000000  0.000000  0.000000  0.000000  0.000000  0.000000  0.000000  0.000000  0.000000  0.000000  0.000000  0.000000  0.000000  0.000000  0.000000  0.000000  0.000000  0.000000  0.000000  0.000000  0.000000  0.000000  0.000000  0.000000  0.000000  0.000000  0.000000  0.000000  0.000000  0.000000  0.000000  0.000000  0.000000  0.000000  0.000000  0.000000  0.000000  0.000000  
0.000011  0.002192  0.068934  0.007737  0.043306  0.000000  1.000000  0.009632  0.010994  0.017273  0.022297  0.000043  0.002299  0.000011  0.000149  0.000000  0.000000  0.000128  0.000000  0.000000  0.000607  0.000096  0.002065  0.003874  0.001149  0.000128  0.003714  0.056887  0.009887  0.000543  0.025415  0.001703  0.018593  0.000777  0.000511  0.000788  0.000000  0.001873  0.000000  0.006960  0.000000  0.000000  0.000000  0.000000  
0.002753  0.082267  0.044696  0.167773  0.177328  0.000000  0.065263  1.000000  0.131822  0.072713  0.140243  0.000000  0.006802  0.002429  0.002105  0.000000  0.000000  0.000000  0.000000  0.000000  0.004696  0.000648  0.065587  0.063968  0.035789  0.000000  0.065425  0.021538  0.172308  0.005992  0.086640  0.005506  0.106397  0.027692  0.013279  0.005506  0.000000  0.022510  0.000000  0.072551  0.000000  0.000000  0.000000  0.000000  
0.002659  0.006876  0.026219  0.073432  0.167583  0.000000  0.050055  0.208746  1.000000  0.113861  0.047213  0.001375  0.003025  0.000000  0.000000  0.046021  0.000642  0.046571  0.009443  0.000000  0.011735  0.005409  0.026586  0.106894  0.034470  0.002292  0.021819  0.003484  0.121562  0.004950  0.075633  0.007426  0.018243  0.029703  0.001192  0.008251  0.000000  0.054089  0.000000  0.106069  0.000000  0.000000  0.000000  0.000000  
0.000632  0.010117  0.039519  0.069870  0.139741  0.000000  2.356940  0.088524  0.168827  1.000000  0.085362  0.021815  0.116029  0.013279  0.002213  0.000000  0.000000  0.000000  0.000000  0.000000  0.061018  0.003162  0.099589  0.083781  0.077142  0.009169  0.026241  0.151122  0.398040  0.007272  0.137212  0.007272  0.078090  0.047107  0.019602  0.016756  0.000000  0.082517  0.000000  0.240278  0.000000  0.000000  0.000000  0.000000  
0.004292  0.020029  0.023367  0.087268  0.151168  0.000000  1.596090  0.040057  0.173581  2.686219  1.000000  0.032904  0.408202  1.634239  0.005722  0.000000  0.000000  0.000000  0.000000  0.000000  0.030043  0.017167  0.093467  0.131140  0.135432  0.109204  0.040534  0.092990  0.500715  0.014783  0.153076  0.041965  0.059609  0.075346  0.028135  0.066762  0.000000  0.101097  0.000000  0.505961  0.000000  0.000000  0.000000  0.000000  
0.000000  0.000000  0.000000  0.155172  0.224138  0.000000  1.568966  0.396552  0.206897  4.327586  3.706897  1.000000  0.827586  0.000000  0.017241  0.000000  0.000000  0.000000  0.000000  0.000000  0.034483  0.068966  0.137931  0.344828  0.568965  0.034483  0.086207  0.017241  0.603448  0.034483  0.500000  0.000000  0.000000  0.275862  0.086207  0.482759  0.000000  0.413793  0.000000  2.086207  0.000000  0.000000  0.000000  0.000000  
0.000000  0.002893  0.000305  0.014009  0.038983  0.000000  0.490026  0.024060  0.082686  0.159890  0.025278  0.012791  1.000000  0.000000  0.001523  0.000000  0.000000  0.000000  0.000000  0.000000  0.017512  0.000000  0.024517  0.030608  0.058474  0.003655  0.009593  0.000761  0.055733  0.002436  0.027258  0.007005  0.001370  0.011421  0.007157  0.005939  0.000000  0.033044  0.000000  0.080554  0.000000  0.000000  0.000000  0.000000  
0.000000  0.000228  0.000046  0.005478  0.007031  0.000000  0.022051  0.001096  0.017759  0.017348  0.010729  0.000137  0.002009  1.000000  0.002739  0.000000  0.000000  0.000000  0.000000  0.000000  0.014792  0.000000  0.003104  0.007259  0.019540  0.000548  0.001598  0.000091  0.026616  0.000000  0.008035  0.002146  0.003287  0.001004  0.001552  0.008263  0.000000  0.007442  0.000000  0.012737  0.000000  0.000000  0.000000  0.000000  
0.014175  0.014175  0.006443  0.127577  0.126289  0.000000  1.503866  0.041237  0.137887  1.216495  0.438144  0.003866  0.225515  0.000000  1.000000  0.000000  0.000000  0.000000  0.000000  0.000000  0.024485  0.000000  0.091495  0.051546  0.068299  0.001289  0.018041  0.003866  0.320876  0.006443  0.172680  0.002577  0.003866  0.041237  0.024485  0.052835  0.000000  0.059278  0.000000  0.182990  0.000000  0.000000  0.000000  0.000000  
25.281609  0.008046  0.001149  0.140230  0.137931  0.000000  0.012644  0.029885  0.035632  0.201149  0.112644  0.000000  0.002299  0.000000  0.001149  1.000000  0.037931  0.182759  0.005747  0.000000  0.002299  0.000000  0.009195  0.142529  0.068966  0.000000  0.029885  0.039080  1.406897  0.010345  0.197701  0.012644  0.013793  0.028736  0.037931  0.034483  0.000000  0.034483  0.000000  0.220690  0.000000  0.000000  0.000000  0.000000  
150.958328  0.055556  0.000000  1.916667  1.305556  0.000000  0.138889  0.638889  0.930556  4.902778  1.361111  0.000000  0.069444  0.000000  0.000000  0.083333  1.000000  0.902778  0.000000  0.000000  0.013889  0.000000  0.041667  1.569444  0.277778  0.000000  0.305556  0.388889  7.236111  0.083333  5.236111  0.000000  0.000000  0.194444  0.388889  0.277778  0.000000  0.277778  0.000000  1.583333  0.000000  0.000000  0.000000  0.000000  
1.422987  0.009016  0.000895  0.032003  0.039711  0.000000  0.015967  0.016380  0.042602  0.071645  0.033861  0.000069  0.002134  0.000000  0.000138  0.038403  0.088094  1.000000  0.013352  0.000000  0.001101  0.000413  0.007777  0.070475  0.007708  0.000826  0.007777  0.004680  0.117343  0.003235  0.070475  0.000000  0.013076  0.013283  0.008259  0.006263  0.000000  0.012388  0.000000  0.070957  0.000000  0.000000  0.000000  0.000000  
4.118881  0.044289  0.032634  0.526807  0.384615  0.000000  0.020979  0.692308  0.990676  0.818182  0.673660  0.000000  0.000000  0.000000  0.000000  0.000000  0.000000  1.757576  1.000000  0.000000  0.000000  0.002331  0.046620  0.599068  0.121212  0.023310  0.242424  0.207459  1.095571  0.072261  0.622378  0.000000  0.088578  0.272727  0.142191  0.046620  0.000000  0.226107  0.000000  2.011655  0.000000  0.000000  0.000000  0.000000  
48.209301  0.069767  0.000000  0.465116  0.558140  0.000000  0.674419  0.069767  0.581395  0.604651  0.860465  0.000000  0.069767  0.000000  0.000000  0.000000  0.000000  0.046512  0.023256  1.000000  0.000000  0.209302  1.302326  9.186047  0.093023  0.000000  0.209302  0.162791  1.279070  0.000000  0.534884  0.000000  0.023256  1.000000  0.232558  0.418605  0.000000  1.395349  0.000000  6.860465  0.000000  0.000000  0.000000  0.000000  
0.325049  0.001591  0.000032  0.014319  0.031439  0.000000  0.000827  0.000859  0.150799  0.005250  0.016770  0.000127  0.000605  0.000000  0.000000  0.000000  0.000000  0.002132  0.000000  0.000000  1.000000  0.029912  0.001464  0.021956  0.010692  0.011455  0.010787  0.003468  0.087030  0.002928  0.023993  0.004519  0.013842  0.011296  0.005441  0.001687  0.000000  0.006937  0.000000  0.025234  0.000000  0.000000  0.000000  0.000000  
0.226134  0.002708  0.000000  0.024374  0.031144  0.000000  0.006770  0.018280  0.159106  0.084631  0.020988  0.000000  0.005416  0.000000  0.000000  0.414353  0.000000  0.012864  0.000000  0.000000  0.394042  1.000000  0.020311  0.071090  0.080569  0.000677  0.029113  0.004739  0.224103  0.004062  0.037915  0.000000  0.007448  0.016926  0.039946  0.003385  0.000000  0.005416  0.000000  0.035207  0.000000  0.000000  0.000000  0.000000  
0.537750  0.008250  0.000750  0.034750  0.069000  0.000000  0.062500  0.033500  0.208000  0.220750  0.063500  0.000000  0.015250  0.000000  0.000000  0.000000  0.000000  0.000000  0.000000  0.000000  0.369500  0.008000  1.000000  0.076500  0.075500  0.000000  0.021750  0.012250  0.256000  0.010750  0.147750  0.000000  0.041500  0.054750  0.037000  0.004250  0.000000  0.013500  0.000000  0.072500  0.000000  0.000000  0.000000  0.000000  
0.051394  0.004182  0.000186  0.029182  0.049349  0.000000  0.014219  0.007807  0.130576  0.013011  0.044238  0.001022  0.006877  0.000000  0.000000  0.000000  0.000000  0.000279  0.000000  0.000000  0.009294  0.001487  0.002881  1.000000  0.006784  0.002138  0.008922  0.032714  0.059851  0.004740  0.041078  0.000000  0.006227  0.034944  0.011152  0.002323  0.000000  0.010037  0.000000  0.036152  0.000000  0.000000  0.000000  0.000000  
0.015748  0.173228  0.000000  0.456693  1.330709  0.000000  0.275591  0.976378  22.850393  1.204724  0.913386  0.000000  0.102362  0.000000  0.000000  0.000000  0.000000  0.000000  0.000000  0.000000  3.519685  0.047244  0.283465  1.007874  1.000000  0.000000  0.267717  0.188976  1.858268  0.157480  1.055118  0.078740  0.094488  0.614173  0.086614  0.102362  0.000000  0.299213  0.000000  1.653543  0.000000  0.000000  0.000000  0.000000  
0.017142  0.000578  0.000000  0.001348  0.005008  0.000000  0.034091  0.001541  0.014831  0.006163  0.004622  0.000385  0.000770  0.000000  0.000385  0.009245  0.000000  0.000000  0.000000  0.000000  0.035632  0.001926  0.006741  0.012904  0.013675  1.000000  0.005008  0.000578  0.031009  0.000770  0.005586  0.001926  0.000385  0.001926  0.002311  0.000963  0.000000  0.002889  0.000000  0.014060  0.000000  0.000000  0.000000  0.000000  
82.000000  17.000000  82.000000  1326.000000  234.000000  0.000000  9498.000000  17916.000000  361.000000  6620.000000  2455.000000  0.000000  1248.000000  0.000000  0.000000  0.000000  0.000000  0.000000  24.000000  18.000000  209.000000  0.000000  7884.000000  997.000000  1821.000000  111.000000  0.000000  77.000000  7347.000000  18.000000  3134.000000  0.000000  254.000000  183.000000  366.000000  201.000000  0.000000  300.000000  0.000000  1525.000000  0.000000  0.000000  0.000000  0.000000  
0.000000  1.555556  0.111111  11.888889  14.222222  0.000000  3.333333  6.000000  5.888889  2.222222  35.222221  6.333333  40.888889  267.888885  0.000000  0.000000  0.000000  0.000000  0.111111  0.000000  147.888885  17.333334  0.444444  17.444445  38.000000  12.111111  13.222222  1.000000  118.444443  2.888889  21.222221  0.555556  0.888889  15.666667  8.333333  4.333333  0.000000  12.000000  0.000000  66.555557  0.000000  0.000000  0.000000  0.000000  
200.000000  298.000000  0.000000  5212.000000  960.000000  0.000000  130.000000  360.000000  208.000000  100.000000  50.000000  0.000000  90.000000  0.000000  0.000000  0.000000  0.000000  0.000000  8.000000  17.000000  46.000000  0.000000  46.000000  4846.000000  1212.000000  62.000000  1011.000000  1725.000000  0.000000  10.000000  106.000000  395.000000  1.000000  2041.000000  1026.000000  50.000000  0.000000  120.000000  0.000000  705.000000  0.000000  0.000000  0.000000  0.000000  
1722.000000  39.000000  0.000000  119.000000  355.000000  0.000000  0.000000  284.000000  60.000000  50.000000  0.000000  0.000000  30.000000  0.000000  0.000000  1136.000000  736.000000  1039.000000  11921.000000  35.000000  100.000000  0.000000  45.000000  179.000000  90.000000  50.000000  400.000000  55.000000  4314.000000  0.000000  232.000000  0.000000  0.000000  32.000000  25.000000  30.000000  0.000000  85.000000  0.000000  448.000000  0.000000  0.000000  0.000000  0.000000  
0.000000  1.016129  0.000000  17.395161  4.653226  0.000000  5.032258  0.169355  0.572581  1.750000  0.798387  0.209677  2.266129  0.241935  3.072581  0.000000  0.000000  0.000000  0.000000  0.000000  0.564516  0.016129  1.258065  0.209677  5.919355  0.024194  0.201613  13.104838  4.443548  0.016129  1.000000  0.000000  0.225806  5.725806  4.233871  0.072581  0.000000  0.169355  0.024194  0.967742  0.000000  0.000000  0.000000  0.000000  
0.000000  0.000000  0.000000  168.899994  0.800000  0.000000  2.200000  0.100000  5.000000  7.700000  3.300000  0.300000  4.300000  0.000000  61.200001  0.000000  0.000000  0.000000  0.100000  0.000000  0.000000  0.000000  0.000000  7.800000  5.500000  0.000000  23.799999  0.200000  52.000000  16.200001  11.400000  1.000000  219.800003  18.700001  46.200001  3.100000  0.000000  26.799999  0.000000  50.299999  0.000000  0.000000  0.000000  0.000000  
36.000000  0.000000  0.000000  28.000000  225.000000  0.000000  0.000000  0.000000  21.000000  0.000000  2.000000  0.000000  0.000000  0.000000  0.000000  0.000000  0.000000  0.000000  0.000000  0.000000  0.000000  9.000000  16.000000  302.000000  105.000000  0.000000  1.000000  25.000000  35.000000  2.000000  0.000000  0.000000  0.000000  120.000000  30.000000  2.000000  0.000000  7.000000  0.000000  41.000000  0.000000  0.000000  0.000000  0.000000  
0.021978  0.417582  0.000000  0.516484  0.791209  0.000000  0.285714  0.010989  0.131868  0.175824  0.131868  0.659341  0.835165  0.000000  0.000000  0.000000  0.000000  0.000000  0.000000  0.000000  0.153846  0.032967  0.109890  2.043956  0.120879  0.010989  0.560440  0.362637  0.417582  0.021978  3.835165  0.000000  0.000000  1.000000  0.076923  0.109890  0.000000  0.340659  0.000000  1.835165  0.000000  0.000000  0.000000  0.000000  
0.000000  0.001132  0.000000  0.005096  0.005788  0.000000  0.000000  0.000000  0.007297  0.000000  0.000000  0.000000  0.000000  0.000000  0.000000  0.000000  0.000000  0.000000  0.000000  0.000000  0.000000  0.000000  0.000000  0.033216  0.000755  0.000000  0.016797  0.001761  0.007235  0.010506  0.002265  0.005662  0.000000  0.035355  1.000000  0.028183  0.000000  0.007172  0.001447  0.280511  0.000000  0.000000  0.000000  0.000000  
0.000000  3.000000  0.000000  0.000000  44.400002  0.000000  0.000000  7.800000  17.000000  0.000000  0.000000  0.000000  0.000000  0.000000  0.000000  0.000000  0.000000  0.000000  0.000000  0.000000  0.000000  0.000000  7.000000  35.599998  9.600000  4.600000  58.000000  11.200000  19.000000  0.800000  5.600000  0.000000  0.000000  47.000000  15.800000  1.000000  0.000000  2.800000  0.000000  14.200000  0.000000  0.000000  0.000000  0.000000  
0.000000  0.000000  0.000000  0.000000  0.000000  0.000000  0.000000  0.000000  0.000000  0.000000  0.000000  0.000000  0.000000  0.000000  0.000000  0.000000  0.000000  0.000000  0.000000  0.000000  0.000000  0.000000  0.000000  0.000000  0.000000  0.000000  5631.000000  0.000000  0.000000  0.000000  0.000000  0.000000  0.000000  0.000000  500.000000  1.000000  0.000000  4.000000  0.000000  20.000000  0.000000  0.000000  0.000000  0.000000  
1.529412  9.882353  3.117647  20.294117  23.000000  0.000000  2.411765  2.529412  10.058824  7.000000  0.941176  2.117647  4.588235  0.058824  0.000000  0.176471  0.117647  1.352941  0.176471  0.117647  8.352942  0.235294  8.000000  50.411766  3.294118  2.235294  46.529411  0.823529  16.235294  0.823529  2.764706  0.000000  0.000000  11.470589  6.764706  0.352941  0.000000  1.000000  0.294118  17.411764  0.000000  0.000000  0.000000  0.000000  
249.000000  64.000000  0.000000  498.000000  395.000000  0.000000  331.000000  116.000000  1308.000000  150.000000  0.000000  230.000000  80.000000  0.000000  0.000000  359.000000  210.000000  333.000000  87.000000  0.000000  81.000000  4.000000  1.000000  127.000000  121.000000  0.000000  240.000000  25.000000  595.000000  4.000000  12.000000  0.000000  0.000000  319.000000  25.000000  0.000000  0.000000  0.000000  0.000000  665.000000  0.000000  0.000000  0.000000  0.000000  
0.000000  0.198630  0.000000  1.736301  0.816781  0.000000  0.239726  0.186644  1.032534  0.000000  0.000000  0.000000  0.000000  0.000000  0.000000  0.000000  0.000000  0.256849  0.020548  0.025685  0.000000  0.039384  0.638699  6.621575  0.488014  0.020548  0.462329  0.059932  1.101027  0.023973  0.094178  0.000000  0.000000  0.518836  0.349315  0.061644  0.000000  0.188356  0.000000  1.000000  0.000000  0.000000  0.000000  0.000000  
45.000000  95.000000  29.000000  721.000000  885.000000  0.000000  12.000000  102.000000  189.000000  233.000000  2430.000000  44.000000  567.000000  650.000000  2107.000000  20.000000  12.000000  31.000000  2.000000  3.000000  269.000000  43.000000  92.000000  1079.000000  112.000000  104.000000  1714.000000  218.000000  343.000000  438.000000  1318.000000  35.000000  18.000000  782.000000  463.000000  63.000000  0.000000  266.000000  157.000000  1501.000000  0.000000  0.000000  0.000000  0.000000  
29.000000  235.000000  34.000000  326.000000  285.000000  0.000000  17.000000  42.000000  90.000000  124.000000  15.000000  109.000000  91.000000  25.000000  90.000000  8.000000  3.000000  9.000000  3.000000  0.000000  126.000000  3.000000  67.000000  344.000000  26.000000  38.000000  825.000000  35.000000  256.000000  69.000000  381.000000  3.000000  0.000000  78.000000  274.000000  10.000000  0.000000  0.000000  59.000000  570.000000  0.000000  0.000000  0.000000  0.000000  
85.000000  50.000000  0.000000  350.000000  219.000000  0.000000  4.000000  60.000000  220.000000  90.000000  53.000000  80.000000  65.000000  0.000000  0.000000  80.000000  24.000000  60.000000  4.000000  0.000000  60.000000  4.000000  5.000000  110.000000  63.000000  0.000000  190.000000  16.000000  350.000000  5.000000  15.000000  0.000000  0.000000  255.000000  25.000000  48.000000  0.000000  0.000000  0.000000  500.000000  0.000000  0.000000  0.000000  0.000000  
0.000000  0.000000  0.000000  0.000000  0.000000  0.000000  0.000000  0.000000  0.000000  0.000000  0.000000  0.000000  0.000000  0.000000  0.000000  0.000000  0.000000  0.000000  0.000000  0.000000  0.000000  0.000000  0.000000  0.000000  0.000000  0.000000  0.000000  0.000000  0.000000  0.000000  0.000000  0.000000  0.000000  0.000000  0.000000  0.000000  0.000000  0.000000  0.000000  0.000000  0.000000  0.000000  0.000000  0.000000  
0.000290  0.001036  0.006310  0.000269  0.000628  0.031548  0.000103  0.000401  0.000302  0.000561  0.000689  0.004142  0.000389  0.000213  0.001133  0.001070  0.003718  0.000262  0.001523  0.004811  0.000178  0.000821  0.000499  0.000304  0.002799  0.000438  0.031548  0.010516  0.031548  0.031548  0.002833  0.009976  0.031548  0.003307  0.000250  0.014109  0.031548  0.007651  0.031548  0.001305  0.031548  0.031548  0.031548  0.031548  