1.000000  0.000000  0.000000  0.097976  0.057085  0.000000  0.000270  0.027800  0.215655  0.035897  0.243590  0.000270  0.010121  0.000000  0.000000  0.000270  0.068826  0.522267  0.006343  0.000540  0.010661  0.000135  0.011741  0.021727  0.017949  0.000675  0.049663  0.003914  0.218623  0.013495  0.044669  0.000000  0.000000  0.020108  0.016329  0.000000  0.002159  0.000135  0.023347  0.014575  0.000000  0.000000  0.000000  0.000000  
0.198265  1.000000  0.065675  0.189591  0.892193  0.000000  0.182156  0.033457  0.120198  0.463445  0.174721  0.000000  0.158612  0.000000  0.126394  0.000000  0.000000  0.002478  0.006196  0.003717  0.014870  0.009913  0.066914  0.123916  0.011152  0.004957  0.291202  0.030979  0.245353  0.110285  0.121437  0.000000  0.000000  0.153656  0.058240  0.000000  0.018587  0.002478  0.001239  0.104089  0.000000  0.000000  0.000000  0.000000  
0.000000  79.024391  1.000000  1.097561  11.829268  0.000000  0.414634  0.365854  0.121951  3.951220  0.121951  0.000000  2.317073  0.000000  1.317073  0.000000  0.000000  0.024390  0.097561  0.048780  0.121951  0.000000  0.000000  1.756098  0.024390  0.073171  0.390244  0.439024  1.097561  1.414634  1.268293  0.000000  0.000000  0.048780  0.292683  0.000000  0.268293  0.024390  0.000000  1.414634  0.000000  0.000000  0.000000  0.000000  
0.001294  0.006901  0.000000  1.000000  0.103731  0.000000  0.002588  0.009705  0.179642  0.026526  0.003019  0.000000  0.017253  0.000000  0.000000  0.000000  0.000000  0.000863  0.001294  0.000863  0.001725  0.000000  0.003451  0.025232  0.001941  0.000863  0.023075  0.006038  0.050895  0.020056  0.079362  0.000000  0.000000  0.001725  0.009705  0.000000  0.003451  0.000647  0.000431  0.019409  0.000000  0.000000  0.000000  0.000000  
0.000558  1.314174  0.001116  0.208705  1.000000  0.000000  0.092634  0.040179  0.107701  0.116629  0.018415  0.000000  0.130022  0.000000  0.000000  0.000000  0.000000  0.011161  0.004464  0.004464  0.026228  0.000000  0.041295  0.159598  0.038504  0.004464  0.004464  0.029576  0.256696  0.103237  0.280134  0.000000  0.000000  0.032366  0.041295  0.000000  0.016741  0.003906  0.003906  0.089844  0.000000  0.000000  0.000000  0.000000  
0.000000  0.000000  0.000000  0.000000  0.000000  0.000000  0.000000  0.000000  0.000000  0.000000  0.000000  0.000000  0.000000  0.000000  0.000000  0.000000  0.000000  0.000000  0.000000  0.000000  0.000000  0.000000  0.000000  0.000000  0.000000  0.000000  0.000000  0.000000  0.000000  0.000000  0.000000  0.000000  0.000000  0.000000  0.000000  0.000000  0.000000  0.000000  0.000000  0.000000  0.000000  0.000000  0.000000  0.000000  
0.000480  0.003922  0.069233  0.022291  0.081159  0.000000  1.000000  0.048343  0.036978  0.022131  0.004442  0.000000  0.016608  0.000000  0.000000  0.000000  0.000000  0.001121  0.000840  0.000760  0.001921  0.001281  0.011045  0.027013  0.001681  0.000840  0.000440  0.039339  0.059068  0.019409  0.082320  0.000000  0.000000  0.005683  0.006603  0.000000  0.003202  0.000400  0.000080  0.018809  0.000000  0.000000  0.000000  0.000000  
0.000566  0.128539  0.079841  0.339751  0.453567  0.000000  0.076444  1.000000  0.355040  0.182333  0.024349  0.000000  0.072480  0.000000  0.000000  0.000000  0.000000  0.007928  0.003398  0.003398  0.036240  0.000566  0.144394  0.290487  0.055493  0.003398  0.002265  0.031710  0.520385  0.090034  0.289354  0.000000  0.000000  0.067950  0.037939  0.000000  0.015289  0.003964  0.003398  0.085504  0.000000  0.000000  0.000000  0.000000  
0.063671  0.026205  0.033893  0.063454  0.166540  0.000000  0.112398  0.170005  1.000000  0.098755  0.075041  0.008879  0.059339  0.000000  0.000000  0.011370  0.013535  0.075799  0.003573  0.001408  0.030644  0.000217  0.003682  0.119870  0.019058  0.003790  0.001191  0.016243  0.192312  0.059448  0.099729  0.000000  0.000000  0.012561  0.017542  0.000000  0.009637  0.001299  0.000758  0.056199  0.000000  0.000000  0.000000  0.000000  
0.000672  0.012760  0.082606  0.220282  0.550034  0.000000  6.061115  0.705843  0.633311  1.000000  0.144392  0.016118  0.243116  0.000000  0.000000  0.000000  0.000000  0.008059  0.007388  0.006044  0.030893  0.025520  0.171927  0.276696  0.315648  0.007388  0.002686  0.124244  0.926125  0.169913  0.633983  0.000000  0.000000  0.210880  0.081934  0.000000  0.026864  0.006044  0.004701  0.160510  0.000000  0.000000  0.000000  0.000000  
0.000330  0.011559  0.003303  0.116579  0.231176  0.000000  1.225561  0.011229  0.182959  1.928996  1.000000  0.092801  0.307133  0.038639  0.003303  0.000000  0.000000  0.010568  0.003963  0.003633  0.016182  0.016843  0.182299  0.153567  0.474571  0.004624  0.003303  0.027411  0.444518  0.119881  0.178666  0.000000  0.000000  0.089168  0.049868  0.000000  0.016182  0.002642  0.001982  0.113276  0.000000  0.000000  0.000000  0.000000  
0.000000  0.007264  0.007264  0.133172  0.198547  0.000000  1.261501  0.401937  0.491525  1.300242  0.322034  1.000000  0.690073  0.000000  0.000000  0.000000  0.000000  0.021792  0.007264  0.007264  0.096852  0.033898  0.193705  0.348668  0.377724  0.019370  0.002421  0.048426  0.673123  0.205811  0.251816  0.000000  0.000000  0.152542  0.055690  0.000000  0.029056  0.007264  0.004843  0.193705  0.000000  0.000000  0.000000  0.000000  
0.001624  0.004548  0.000650  0.038986  0.103639  0.000000  1.175439  0.207602  0.358350  0.529565  0.071475  0.058155  1.000000  0.000000  0.000000  0.000000  0.000000  0.009097  0.003249  0.002599  0.089344  0.000325  0.121832  0.215724  0.191033  0.003249  0.001624  0.021442  0.403184  0.085120  0.131904  0.000000  0.000000  0.064977  0.036062  0.000000  0.012995  0.002274  0.001624  0.079272  0.000000  0.000000  0.000000  0.000000  
0.000233  0.000933  0.000233  0.098716  0.026604  0.000000  0.535589  0.051109  0.191365  0.624271  0.039440  0.075613  0.283314  1.000000  0.000000  0.000000  0.000000  0.007468  0.001400  0.001167  0.131155  0.021937  0.080747  0.053909  0.336756  0.001400  0.000700  0.009802  0.229172  0.045741  0.085881  0.000000  0.000000  0.035473  0.015169  0.000000  0.005601  0.000700  0.000467  0.043407  0.000000  0.000000  0.000000  0.000000  
0.000000  0.072727  0.018182  1.109091  1.200000  0.000000  17.418182  0.872727  2.436364  8.927273  5.927273  0.636364  3.127273  1.818182  1.000000  0.000000  0.000000  0.072727  0.072727  0.072727  0.418182  0.254545  0.709091  0.654545  1.545455  0.018182  0.472727  0.090909  4.018182  0.618182  1.727273  0.000000  0.000000  0.872727  0.418182  0.000000  0.054545  0.000000  0.000000  0.600000  0.000000  0.000000  0.000000  0.000000  
49.474575  0.038136  0.000000  0.122881  0.444915  0.000000  0.021186  0.004237  0.084746  0.419492  0.050847  0.000000  0.385593  0.000000  0.000000  1.000000  0.000000  0.199153  0.021186  0.016949  0.042373  0.004237  0.012712  0.580508  0.076271  0.025424  0.012712  0.148305  0.885593  0.491525  0.669492  0.000000  0.000000  0.203390  0.165254  0.000000  0.084746  0.012712  0.025424  0.461864  0.000000  0.000000  0.000000  0.000000  
7851.000000  15.000000  2.000000  25.000000  61.000000  0.000000  8.000000  11.000000  13.000000  51.000000  5.000000  0.000000  47.000000  0.000000  0.000000  0.000000  0.000000  24.000000  8.000000  2.000000  6.000000  0.000000  7.000000  80.000000  9.000000  3.000000  1.000000  18.000000  51.000000  59.000000  60.000000  0.000000  0.000000  25.000000  16.000000  0.000000  10.000000  2.000000  1.000000  57.000000  0.000000  0.000000  0.000000  0.000000  
1.738155  0.011318  0.001343  0.059850  0.065605  0.000000  0.004796  0.044120  0.085747  0.094955  0.008440  0.000000  0.037598  0.000000  0.000000  0.045080  0.049300  1.000000  0.050834  0.002110  0.036639  0.000000  0.010742  0.154805  0.015154  0.003261  0.001151  0.013620  0.258201  0.048916  0.115097  0.000000  0.000000  0.019950  0.016497  0.000000  0.008249  0.001343  0.000575  0.044504  0.000000  0.000000  0.000000  0.000000  
0.853568  0.028730  0.007414  0.237257  0.139944  0.000000  0.012048  0.174235  0.177943  0.170528  0.020389  0.000000  0.090825  0.000000  0.000000  0.000000  0.000000  0.507878  1.000000  0.004634  0.067655  0.000000  0.072289  0.184430  0.016682  0.004634  0.002780  0.034291  0.436515  0.117702  0.184430  0.000000  0.000000  0.047266  0.046339  0.000000  0.020389  0.002780  0.002780  0.107507  0.000000  0.000000  0.000000  0.000000  
971.000000  0.000000  1.000000  21.000000  21.000000  0.000000  8.000000  0.000000  34.000000  98.000000  8.000000  0.000000  45.000000  0.000000  0.000000  0.000000  0.000000  13.000000  3.000000  1.000000  4.000000  0.000000  42.000000  268.000000  4.000000  3.000000  1.000000  17.000000  104.000000  61.000000  78.000000  0.000000  0.000000  12.000000  35.000000  0.000000  10.000000  2.000000  1.000000  55.000000  0.000000  0.000000  0.000000  0.000000  
0.112900  0.005658  0.000522  0.012187  0.034645  0.000000  0.009314  0.004788  0.210568  0.041435  0.008008  0.000000  0.011142  0.000000  0.000000  0.001132  0.000000  0.000435  0.000522  0.000609  1.000000  0.035951  0.029074  0.040390  0.030380  0.017845  0.000261  0.005397  0.072685  0.014798  0.027942  0.000000  0.000000  0.024373  0.008182  0.000000  0.002437  0.000522  0.000609  0.014711  0.000000  0.000000  0.000000  0.000000  
0.358392  0.007867  0.000874  0.033217  0.038462  0.000000  0.023601  0.013112  0.198427  0.149476  0.006119  0.000000  0.019231  0.000000  0.000000  0.489510  0.000000  0.013986  0.002622  0.002622  0.234266  1.000000  0.062937  0.111888  0.246504  0.003497  0.000000  0.008741  0.257867  0.022727  0.048077  0.000000  0.000000  0.055070  0.016608  0.000000  0.005245  0.000000  0.000874  0.023601  0.000000  0.000000  0.000000  0.000000  
0.395170  0.004391  0.000549  0.050220  0.080681  0.000000  0.037870  0.133644  0.174259  0.166026  0.006312  0.000000  0.044182  0.000000  0.000000  0.000000  0.000000  0.000549  0.001372  0.001098  0.186334  0.011526  1.000000  0.066411  0.057903  0.004391  0.000823  0.009605  0.209934  0.033754  0.074369  0.000000  0.000000  0.040889  0.016191  0.000000  0.005763  0.001098  0.000823  0.031559  0.000000  0.000000  0.000000  0.000000  
0.094359  0.015258  0.000803  0.030315  0.101586  0.000000  0.027705  0.026701  0.111022  0.057619  0.019072  0.000000  0.033728  0.000000  0.000000  0.000000  0.000000  0.002811  0.001807  0.001405  0.045573  0.022887  0.018671  1.000000  0.017065  0.001807  0.000803  0.038747  0.203172  0.048986  0.085525  0.000000  0.000000  0.030516  0.017667  0.000000  0.007227  0.001205  0.001004  0.186910  0.000000  0.000000  0.000000  0.000000  
0.104418  0.092369  0.004016  0.236948  0.783133  0.000000  0.349398  0.457831  9.811245  0.710843  0.068273  0.008032  0.240964  0.000000  0.000000  0.000000  0.000000  0.004016  0.012048  0.012048  3.032129  0.004016  0.240964  1.012048  1.000000  0.028112  0.008032  0.088353  1.228916  0.309237  0.626506  0.000000  0.000000  0.228916  0.132530  0.000000  0.048193  0.012048  0.008032  0.309237  0.000000  0.000000  0.000000  0.000000  
0.093909  0.002538  0.002538  0.048223  0.101523  0.000000  0.883249  0.137056  0.408629  0.380711  0.017766  0.025381  0.093909  0.025381  0.017766  0.048223  0.000000  0.002538  0.002538  0.002538  0.144670  0.048223  0.357868  0.180203  0.116751  1.000000  0.002538  0.035533  0.152284  0.093909  0.119289  0.000000  0.000000  0.050761  0.032995  0.000000  0.012690  0.002538  0.002538  0.088832  0.000000  0.000000  0.000000  0.000000  
1.263566  0.007752  0.003876  2.205426  0.709302  0.000000  9.248062  35.554264  0.666667  24.313953  5.697674  0.081395  4.573643  0.000000  0.186047  0.000000  0.000000  0.143411  0.081395  0.069767  0.457364  0.000000  18.306202  2.759690  4.937984  0.104651  1.000000  0.558140  15.100775  1.922481  6.651163  0.000000  0.000000  1.984496  1.085271  0.000000  0.325581  0.073643  0.069767  12.372093  0.000000  0.000000  0.000000  0.000000  
0.428571  0.190476  0.000000  3.000000  5.857143  0.000000  21.571428  3.333333  7.380952  20.761906  3.380952  1.523810  9.952381  14.761905  5.476191  0.000000  0.000000  0.333333  0.142857  0.142857  4.476191  0.666667  9.809524  4.761905  7.714286  0.380952  0.047619  1.000000  10.904762  3.333333  5.142857  0.000000  0.000000  1.428571  1.047619  0.000000  0.523810  0.095238  0.047619  3.476191  0.000000  0.000000  0.000000  0.000000  
10.000000  57.000000  62.000000  444.000000  969.000000  0.000000  1.000000  0.000000  0.000000  1848.000000  284.000000  354.000000  1774.000000  0.000000  0.000000  0.000000  0.000000  39.000000  98.000000  83.000000  233.000000  0.000000  0.000000  2681.000000  205.000000  101.000000  46.000000  618.000000  0.000000  2229.000000  1546.000000  0.000000  0.000000  2046.000000  736.000000  0.000000  364.000000  63.000000  47.000000  2209.000000  0.000000  0.000000  0.000000  0.000000  
510.000000  10.000000  12.000000  170.000000  191.000000  0.000000  0.000000  1.000000  0.000000  200.000000  61.000000  0.000000  177.000000  0.000000  0.000000  278.000000  517.000000  3677.000000  5161.000000  2190.000000  20.000000  0.000000  0.000000  326.000000  3.000000  13.000000  6.000000  57.000000  2391.000000  1.000000  392.000000  0.000000  0.000000  245.000000  71.000000  0.000000  34.000000  5.000000  4.000000  192.000000  0.000000  0.000000  0.000000  0.000000  
0.014946  0.189538  0.011549  1.564538  0.310462  0.000000  0.117527  0.068614  0.105978  0.254755  0.023098  0.000000  0.137908  0.230299  0.296875  0.016304  0.017663  0.118886  0.005435  0.005435  0.044837  0.000000  0.024457  0.119565  0.037364  0.041440  0.202446  0.485054  0.866168  0.329484  1.000000  0.000000  0.000000  0.253397  0.067935  0.000000  0.011549  0.004755  0.013587  0.088995  0.000000  0.000000  0.000000  0.000000  
0.000000  0.000000  0.000000  0.000000  0.000000  0.000000  0.000000  0.000000  0.000000  0.000000  0.000000  0.000000  0.000000  0.000000  0.000000  0.000000  0.000000  0.000000  0.000000  0.000000  0.000000  0.000000  0.000000  0.000000  0.000000  0.000000  0.000000  0.000000  0.000000  0.000000  0.000000  0.000000  0.000000  0.000000  0.000000  0.000000  0.000000  0.000000  0.000000  0.000000  0.000000  0.000000  0.000000  0.000000  
0.000000  0.000000  0.000000  0.000000  0.000000  0.000000  0.000000  0.000000  0.000000  0.000000  0.000000  0.000000  0.000000  0.000000  0.000000  0.000000  0.000000  0.000000  0.000000  0.000000  0.000000  0.000000  0.000000  0.000000  0.000000  0.000000  0.000000  0.000000  0.000000  0.000000  0.000000  0.000000  0.000000  0.000000  0.000000  0.000000  0.000000  0.000000  0.000000  0.000000  0.000000  0.000000  0.000000  0.000000  
0.000000  0.109375  0.109375  1.250000  1.796875  0.000000  0.015625  0.000000  0.000000  0.328125  0.046875  0.062500  4.078125  0.390625  0.546875  0.000000  0.000000  0.000000  0.015625  0.015625  0.031250  0.000000  0.000000  1.484375  0.015625  0.015625  0.015625  0.140625  0.859375  0.484375  1.812500  0.000000  0.000000  1.000000  0.625000  0.000000  0.078125  0.031250  0.031250  0.656250  0.000000  0.000000  0.000000  0.000000  
0.000108  0.000756  0.000864  0.008424  0.014364  0.000000  0.000000  0.000000  0.000000  0.026785  0.004428  0.000000  0.024085  0.000000  0.000000  0.000000  0.000000  0.000432  0.001080  0.000972  0.002376  0.000000  0.000000  0.039745  0.000540  0.001404  0.000648  0.009396  0.041041  0.032725  0.024517  0.000000  0.000000  0.038449  1.000000  0.000000  0.005292  0.001080  0.000972  0.210066  0.000000  0.000000  0.000000  0.000000  
0.000000  0.000000  0.000000  0.000000  0.000000  0.000000  0.000000  0.000000  0.000000  0.000000  0.000000  0.000000  0.000000  0.000000  0.000000  0.000000  0.000000  0.000000  0.000000  0.000000  0.000000  0.000000  0.000000  0.000000  0.000000  0.000000  0.000000  0.000000  0.000000  0.000000  0.000000  0.000000  0.000000  0.000000  0.000000  0.000000  0.000000  0.000000  0.000000  0.000000  0.000000  0.000000  0.000000  0.000000  
0.000000  0.083333  0.166667  0.000000  3.500000  0.000000  0.000000  0.000000  0.000000  7.666667  1.500000  0.000000  4.750000  0.000000  0.000000  0.000000  0.000000  0.083333  0.250000  0.250000  0.833333  0.000000  0.000000  7.083333  0.250000  0.250000  274.000000  1.833333  23.083334  6.333333  6.583333  0.000000  0.000000  0.583333  7.666667  0.000000  1.000000  0.250000  0.333333  223.833328  0.000000  0.000000  0.000000  0.000000  
0.000000  0.000000  0.000000  0.000000  5.000000  0.000000  0.000000  0.000000  0.000000  15.000000  0.000000  2.000000  8.000000  0.000000  0.000000  0.000000  0.000000  0.000000  1.000000  1.000000  6.000000  0.000000  0.000000  13.000000  2.000000  0.000000  0.000000  3.000000  1.000000  11.000000  11.000000  0.000000  0.000000  10.000000  5.000000  0.000000  2.000000  1.000000  1.000000  6.000000  0.000000  0.000000  0.000000  0.000000  
45.000000  1.000000  2.000000  121.000000  45.000000  0.000000  0.000000  98.000000  460.000000  22.000000  0.000000  52.000000  20.000000  0.000000  0.000000  18.000000  35.000000  59.000000  1.000000  0.000000  37.000000  21.000000  5.000000  40.000000  105.000000  0.000000  10.000000  44.000000  396.000000  1.000000  70.000000  0.000000  0.000000  92.000000  23.000000  0.000000  0.000000  5.000000  0.000000  119.000000  0.000000  0.000000  0.000000  0.000000  
0.005824  0.008736  0.009901  0.172976  0.153757  0.000000  0.000000  0.000000  0.306931  0.203844  0.033780  0.000000  0.175888  0.000000  0.000000  0.000000  0.000000  0.008736  0.009319  0.008154  0.020967  0.000000  0.000000  0.322656  0.037857  0.009901  0.004659  0.182877  0.536983  0.465347  0.207921  0.000000  0.000000  0.186954  0.092021  0.000000  0.037857  0.010483  0.011066  1.000000  0.000000  0.000000  0.000000  0.000000  
168.000000  42.000000  41.000000  951.000000  335.000000  0.000000  57.000000  317.000000  53.000000  183.000000  5374.000000  197.000000  149.000000  693.000000  991.000000  115.000000  29.000000  325.000000  7.000000  5.000000  510.000000  186.000000  181.000000  1206.000000  331.000000  26.000000  2937.000000  46.000000  1036.000000  116.000000  44.000000  0.000000  0.000000  462.000000  76.000000  0.000000  132.000000  14.000000  0.000000  3866.000000  0.000000  0.000000  0.000000  0.000000  
48.000000  7.000000  8.000000  293.000000  148.000000  0.000000  109.000000  56.000000  453.000000  63.000000  18.000000  30.000000  16.000000  0.000000  0.000000  105.000000  2.000000  148.000000  10.000000  0.000000  162.000000  12.000000  5.000000  76.000000  58.000000  0.000000  2.000000  0.000000  716.000000  1.000000  45.000000  0.000000  0.000000  28.000000  0.000000  0.000000  0.000000  0.000000  0.000000  144.000000  0.000000  0.000000  0.000000  0.000000  
135.000000  10.000000  11.000000  171.000000  155.000000  0.000000  0.000000  84.000000  452.000000  20.000000  0.000000  43.000000  23.000000  0.000000  0.000000  49.000000  98.000000  184.000000  7.000000  0.000000  91.000000  17.000000  4.000000  46.000000  85.000000  0.000000  0.000000  25.000000  358.000000  4.000000  38.000000  0.000000  0.000000  37.000000  13.000000  0.000000  0.000000  0.000000  4.000000  168.000000  0.000000  0.000000  0.000000  0.000000  
70.000000  2.000000  2.000000  40.000000  38.000000  0.000000  2.000000  36.000000  56.000000  14.000000  1.000000  0.000000  11.000000  0.000000  1.000000  28.000000  47.000000  85.000000  1.000000  1.000000  21.000000  0.000000  23.000000  250.000000  6.000000  3.000000  135.000000  0.000000  145.000000  0.000000  57.000000  0.000000  0.000000  54.000000  33.000000  0.000000  0.000000  0.000000  0.000000  139.000000  0.000000  0.000000  0.000000  0.000000  
0.000366  0.001111  0.004927  0.000463  0.000745  0.031548  0.000200  0.000751  0.000328  0.000818  0.000573  0.001552  0.000569  0.000482  0.004254  0.002054  0.031548  0.000437  0.000960  0.031548  0.000294  0.000933  0.000523  0.000447  0.001999  0.001589  0.001964  0.006884  0.031548  0.031548  0.000822  0.031548  0.031548  0.003943  0.000328  0.031548  0.009107  0.031548  0.031548  0.000761  0.031548  0.031548  0.031548  0.031548  