1.000000  0.000000  0.000000  0.017758  0.032624  0.000000  0.002546  0.019730  0.095650  0.004762  0.000000  0.000000  0.000691  0.000000  0.001746  0.000000  0.002814  0.165926  0.000403  0.000000  0.008008  0.000256  0.002118  0.002108  0.002968  0.000233  0.001270  0.011115  0.078202  0.000068  0.017225  0.000470  0.000014  0.000769  0.020904  0.000631  0.000380  0.000000  0.011690  0.005274  0.000287  0.000000  0.000000  0.000000  
97.666664  1.000000  0.666667  24.666666  182.333328  0.000000  54.000000  0.000000  122.666664  8.000000  0.000000  0.000000  0.000000  0.000000  0.000000  0.000000  0.000000  0.000000  0.000000  0.000000  0.000000  0.000000  0.000000  0.000000  2.666667  0.000000  0.000000  8.000000  44.000000  11.000000  24.000000  3.333333  16.333334  1.666667  29.000000  0.000000  2.666667  0.000000  0.000000  16.666666  0.000000  0.000000  0.000000  0.000000  
0.000000  63.721825  1.000000  0.738819  6.500895  0.000000  0.000000  0.000000  0.285331  0.516100  0.496422  0.000000  0.000000  0.000000  0.000000  0.000000  0.000000  0.000000  0.000000  0.000000  0.000000  0.000000  0.000000  0.365832  0.092129  0.003578  0.222719  0.652057  0.115385  0.135063  3.002683  0.293381  0.044723  0.316637  0.595707  0.047406  0.036673  0.000000  0.000000  0.288909  0.000000  0.000000  0.000000  0.000000  
0.001624  0.000000  0.000009  1.000000  0.032240  0.000000  0.003045  0.002229  0.029671  0.016116  0.003105  0.000000  0.001414  0.000000  0.000000  0.004282  0.000000  0.002445  0.000000  0.000000  0.000424  0.000000  0.000000  0.003738  0.001184  0.000279  0.005147  0.008426  0.001956  0.006081  0.012386  0.004072  0.004697  0.006169  0.013884  0.000150  0.005055  0.000000  0.000000  0.005592  0.000150  0.000000  0.000000  0.000000  
0.008106  0.316959  0.000000  2.536649  1.000000  0.000000  0.107445  0.128629  0.115493  0.069646  0.211440  0.046766  1.321270  0.000000  0.000000  0.000000  0.000000  0.000000  0.000000  0.000000  0.002300  0.000000  0.000000  0.139178  0.135068  0.022162  0.712791  0.060190  0.192498  0.159097  0.160161  0.027565  0.004312  0.123081  0.462892  0.070049  0.110578  0.000000  0.000000  0.151135  0.000000  0.000000  0.000000  0.000000  
0.000000  0.000000  0.000000  0.000000  0.000000  0.000000  0.000000  0.000000  0.000000  0.000000  0.000000  0.000000  0.000000  0.000000  0.000000  0.000000  0.000000  0.000000  0.000000  0.000000  0.000000  0.000000  0.000000  0.000000  0.000000  0.000000  0.000000  0.000000  0.000000  0.000000  0.000000  0.000000  0.000000  0.000000  0.000000  0.000000  0.000000  0.000000  0.000000  0.000000  0.000000  0.000000  0.000000  0.000000  
0.000909  0.001051  0.050492  0.017598  0.103968  0.000000  1.000000  0.025495  0.035429  0.000180  0.004399  0.000000  0.001301  0.000000  0.000000  0.000000  0.000000  0.000001  0.000000  0.000000  0.000000  0.000000  0.000024  0.003375  0.000678  0.000166  0.005892  0.178947  0.004311  0.005633  0.053811  0.003347  0.002625  0.008093  0.014393  0.001022  0.004062  0.000000  0.000000  0.003703  0.000461  0.000000  0.000000  0.000000  
0.024922  0.037386  0.021310  0.415431  0.412892  0.000000  0.117817  1.000000  0.230753  0.027783  0.022965  0.000000  0.006870  0.000000  0.000000  0.000000  0.000000  0.000000  0.000000  0.000000  0.003650  0.000000  0.071862  0.135730  0.010147  0.001484  0.023615  0.101646  0.072228  0.032089  0.277598  0.014485  0.021721  0.030908  0.070473  0.001894  0.059663  0.000000  0.000000  0.029803  0.000000  0.000000  0.000000  0.000000  
0.017954  0.001653  0.011113  0.127449  0.143652  0.000000  0.030455  0.053192  1.000000  0.012533  0.002110  0.000208  0.003097  0.000000  0.000000  0.013509  0.005455  0.063081  0.001425  0.000098  0.004198  0.000178  0.005788  0.060845  0.022864  0.000555  0.006700  0.017110  0.039723  0.023070  0.043752  0.007358  0.008368  0.036951  0.020303  0.005702  0.007629  0.000000  0.000000  0.030773  0.000422  0.000231  0.000099  0.000000  
0.000000  0.002738  0.050611  0.163955  0.370306  0.000000  5.503654  0.054378  0.275345  1.000000  0.155200  0.000000  0.111355  0.000000  0.000000  0.000000  0.000000  0.000000  0.000000  0.000000  0.027922  0.082684  0.071749  0.073161  0.088352  0.008022  0.045885  0.300982  0.436806  0.097578  0.483842  0.052512  0.068017  0.130191  0.095188  0.017440  0.062017  0.000000  0.000000  0.059436  0.000000  0.000000  0.000000  0.000000  
0.000000  0.000697  0.007857  0.171710  0.235921  0.000000  2.047179  0.049797  0.089421  1.474206  1.000000  0.031908  0.242591  0.000000  0.000000  0.000000  0.000000  0.000000  0.000000  0.000000  0.004164  0.009515  0.057635  0.137315  0.171361  0.003872  0.020518  0.079406  0.204173  0.061394  0.240518  0.024984  0.016957  0.123081  0.114809  0.024023  0.078907  0.000000  0.000000  0.082327  0.000000  0.000000  0.000000  0.000000  
0.000000  0.000366  0.002278  0.164897  0.201310  0.000000  0.949184  0.195085  0.154197  0.832214  0.353595  1.000000  0.384597  0.000000  0.000000  0.000000  0.000000  0.000122  0.000000  0.000000  0.025428  0.080028  0.050816  0.188413  0.175475  0.399162  0.023719  0.049310  0.217055  0.040156  0.137679  0.016884  0.012206  0.105212  0.082957  0.020343  0.129338  0.000000  0.000000  0.057692  0.000000  0.000000  0.000000  0.000000  
0.000000  0.000064  0.000835  0.049325  0.097409  0.000000  1.256896  0.106425  0.152461  0.320729  0.352514  0.089619  1.000000  0.000000  0.000000  0.000000  0.000000  0.000000  0.000000  0.000000  0.017397  0.000000  0.069219  0.166043  0.225311  0.001341  0.011705  0.028996  0.081445  0.041700  0.114685  0.011413  0.009273  0.061722  0.060153  0.010700  0.052620  0.000000  0.000000  0.032099  0.000000  0.000000  0.000000  0.000000  
0.000000  0.000031  0.000320  0.052936  0.057699  0.000000  0.942390  0.069999  0.083158  0.595052  0.132111  0.089641  0.316104  1.000000  0.000000  0.000000  0.000000  0.000000  0.000000  0.000000  0.034965  0.016482  0.015942  0.056593  0.406777  0.000760  0.009433  0.015622  0.105284  0.034085  0.152387  0.015989  0.013102  0.052134  0.055917  0.010481  0.011068  0.000000  0.000000  0.039305  0.000970  0.001127  0.000000  0.000000  
0.000000  0.000615  0.005277  0.149799  0.187095  0.000000  2.041246  0.093693  0.136623  1.069444  1.035515  0.368784  0.414336  0.000000  1.000000  0.000000  0.000000  0.000000  0.000000  0.000000  0.004274  0.070416  0.345765  0.113539  0.255148  0.006766  0.029202  0.038915  0.247507  0.067146  0.279138  0.017029  0.008741  0.124903  0.140929  0.000000  0.205096  0.000000  0.000000  0.134842  0.000000  0.000000  0.000000  0.000000  
2.457326  0.000000  0.000022  0.011071  0.008919  0.000000  0.001461  0.000000  0.004957  0.006274  0.003092  0.000000  0.001198  0.000000  0.000000  1.000000  0.000135  0.005153  0.000000  0.000000  0.000950  0.000000  0.003185  0.006569  0.001008  0.000231  0.000963  0.003631  0.093595  0.003143  0.028736  0.000501  0.000581  0.007288  0.008624  0.000000  0.000825  0.000000  0.000000  0.005105  0.000000  0.000000  0.000000  0.000000  
420970.000000  0.000000  43.000000  3627.000000  3375.000000  0.000000  1118.000000  338.000000  1341.000000  59.000000  1183.000000  0.000000  290.000000  0.000000  0.000000  1532.000000  0.000000  2135.000000  0.000000  0.000000  338.000000  0.000000  670.000000  7812.000000  746.000000  4.000000  350.000000  1498.000000  4921.000000  1488.000000  8176.000000  744.000000  0.000000  3347.000000  1232.000000  725.000000  1940.000000  0.000000  0.000000  2370.000000  100.000000  0.000000  0.000000  0.000000  
1.607136  0.000117  0.001308  0.050059  0.049443  0.000000  0.007708  0.013563  0.065768  0.031793  0.006800  0.000000  0.003089  0.000000  0.000000  0.013982  0.025169  1.000000  0.005123  0.000000  0.005598  0.000000  0.004400  0.051683  0.011513  0.001435  0.004874  0.024688  0.071886  0.010713  0.058919  0.002825  0.001297  0.017935  0.012135  0.002343  0.016508  0.000000  0.000000  0.020177  0.000351  0.000000  0.000000  0.000000  
1.342586  0.000000  0.001891  0.220399  0.131675  0.000000  0.020386  0.302936  0.554330  0.128053  0.018751  0.000000  0.004968  0.000000  0.000000  0.000000  0.000000  0.669530  1.000000  0.000000  0.000224  0.000000  0.127348  0.352683  0.072344  0.004135  0.015706  0.135105  0.252484  0.124687  0.238317  0.040227  0.000000  0.217001  0.052952  0.014007  0.048465  0.000000  0.000000  0.195365  0.001282  0.000000  0.000000  0.000000  
2.151554  0.001045  0.000000  0.039592  0.033076  0.000000  0.003979  0.000000  0.043770  0.000000  0.012982  0.000000  0.006963  0.000000  0.000000  0.000000  0.000000  0.000099  0.000000  1.000000  0.017210  0.000000  0.020443  0.223178  0.027605  0.001840  0.004974  0.004974  0.021388  0.000995  0.024273  0.002089  0.000000  0.003134  0.041532  0.000000  0.011788  0.000000  0.000000  0.102761  0.000000  0.000000  0.000000  0.000000  
0.180588  0.000037  0.000114  0.016928  0.031296  0.000000  0.000000  0.000000  0.160102  0.000723  0.003809  0.000000  0.001873  0.000000  0.000000  0.000000  0.000000  0.001170  0.000000  0.000000  1.000000  0.012426  0.004647  0.024002  0.010358  0.006911  0.002438  0.027914  0.093661  0.006693  0.026167  0.002245  0.002043  0.009527  0.016588  0.000883  0.025429  0.000000  0.000000  0.008025  0.000495  0.000000  0.000000  0.000000  
0.067571  0.000081  0.000178  0.018912  0.051931  0.000000  0.000000  0.010485  0.139984  0.023037  0.005517  0.000000  0.002281  0.000000  0.000000  0.568341  0.000000  0.000452  0.000000  0.000000  0.121316  1.000000  0.016817  0.084632  0.179186  0.000585  0.005258  0.019660  0.139466  0.005702  0.052909  0.001562  0.000355  0.006716  0.028731  0.000000  0.077227  0.000000  0.000000  0.010885  0.000000  0.000000  0.000000  0.000000  
0.358060  0.000041  0.000143  0.014962  0.041534  0.000000  0.013711  0.029503  0.142984  0.067966  0.005964  0.000000  0.001022  0.000000  0.000000  0.000000  0.000000  0.007608  0.003712  0.000000  0.128893  0.005241  1.000000  0.013151  0.052404  0.000536  0.002044  0.010993  0.055510  0.001586  0.043193  0.000965  0.000952  0.006095  0.030296  0.000000  0.070121  0.000000  0.000000  0.016462  0.000000  0.000000  0.000000  0.000000  
0.053710  0.000143  0.000402  0.069423  0.087488  0.000000  0.009569  0.000747  0.203667  0.009645  0.005466  0.000000  0.003048  0.000000  0.000000  0.000000  0.000000  0.000017  0.000000  0.000000  0.027414  0.004217  0.008534  1.000000  0.004955  0.000422  0.004223  0.040233  0.040660  0.013138  0.041847  0.003501  0.004847  0.047247  0.022826  0.001614  0.029213  0.000000  0.000000  0.037635  0.000000  0.000000  0.000000  0.000000  
0.000000  0.007336  0.016965  1.461715  2.044017  0.000000  0.837001  0.442228  49.356258  0.715956  0.105227  0.000000  0.151307  0.000000  0.000000  0.000000  0.000000  0.054562  0.000000  0.000000  5.865887  0.000000  1.015818  1.249427  1.000000  0.016506  0.246447  0.887666  0.980972  0.541724  1.519716  0.216185  0.229253  0.696928  0.841128  0.000000  0.896836  0.000000  0.000000  0.405777  0.000000  0.000000  0.000000  0.000000  
20.352343  0.000000  0.000000  3.932790  7.796334  0.000000  88.773933  7.486762  23.826883  2.376782  0.623218  0.000000  0.370672  0.000000  0.000000  10.000000  0.000000  0.000000  0.000000  0.000000  35.790222  3.503055  9.272912  8.674134  11.761711  1.000000  0.570265  4.582485  12.348269  0.969450  5.651731  0.509165  0.305499  1.046843  2.224033  0.000000  8.578411  0.000000  0.000000  1.731161  0.000000  0.000000  0.000000  0.000000  
4869.000000  0.000000  1736.000000  57877.000000  22275.000000  0.000000  276004.000000  794149.000000  68851.000000  85592.000000  49111.000000  17915.000000  127804.000000  0.000000  0.000000  0.000000  0.000000  0.000000  0.000000  0.000000  2120.000000  0.000000  190757.000000  7024.000000  30559.000000  1859.000000  0.000000  24692.000000  98066.000000  4371.000000  137598.000000  2080.000000  500.000000  9665.000000  82700.000000  1500.000000  17919.000000  0.000000  0.000000  19705.000000  1648.000000  1075.000000  0.000000  0.000000  
0.000000  0.000000  0.163406  7.226864  2.644104  0.000000  13.054997  1.158646  5.049709  5.463776  46.021152  6.604971  20.304602  37.434162  2.620836  0.000000  0.000000  0.000000  0.000000  0.000000  0.240613  2.883131  0.011105  0.015865  5.860920  0.010048  0.153358  1.000000  17.744051  0.000000  5.294553  0.000000  0.000000  1.162877  3.644104  0.000000  13.400846  0.000000  0.000000  0.163934  0.000000  0.000000  0.000000  0.000000  
0.067739  0.013519  0.015567  2.051175  1.081900  0.000000  0.000000  0.018767  0.313241  0.018679  0.000000  0.000000  0.032187  0.000000  0.000000  0.000000  0.000000  0.072212  0.000000  0.000000  0.228019  0.000000  0.550804  1.217534  0.194205  0.051042  0.299777  1.021358  1.000000  0.378877  0.632982  0.073618  0.340899  1.027891  0.647674  0.027304  2.601182  0.000000  0.000000  1.108950  0.060011  0.007153  0.000000  0.000000  
51614.000000  920.000000  1940.000000  34514.000000  45121.000000  0.000000  0.000000  3279.000000  21225.000000  82.000000  0.000000  0.000000  2871.000000  0.000000  0.000000  36206.000000  5547.000000  266985.000000  105733.000000  0.000000  8131.000000  0.000000  5123.000000  5368.000000  1902.000000  1789.000000  11219.000000  5436.000000  66633.000000  0.000000  13031.000000  1920.000000  2780.000000  16692.000000  5800.000000  0.000000  67165.000000  0.000000  0.000000  10500.000000  0.000000  0.000000  0.000000  0.000000  
0.000000  0.357864  0.001032  10.406692  1.174017  0.000000  0.080002  0.012166  0.061590  0.142842  0.170758  0.022757  0.127580  0.178036  2.736205  0.000000  0.000000  0.002661  0.000000  0.000000  0.259233  0.002987  0.061482  0.188573  2.289159  0.032153  0.627091  2.933793  1.834293  0.223333  1.000000  0.310558  4.706224  0.262329  1.367912  0.129861  0.506083  0.000000  0.000000  0.150119  0.000163  0.000000  0.000000  0.000000  
4019.000000  34.000000  0.000000  54751.000000  1519.000000  0.000000  1036.000000  332.000000  1670.000000  1107.000000  0.000000  1211.000000  347.000000  0.000000  40432.000000  3448.000000  1096.000000  1830.000000  806.000000  167.000000  933.000000  68.000000  675.000000  5371.000000  806.000000  0.000000  1002.000000  500.000000  1678.000000  917.000000  663.000000  0.000000  156619.000000  5563.000000  21024.000000  0.000000  2181.000000  0.000000  0.000000  4958.000000  1685.000000  0.000000  0.000000  0.000000  
0.254104  0.000000  0.000000  13.032120  0.700928  0.000000  0.000000  0.274090  2.853676  0.720200  0.548894  0.486795  1.796574  0.000000  0.000000  0.000000  0.000000  0.000000  0.000000  0.000000  1.091363  0.174875  0.942898  3.635261  1.336188  0.592434  4.282655  7.586724  3.408993  0.587438  5.950749  0.535332  1.000000  5.790150  0.492505  0.193433  15.038544  0.000000  0.000000  3.069236  0.000000  0.000000  0.000000  0.000000  
0.022297  0.001351  0.000000  0.390270  0.670946  0.000000  0.025541  0.000000  0.014324  0.038784  0.017973  0.087027  0.714189  0.000000  0.000000  0.000000  0.000000  0.000000  0.000000  0.000000  0.349054  0.000000  0.120811  0.696622  0.035676  0.019595  2.327297  0.569595  0.519865  0.895946  2.750540  1.200000  0.100135  1.000000  1.081081  0.259459  0.910270  0.000000  0.000000  0.927973  0.006757  0.000000  0.000000  0.000000  
0.000096  0.000079  0.000158  0.003458  0.006454  0.000000  0.000000  0.000000  0.001237  0.000531  0.000396  0.000000  0.000623  0.000000  0.000000  0.000000  0.000000  0.000000  0.000000  0.000000  0.000563  0.000000  0.001061  0.030156  0.000256  0.000357  0.005659  0.003357  0.005201  0.008672  0.003551  0.000214  0.002599  0.031051  1.000000  0.012761  0.010344  0.000000  0.000000  0.164407  0.000000  0.000000  0.000000  0.000000  
25.000000  50.000000  91.000000  605.000000  1547.000000  0.000000  0.000000  12.000000  214.000000  0.000000  4.000000  0.000000  47.000000  0.000000  0.000000  0.000000  0.000000  0.000000  0.000000  0.000000  27.000000  0.000000  136.000000  1239.000000  51.000000  45.000000  865.000000  469.000000  272.000000  169.000000  303.000000  82.000000  67.000000  961.000000  1320.000000  0.000000  745.000000  0.000000  0.000000  1889.000000  0.000000  0.000000  0.000000  0.000000  
0.000000  0.000000  0.000000  0.000000  19482.000000  0.000000  0.000000  972.000000  2621.000000  0.000000  0.000000  0.000000  1162.000000  0.000000  0.000000  0.000000  0.000000  0.000000  0.000000  0.000000  0.000000  0.000000  28789.000000  2394.000000  228.000000  680.000000  137888.000000  39744.000000  3231.000000  0.000000  886.000000  0.000000  0.000000  570.000000  14176.000000  0.000000  0.000000  0.000000  0.000000  89798.000000  0.000000  0.000000  0.000000  0.000000  
157.000000  0.000000  0.000000  2098.000000  508.000000  0.000000  0.000000  163.000000  269.000000  0.000000  0.000000  0.000000  52.000000  0.000000  0.000000  0.000000  0.000000  0.000000  0.000000  0.000000  199.000000  0.000000  0.000000  1878.000000  0.000000  79.000000  486.000000  329.000000  375.000000  0.000000  1161.000000  0.000000  0.000000  493.000000  997.000000  0.000000  3126.000000  0.000000  0.000000  1318.000000  0.000000  0.000000  0.000000  0.000000  
4.521018  0.006914  0.000000  3.770326  1.773092  0.000000  0.000000  0.190680  7.015072  0.000000  0.000000  0.000000  0.000000  0.000000  0.000000  1.536090  0.244469  1.264795  0.548396  0.000000  1.083794  0.000000  0.080199  0.784430  0.353291  0.273230  1.096654  1.194414  3.651825  0.000000  0.713081  0.032771  0.027655  0.166897  0.855780  0.000000  2.202019  0.000000  1.000000  2.509541  0.000000  0.000000  0.000000  0.000000  
0.260823  0.000625  0.000022  0.709936  0.168476  0.000000  0.000000  0.011683  0.583400  0.008701  0.022249  0.010030  0.037696  0.000000  0.001564  0.080720  0.012845  0.071796  0.028828  0.000000  0.125229  0.010734  0.072242  0.579067  0.081926  0.018563  0.045626  0.175178  0.399310  0.085266  0.135806  0.046129  0.019043  0.279062  0.147422  0.013727  0.854454  0.000000  0.000000  1.000000  0.009304  0.000000  0.000000  0.000000  
0.153199  0.064287  0.101896  0.658702  0.584772  0.000000  0.191076  0.161535  0.291973  0.194092  0.990339  0.210130  0.350037  0.772929  1.645871  0.000000  0.000000  0.000000  0.000000  0.000000  0.000000  0.017901  0.210149  0.760482  0.111461  0.024490  2.717400  0.339608  0.539404  0.209919  0.447400  0.068456  0.075140  0.561339  2.612047  0.014828  0.517527  0.000000  0.000000  1.231412  1.000000  0.000000  0.000000  0.000000  
1.680851  0.452888  0.496960  2.800912  7.273556  0.000000  0.082067  0.896657  2.396657  0.000000  0.000000  0.069909  0.638298  0.000000  0.118541  0.000000  0.000000  0.000000  0.000000  0.000000  0.000000  0.272036  2.384499  19.101824  1.106383  1.632219  32.001518  3.942249  4.741642  10.270516  5.794833  0.651976  0.174772  8.560790  30.196049  7.471125  13.390577  0.000000  0.000000  36.504559  1.351064  1.000000  0.000000  0.000000  
1311.000000  394.000000  880.000000  4970.000000  7784.000000  0.000000  0.000000  300.000000  3459.000000  0.000000  0.000000  0.000000  468.000000  0.000000  0.000000  0.000000  0.000000  0.000000  0.000000  0.000000  269.000000  0.000000  1232.000000  7552.000000  234.000000  379.000000  8287.000000  3033.000000  2610.000000  1440.000000  2019.000000  60.000000  218.000000  6434.000000  9730.000000  2862.000000  4045.000000  0.000000  0.000000  54550.000000  1765.000000  0.000000  0.000000  0.000000  
0.000000  0.000000  0.000000  0.000000  0.000000  0.000000  0.000000  0.000000  0.000000  0.000000  0.000000  0.000000  0.000000  0.000000  0.000000  0.000000  0.000000  0.000000  0.000000  0.000000  0.000000  0.000000  0.000000  0.000000  0.000000  0.000000  0.000000  0.000000  0.000000  0.000000  0.000000  0.000000  0.000000  0.000000  0.000000  0.000000  0.000000  0.000000  0.000000  0.000000  0.000000  0.000000  0.000000  0.000000  
0.000025  0.018214  0.000944  0.000039  0.000169  0.031548  0.000030  0.000079  0.000033  0.000132  0.000097  0.000201  0.000084  0.000072  0.000180  0.000057  0.031548  0.000035  0.000179  0.000222  0.000029  0.000086  0.000064  0.000053  0.000478  0.001424  0.031548  0.000725  0.000105  0.031548  0.000232  0.031548  0.000843  0.000367  0.000032  0.031548  0.031548  0.031548  0.000371  0.000105  0.000138  0.001230  0.031548  0.031548  