1.000000  0.000000  0.000000  0.035963  0.042923  0.000000  0.000000  0.002320  0.163573  0.003480  0.000000  0.000000  0.000000  0.000000  0.000000  0.000000  0.097448  0.566125  0.000000  0.000000  0.015081  0.000000  0.004640  0.004640  0.001160  0.001160  0.104408  0.059165  0.019722  0.011601  0.044084  0.000000  0.000000  0.016241  0.016241  0.000000  0.000000  0.000000  0.000000  0.000000  0.000000  0.000000  0.000000  0.000000  
0.000000  0.000000  0.000000  0.000000  0.000000  0.000000  0.000000  0.000000  0.000000  0.000000  0.000000  0.000000  0.000000  0.000000  0.000000  0.000000  0.000000  0.000000  0.000000  0.000000  0.000000  0.000000  0.000000  0.000000  0.000000  0.000000  0.000000  0.000000  0.000000  0.000000  0.000000  0.000000  0.000000  0.000000  0.000000  0.000000  0.000000  0.000000  0.000000  0.000000  0.000000  0.000000  0.000000  0.000000  
0.000000  0.000000  0.000000  0.000000  0.000000  0.000000  0.000000  0.000000  0.000000  0.000000  0.000000  0.000000  0.000000  0.000000  0.000000  0.000000  0.000000  0.000000  0.000000  0.000000  0.000000  0.000000  0.000000  0.000000  0.000000  0.000000  0.000000  0.000000  0.000000  0.000000  0.000000  0.000000  0.000000  0.000000  0.000000  0.000000  0.000000  0.000000  0.000000  0.000000  0.000000  0.000000  0.000000  0.000000  
0.000000  0.000000  0.000000  0.000000  0.000000  0.000000  0.000000  0.000000  0.000000  0.000000  0.000000  0.000000  0.000000  0.000000  0.000000  0.000000  0.000000  0.000000  0.000000  0.000000  0.000000  0.000000  0.000000  0.000000  0.000000  0.000000  0.000000  0.000000  0.000000  0.000000  0.000000  0.000000  0.000000  0.000000  0.000000  0.000000  0.000000  0.000000  0.000000  0.000000  0.000000  0.000000  0.000000  0.000000  
0.000000  0.107884  0.000000  0.062241  1.000000  0.000000  0.000000  0.000000  0.000000  0.012448  0.000000  0.000000  0.062241  0.000000  0.000000  0.000000  0.000000  0.000000  0.000000  0.000000  0.000000  0.000000  0.000000  0.000000  0.000000  0.000000  0.082988  0.070539  0.024896  0.000000  0.016598  0.000000  0.000000  0.037344  0.029046  0.000000  0.000000  0.000000  0.000000  0.000000  0.000000  0.000000  0.000000  0.000000  
0.000000  0.000000  0.000000  0.000000  0.000000  0.000000  0.000000  0.000000  0.000000  0.000000  0.000000  0.000000  0.000000  0.000000  0.000000  0.000000  0.000000  0.000000  0.000000  0.000000  0.000000  0.000000  0.000000  0.000000  0.000000  0.000000  0.000000  0.000000  0.000000  0.000000  0.000000  0.000000  0.000000  0.000000  0.000000  0.000000  0.000000  0.000000  0.000000  0.000000  0.000000  0.000000  0.000000  0.000000  
0.000000  1.746788  0.000000  0.157218  0.082766  0.000000  1.000000  0.193878  0.060847  0.145503  0.252457  0.000756  0.008692  0.000000  0.000000  0.000000  0.000000  0.000000  0.000000  0.000000  0.009448  0.000000  0.005291  0.023432  0.000000  0.030234  0.000756  0.000000  0.077098  0.000000  0.236961  0.000000  0.000000  0.002268  0.037415  0.000000  0.000000  0.000000  0.000000  0.000000  0.000000  0.000000  0.000000  0.000000  
0.000000  0.129032  0.000000  0.217742  0.266129  0.000000  0.250000  1.000000  0.008065  0.032258  0.112903  0.000000  0.000000  0.000000  0.000000  0.000000  0.000000  0.000000  0.000000  0.000000  0.000000  0.000000  0.000000  0.185484  0.000000  0.379032  0.048387  0.129032  0.145161  0.040323  0.129032  0.000000  0.000000  0.225806  0.048387  0.000000  0.000000  0.000000  0.000000  0.000000  0.000000  0.000000  0.000000  0.000000  
0.000000  0.051383  0.000000  0.015810  0.011858  0.000000  0.000000  0.000000  1.000000  0.019763  0.007905  0.000000  0.003953  0.000000  0.000000  0.000000  0.000000  0.000000  0.000000  0.000000  0.000000  0.000000  0.000000  0.003953  0.000000  0.039526  0.015810  0.015810  0.027668  0.011858  0.015810  0.000000  0.000000  0.063241  0.007905  0.000000  0.000000  0.000000  0.000000  0.000000  0.000000  0.000000  0.000000  0.000000  
0.000000  2.272727  0.000000  1.181818  0.454545  0.000000  31.363636  0.727273  0.181818  1.000000  3.545455  0.000000  0.545455  0.000000  0.000000  0.000000  0.000000  0.000000  0.000000  0.000000  0.000000  0.000000  0.090909  0.181818  0.000000  1.363636  0.454545  0.727273  1.818182  0.000000  1.181818  0.000000  0.000000  0.818182  0.454545  0.000000  0.000000  0.000000  0.000000  0.000000  0.000000  0.000000  0.000000  0.000000  
0.000000  0.027027  0.000000  0.081081  0.135135  0.000000  5.918919  0.054054  0.027027  0.243243  1.000000  0.000000  0.189189  0.459459  0.000000  0.000000  0.000000  0.000000  0.000000  0.000000  0.000000  0.000000  0.000000  0.027027  0.000000  1.378378  0.216216  0.432432  0.486486  0.108108  0.243243  0.000000  0.000000  0.540541  0.135135  0.000000  0.000000  0.000000  0.000000  0.000000  0.000000  0.000000  0.000000  0.000000  
0.000000  0.000000  0.000000  0.000000  0.000000  0.000000  0.000000  0.000000  0.000000  0.000000  0.000000  0.000000  0.000000  0.000000  0.000000  0.000000  0.000000  0.000000  0.000000  0.000000  0.000000  0.000000  0.000000  0.000000  0.000000  0.000000  0.000000  0.000000  0.000000  0.000000  0.000000  0.000000  0.000000  0.000000  0.000000  0.000000  0.000000  0.000000  0.000000  0.000000  0.000000  0.000000  0.000000  0.000000  
0.000000  0.000000  0.000000  0.045455  0.045455  0.000000  2.363636  0.000000  0.772727  0.227273  0.409091  0.000000  1.000000  0.000000  0.000000  0.000000  0.000000  0.000000  0.000000  0.000000  0.000000  0.000000  0.000000  0.000000  0.000000  0.000000  0.045455  0.045455  0.227273  0.000000  0.090909  0.000000  0.000000  0.363636  0.045455  0.000000  0.000000  0.000000  0.000000  0.000000  0.000000  0.000000  0.000000  0.000000  
0.000000  0.000000  0.000000  0.000000  0.000000  0.000000  0.000000  0.000000  0.000000  0.000000  0.000000  0.000000  0.000000  0.000000  0.000000  0.000000  0.000000  0.000000  0.000000  0.000000  0.000000  0.000000  0.000000  0.000000  0.000000  0.000000  0.000000  0.000000  0.000000  0.000000  0.000000  0.000000  0.000000  0.000000  0.000000  0.000000  0.000000  0.000000  0.000000  0.000000  0.000000  0.000000  0.000000  0.000000  
0.000000  0.000000  0.000000  0.000000  0.000000  0.000000  0.000000  0.000000  0.000000  0.000000  0.000000  0.000000  0.000000  0.000000  0.000000  0.000000  0.000000  0.000000  0.000000  0.000000  0.000000  0.000000  0.000000  0.000000  0.000000  0.000000  0.000000  0.000000  0.000000  0.000000  0.000000  0.000000  0.000000  0.000000  0.000000  0.000000  0.000000  0.000000  0.000000  0.000000  0.000000  0.000000  0.000000  0.000000  
24.142857  0.000000  0.000000  0.500000  0.321429  0.000000  0.000000  0.000000  0.000000  0.785714  0.000000  0.000000  0.000000  0.000000  0.000000  1.000000  0.000000  0.000000  0.000000  0.000000  0.000000  0.000000  0.000000  0.000000  0.000000  0.000000  0.107143  0.107143  1.750000  0.071429  0.285714  0.000000  0.000000  0.178571  0.214286  0.000000  0.000000  0.000000  0.000000  0.000000  0.000000  0.000000  0.000000  0.000000  
810.000000  0.000000  0.000000  6.000000  8.000000  0.000000  0.000000  12.000000  2.000000  0.000000  0.000000  0.000000  0.000000  0.000000  0.000000  0.000000  0.000000  0.000000  0.000000  0.000000  0.000000  0.000000  0.000000  12.000000  0.000000  0.000000  6.000000  6.000000  7.000000  1.000000  19.000000  0.000000  0.000000  3.000000  5.000000  0.000000  0.000000  0.000000  0.000000  0.000000  0.000000  0.000000  0.000000  0.000000  
0.704805  0.000000  0.000000  0.027460  0.041190  0.000000  0.000000  0.009153  0.000000  0.004577  0.000000  0.000000  0.000000  0.000000  0.000000  0.006865  0.016018  1.000000  0.002288  0.000000  0.000000  0.000000  0.000000  0.009153  0.004577  0.000000  0.022883  0.025172  0.128146  0.006865  0.020595  0.000000  0.000000  0.034325  0.016018  0.000000  0.000000  0.000000  0.000000  0.000000  0.000000  0.000000  0.000000  0.000000  
25.250000  0.250000  0.000000  1.750000  1.250000  0.000000  0.000000  0.250000  0.500000  2.750000  0.000000  0.000000  0.000000  0.000000  0.000000  0.000000  0.000000  16.500000  1.000000  0.000000  0.000000  0.000000  0.250000  1.750000  0.000000  0.000000  2.750000  2.750000  5.000000  2.250000  2.250000  0.000000  0.000000  6.500000  1.500000  0.000000  0.000000  0.000000  0.000000  0.000000  0.000000  0.000000  0.000000  0.000000  
134.000000  1.000000  0.000000  5.000000  2.000000  0.000000  0.000000  0.000000  0.000000  0.000000  0.000000  0.000000  0.000000  0.000000  0.000000  0.000000  0.000000  0.000000  0.000000  0.000000  0.000000  0.000000  0.000000  9.000000  0.000000  0.000000  2.000000  1.000000  2.000000  0.000000  1.000000  0.000000  0.000000  11.000000  1.000000  0.000000  0.000000  0.000000  0.000000  0.000000  0.000000  0.000000  0.000000  0.000000  
0.000000  0.011628  0.000000  0.000000  0.011628  0.000000  0.000000  0.000000  0.000000  0.000000  0.000000  0.000000  0.000000  0.000000  0.000000  0.000000  0.000000  0.000000  0.000000  0.000000  1.000000  0.337209  0.000000  0.011628  0.000000  0.000000  0.011628  0.011628  0.058140  0.000000  0.011628  0.000000  0.000000  0.046512  0.011628  0.000000  0.000000  0.000000  0.000000  0.000000  0.000000  0.000000  0.000000  0.000000  
0.000000  0.000000  0.000000  0.000000  0.000000  0.000000  0.000000  0.000000  0.000000  0.000000  0.000000  0.000000  0.000000  0.000000  0.000000  0.000000  0.000000  0.000000  0.000000  0.000000  0.000000  0.000000  0.000000  0.000000  0.000000  0.000000  0.000000  0.000000  0.000000  0.000000  0.000000  0.000000  0.000000  0.000000  0.000000  0.000000  0.000000  0.000000  0.000000  0.000000  0.000000  0.000000  0.000000  0.000000  
0.482143  0.000000  0.000000  0.044643  0.026786  0.000000  0.080357  0.035714  0.008929  0.178571  0.000000  0.000000  0.000000  0.000000  0.000000  0.000000  0.000000  0.000000  0.000000  0.000000  0.116071  0.000000  1.000000  0.000000  0.089286  0.000000  0.044643  0.044643  0.196429  0.017857  0.071429  0.000000  0.000000  0.071429  0.026786  0.000000  0.000000  0.000000  0.000000  0.000000  0.000000  0.000000  0.000000  0.000000  
0.000000  0.000000  0.000000  0.027397  0.041096  0.000000  0.013699  0.000000  0.027397  0.000000  0.000000  0.000000  0.000000  0.000000  0.000000  0.000000  0.000000  0.000000  0.000000  0.000000  0.013699  0.000000  0.000000  1.000000  0.000000  0.000000  0.027397  0.041096  0.041096  0.013699  0.027397  0.000000  0.000000  0.095890  0.027397  0.000000  0.000000  0.000000  0.000000  0.000000  0.000000  0.000000  0.000000  0.000000  
0.000000  10.000000  0.000000  31.000000  42.000000  0.000000  0.000000  0.000000  1149.000000  5.000000  0.000000  0.000000  0.000000  0.000000  0.000000  0.000000  0.000000  0.000000  0.000000  0.000000  131.000000  0.000000  0.000000  9.000000  0.000000  50.000000  14.000000  20.000000  24.000000  21.000000  21.000000  0.000000  0.000000  99.000000  13.000000  0.000000  0.000000  0.000000  0.000000  0.000000  0.000000  0.000000  0.000000  0.000000  
0.000000  0.000000  0.000000  0.000000  0.000000  0.000000  0.000000  0.000000  0.000000  0.000000  0.000000  0.000000  0.000000  0.000000  0.000000  0.000000  0.000000  0.000000  0.000000  0.000000  0.000000  0.000000  0.000000  0.000000  0.000000  0.000000  0.000000  0.000000  0.000000  0.000000  0.000000  0.000000  0.000000  0.000000  0.000000  0.000000  0.000000  0.000000  0.000000  0.000000  0.000000  0.000000  0.000000  0.000000  
99.000000  0.000000  0.000000  86.000000  9.000000  0.000000  132.000000  754.000000  0.000000  422.000000  0.000000  0.000000  270.000000  0.000000  0.000000  0.000000  0.000000  0.000000  0.000000  0.000000  14.000000  0.000000  30.000000  20.000000  17.000000  66.000000  0.000000  75.000000  100.000000  5.000000  105.000000  0.000000  0.000000  70.000000  50.000000  0.000000  0.000000  0.000000  0.000000  0.000000  0.000000  0.000000  0.000000  0.000000  
0.000000  0.000000  0.000000  1.750000  3.000000  0.000000  5.500000  0.500000  2.250000  14.500000  13.250000  3.500000  0.000000  33.250000  0.000000  0.000000  0.000000  0.000000  0.000000  0.000000  19.750000  3.500000  0.500000  0.500000  5.250000  0.000000  0.500000  1.000000  1.750000  0.500000  2.750000  0.000000  0.000000  2.000000  3.750000  0.000000  0.000000  0.000000  0.000000  0.000000  0.000000  0.000000  0.000000  0.000000  
0.000000  7.000000  0.000000  230.000000  37.000000  0.000000  0.000000  0.000000  6.000000  0.000000  0.000000  0.000000  0.000000  0.000000  0.000000  0.000000  0.000000  0.000000  0.000000  0.000000  0.000000  0.000000  4.000000  331.000000  27.000000  68.000000  55.000000  127.000000  0.000000  5.000000  34.000000  0.000000  0.000000  123.000000  28.000000  0.000000  0.000000  0.000000  0.000000  0.000000  0.000000  0.000000  0.000000  0.000000  
0.000000  8.000000  0.000000  26.000000  23.000000  0.000000  0.000000  6.000000  51.000000  25.000000  0.000000  0.000000  6.000000  0.000000  0.000000  0.000000  0.000000  0.000000  0.000000  0.000000  5.000000  0.000000  0.000000  0.000000  0.000000  0.000000  60.000000  0.000000  78.000000  0.000000  0.000000  0.000000  0.000000  73.000000  36.000000  0.000000  0.000000  0.000000  0.000000  0.000000  0.000000  0.000000  0.000000  0.000000  
0.000000  0.000000  0.000000  89.000000  30.000000  0.000000  0.000000  4.000000  3.000000  11.000000  32.000000  0.000000  5.000000  11.000000  5.000000  0.000000  0.000000  0.000000  0.000000  0.000000  2.000000  0.000000  10.000000  0.000000  18.000000  16.000000  5.000000  33.000000  6.000000  0.000000  0.000000  0.000000  0.000000  12.000000  15.000000  0.000000  0.000000  0.000000  0.000000  0.000000  0.000000  0.000000  0.000000  0.000000  
0.000000  0.000000  0.000000  0.000000  0.000000  0.000000  0.000000  0.000000  0.000000  0.000000  0.000000  0.000000  0.000000  0.000000  0.000000  0.000000  0.000000  0.000000  0.000000  0.000000  0.000000  0.000000  0.000000  0.000000  0.000000  0.000000  0.000000  0.000000  0.000000  0.000000  0.000000  0.000000  0.000000  0.000000  0.000000  0.000000  0.000000  0.000000  0.000000  0.000000  0.000000  0.000000  0.000000  0.000000  
0.000000  0.000000  0.000000  0.000000  0.000000  0.000000  0.000000  0.000000  0.000000  0.000000  0.000000  0.000000  0.000000  0.000000  0.000000  0.000000  0.000000  0.000000  0.000000  0.000000  0.000000  0.000000  0.000000  0.000000  0.000000  0.000000  0.000000  0.000000  0.000000  0.000000  0.000000  0.000000  0.000000  0.000000  0.000000  0.000000  0.000000  0.000000  0.000000  0.000000  0.000000  0.000000  0.000000  0.000000  
0.000000  8.000000  0.000000  10.000000  12.000000  0.000000  2.000000  0.000000  3.000000  9.000000  3.000000  2.000000  17.000000  13.000000  0.000000  0.000000  0.000000  0.000000  0.000000  0.000000  13.000000  0.000000  5.000000  97.000000  14.000000  9.000000  43.000000  34.000000  0.000000  0.000000  31.000000  0.000000  0.000000  0.000000  36.000000  0.000000  0.000000  0.000000  0.000000  0.000000  0.000000  0.000000  0.000000  0.000000  
0.000000  0.000000  0.000000  3.000000  1.000000  0.000000  0.000000  0.000000  0.000000  0.000000  0.000000  2.000000  0.000000  0.000000  0.000000  0.000000  0.000000  0.000000  0.000000  0.000000  0.000000  0.000000  0.000000  32.000000  1.000000  1.000000  5.000000  3.000000  1.000000  6.000000  4.000000  0.000000  0.000000  18.000000  0.000000  0.000000  0.000000  0.000000  0.000000  0.000000  0.000000  0.000000  0.000000  0.000000  
0.000000  0.000000  0.000000  0.000000  0.000000  0.000000  0.000000  0.000000  0.000000  0.000000  0.000000  0.000000  0.000000  0.000000  0.000000  0.000000  0.000000  0.000000  0.000000  0.000000  0.000000  0.000000  0.000000  0.000000  0.000000  0.000000  0.000000  0.000000  0.000000  0.000000  0.000000  0.000000  0.000000  0.000000  0.000000  0.000000  0.000000  0.000000  0.000000  0.000000  0.000000  0.000000  0.000000  0.000000  
0.000000  0.000000  0.000000  0.000000  0.000000  0.000000  0.000000  0.000000  0.000000  0.000000  0.000000  0.000000  0.000000  0.000000  0.000000  0.000000  0.000000  0.000000  0.000000  0.000000  0.000000  0.000000  0.000000  0.000000  0.000000  0.000000  0.000000  0.000000  0.000000  0.000000  0.000000  0.000000  0.000000  0.000000  0.000000  0.000000  0.000000  0.000000  0.000000  0.000000  0.000000  0.000000  0.000000  0.000000  
0.000000  0.000000  0.000000  0.000000  0.000000  0.000000  0.000000  0.000000  0.000000  0.000000  0.000000  0.000000  0.000000  0.000000  0.000000  0.000000  0.000000  0.000000  0.000000  0.000000  0.000000  0.000000  0.000000  0.000000  0.000000  0.000000  0.000000  0.000000  0.000000  0.000000  0.000000  0.000000  0.000000  0.000000  0.000000  0.000000  0.000000  0.000000  0.000000  0.000000  0.000000  0.000000  0.000000  0.000000  
0.000000  0.000000  0.000000  0.000000  0.000000  0.000000  0.000000  0.000000  0.000000  0.000000  0.000000  0.000000  0.000000  0.000000  0.000000  0.000000  0.000000  0.000000  0.000000  0.000000  0.000000  0.000000  0.000000  0.000000  0.000000  0.000000  0.000000  0.000000  0.000000  0.000000  0.000000  0.000000  0.000000  0.000000  0.000000  0.000000  0.000000  0.000000  0.000000  0.000000  0.000000  0.000000  0.000000  0.000000  
0.000000  0.000000  0.000000  0.000000  0.000000  0.000000  0.000000  0.000000  0.000000  0.000000  0.000000  0.000000  0.000000  0.000000  0.000000  0.000000  0.000000  0.000000  0.000000  0.000000  0.000000  0.000000  0.000000  0.000000  0.000000  0.000000  0.000000  0.000000  0.000000  0.000000  0.000000  0.000000  0.000000  0.000000  0.000000  0.000000  0.000000  0.000000  0.000000  0.000000  0.000000  0.000000  0.000000  0.000000  
0.000000  0.000000  0.000000  0.000000  0.000000  0.000000  0.000000  0.000000  0.000000  0.000000  0.000000  0.000000  0.000000  0.000000  0.000000  0.000000  0.000000  0.000000  0.000000  0.000000  0.000000  0.000000  0.000000  0.000000  0.000000  0.000000  0.000000  0.000000  0.000000  0.000000  0.000000  0.000000  0.000000  0.000000  0.000000  0.000000  0.000000  0.000000  0.000000  0.000000  0.000000  0.000000  0.000000  0.000000  
0.000000  0.000000  0.000000  0.000000  0.000000  0.000000  0.000000  0.000000  0.000000  0.000000  0.000000  0.000000  0.000000  0.000000  0.000000  0.000000  0.000000  0.000000  0.000000  0.000000  0.000000  0.000000  0.000000  0.000000  0.000000  0.000000  0.000000  0.000000  0.000000  0.000000  0.000000  0.000000  0.000000  0.000000  0.000000  0.000000  0.000000  0.000000  0.000000  0.000000  0.000000  0.000000  0.000000  0.000000  
0.000000  0.000000  0.000000  0.000000  0.000000  0.000000  0.000000  0.000000  0.000000  0.000000  0.000000  0.000000  0.000000  0.000000  0.000000  0.000000  0.000000  0.000000  0.000000  0.000000  0.000000  0.000000  0.000000  0.000000  0.000000  0.000000  0.000000  0.000000  0.000000  0.000000  0.000000  0.000000  0.000000  0.000000  0.000000  0.000000  0.000000  0.000000  0.000000  0.000000  0.000000  0.000000  0.000000  0.000000  
0.000000  0.000000  0.000000  0.000000  0.000000  0.000000  0.000000  0.000000  0.000000  0.000000  0.000000  0.000000  0.000000  0.000000  0.000000  0.000000  0.000000  0.000000  0.000000  0.000000  0.000000  0.000000  0.000000  0.000000  0.000000  0.000000  0.000000  0.000000  0.000000  0.000000  0.000000  0.000000  0.000000  0.000000  0.000000  0.000000  0.000000  0.000000  0.000000  0.000000  0.000000  0.000000  0.000000  0.000000  
0.001075  0.031548  0.031548  0.031548  0.002032  0.031548  0.000613  0.002833  0.001983  0.009512  0.005186  0.031548  0.006726  0.031548  0.031548  0.005962  0.031548  0.001509  0.015774  0.031548  0.003402  0.031548  0.002981  0.003692  0.031548  0.031548  0.031548  0.015774  0.031548  0.031548  0.031548  0.031548  0.031548  0.031548  0.031548  0.031548  0.031548  0.031548  0.031548  0.031548  0.031548  0.031548  0.031548  0.031548  