1.000000  0.000576  0.000032  0.051564  0.034879  0.000000  0.011104  0.020173  0.163662  0.011132  0.056731  0.001690  0.003642  0.000331  0.002814  0.000154  0.030322  0.361772  0.002263  0.000118  0.014223  0.003104  0.006961  0.010289  0.008712  0.001212  0.032164  0.046425  0.096571  0.004087  0.034119  0.000377  0.005274  0.006109  0.018547  0.000729  0.001512  0.000793  0.021399  0.035316  0.000085  0.000552  0.000000  0.000000  
0.168694  1.000000  0.037012  0.133864  0.710838  0.000000  0.173653  0.030950  0.182146  0.351076  0.156060  0.006686  0.105273  0.000443  0.079101  0.000000  0.000000  0.001386  0.003465  0.002079  0.015666  0.009579  0.050851  0.092972  0.047037  0.005580  0.239428  0.021479  0.177481  0.065755  0.115196  0.002852  0.010206  0.095197  0.049080  0.002176  0.012675  0.004546  0.005682  0.157050  0.000000  0.000000  0.000000  0.000000  
0.000000  49.683052  1.000000  0.459660  7.191038  0.000000  0.152733  0.197961  0.384928  1.490902  0.298264  0.000696  0.947987  0.001392  0.469680  0.000000  0.000000  0.008698  0.034791  0.017396  0.043489  0.000696  0.000000  0.650384  0.017917  0.026302  0.202275  0.208155  0.589952  0.512890  1.459799  0.018265  0.295341  0.062902  0.151202  0.009915  0.097972  0.062276  0.000000  0.724315  0.000000  0.000000  0.000000  0.000000  
0.000771  0.002054  0.000002  1.000000  0.053685  0.000000  0.007844  0.003994  0.088427  0.029332  0.019908  0.002120  0.008436  0.000000  0.000000  0.001090  0.000000  0.001296  0.000358  0.000239  0.000783  0.000000  0.001185  0.012233  0.002038  0.001228  0.020488  0.009676  0.019032  0.010316  0.061196  0.003555  0.009186  0.004690  0.010004  0.001019  0.005769  0.000317  0.000119  0.024841  0.000038  0.000264  0.000000  0.000000  
0.000970  1.262007  0.001499  0.617691  1.000000  0.000000  0.084190  0.050847  0.091987  0.095047  0.081848  0.010491  0.246039  0.000028  0.000000  0.000000  0.000000  0.006922  0.002769  0.002769  0.021031  0.000000  0.026075  0.131706  0.038616  0.010646  0.254689  0.049941  0.187754  0.088429  0.263768  0.005871  0.010672  0.051377  0.075020  0.008195  0.031801  0.006908  0.002423  0.117762  0.000000  0.003824  0.000000  0.000000  
0.000000  0.000000  0.000000  0.000000  0.000000  0.000000  0.000000  0.000000  0.000000  0.000000  0.000000  0.000000  0.000000  0.000000  0.000000  0.000000  0.000000  0.000000  0.000000  0.000000  0.000000  0.000000  0.000000  0.000000  0.000000  0.000000  0.000000  0.000000  0.000000  0.000000  0.000000  0.000000  0.000000  0.000000  0.000000  0.000000  0.000000  0.000000  0.000000  0.000000  0.000000  0.000000  0.000000  0.000000  
0.000453  0.011333  0.073147  0.019003  0.074885  0.000000  1.000000  0.034535  0.026616  0.016907  0.015468  0.000594  0.012677  0.000001  0.000212  0.000000  0.000000  0.000528  0.000382  0.000346  0.001126  0.000596  0.005426  0.014783  0.001382  0.000847  0.004604  0.069441  0.032018  0.010728  0.066351  0.000839  0.007034  0.005431  0.006311  0.001462  0.003225  0.000439  0.000036  0.017718  0.000058  0.000000  0.000000  0.000000  
0.011625  0.134359  0.056221  0.439339  0.428396  0.000000  0.094152  1.000000  0.302287  0.157057  0.076237  0.002658  0.046836  0.000305  0.000264  0.000000  0.000000  0.003558  0.001525  0.001525  0.020285  0.000335  0.102805  0.258584  0.076922  0.005820  0.087056  0.087436  0.322035  0.062109  0.331059  0.005527  0.035876  0.046250  0.045657  0.009004  0.036439  0.004605  0.001525  0.148518  0.000000  0.000561  0.000000  0.000000  
0.049932  0.017042  0.025400  0.107450  0.171236  0.000000  0.084480  0.117819  1.000000  0.076003  0.046152  0.005509  0.030173  0.000292  0.000000  0.014789  0.007383  0.072853  0.002859  0.000611  0.021063  0.000450  0.006309  0.125204  0.036412  0.004394  0.018598  0.015995  0.109305  0.035691  0.082539  0.004142  0.010205  0.022397  0.017761  0.004771  0.010647  0.004257  0.000315  0.079855  0.000113  0.000559  0.000026  0.000000  
0.000320  0.011422  0.056082  0.218211  0.366093  0.000000  4.559272  0.317360  0.402139  1.000000  0.395032  0.044002  0.203584  0.006957  0.000601  0.000000  0.000000  0.006619  0.003033  0.002481  0.032637  0.022128  0.133559  0.163508  0.185359  0.009140  0.103286  0.161132  0.532236  0.108618  0.396344  0.010003  0.035133  0.135977  0.065028  0.035991  0.048796  0.018595  0.001930  0.285713  0.000000  0.003351  0.000000  0.000000  
0.000295  0.009089  0.008269  0.162195  0.185939  0.000000  1.477960  0.026627  0.171146  1.831813  1.000000  0.098894  0.387414  0.087491  0.002714  0.000000  0.000000  0.005490  0.002059  0.001887  0.034155  0.015634  0.127302  0.120614  0.342650  0.013507  0.075562  0.058054  0.311032  0.085450  0.181055  0.007923  0.027055  0.080468  0.051889  0.014867  0.035115  0.012243  0.001029  0.299508  0.000000  0.002654  0.000000  0.000000  
0.000000  0.015918  0.004730  0.180887  0.207603  0.000000  1.288176  0.362916  0.403777  1.666030  0.616228  1.000000  1.241770  0.000000  0.000113  0.000000  0.000000  0.012697  0.004223  0.004223  0.080201  0.047415  0.174012  0.335220  0.411046  0.132639  0.125212  0.115702  0.606623  0.148258  0.250131  0.007162  0.033186  0.145921  0.070489  0.027043  0.062640  0.006926  0.002815  0.372291  0.000000  0.004668  0.000000  0.000000  
0.000935  0.003219  0.000672  0.045061  0.072933  0.000000  0.884678  0.130933  0.270524  0.418360  0.136367  0.081498  1.000000  0.000306  0.000101  0.000000  0.000000  0.003799  0.001397  0.001006  0.060312  0.002006  0.070345  0.142907  0.184582  0.008284  0.048469  0.028180  0.203759  0.048075  0.095065  0.007365  0.009808  0.043822  0.029820  0.013319  0.021261  0.007372  0.000629  0.138322  0.000000  0.001251  0.000000  0.000000  
0.000100  0.002701  0.001034  0.057244  0.032246  0.000000  0.498533  0.047335  0.127676  0.513937  0.104220  0.051747  0.196287  1.000000  0.000478  0.000000  0.000000  0.003186  0.000597  0.000498  0.103829  0.011474  0.040513  0.041595  0.282813  0.002560  0.017787  0.012427  0.125044  0.027241  0.073966  0.003368  0.009699  0.026850  0.017240  0.004491  0.007850  0.001597  0.000199  0.069616  0.000118  0.000247  0.000000  0.000000  
0.011933  0.027075  0.030539  0.484006  0.563135  0.000000  6.690714  0.230597  0.857012  5.248161  4.024283  0.664798  2.373203  0.313097  1.000000  0.000000  0.000000  0.011585  0.011585  0.011585  0.363170  0.090251  0.584255  0.281805  1.159972  0.041140  0.386688  0.173991  0.974338  0.201657  0.733766  0.057997  0.145004  0.281110  0.225743  0.032961  0.189480  0.010659  0.000000  0.999513  0.000000  0.000000  0.000000  0.000000  
11.848001  0.007441  0.001696  0.040853  0.068647  0.000000  0.003130  0.005528  0.016398  0.075355  0.012062  0.000786  0.034455  0.000000  0.000028  1.000000  0.001035  0.092852  0.001922  0.001424  0.006309  0.000356  0.005313  0.064909  0.011716  0.002300  0.012226  0.020338  0.494935  0.048269  0.108954  0.002399  0.008097  0.032762  0.032966  0.003450  0.012031  0.001922  0.002136  0.083605  0.000000  0.001180  0.000000  0.000000  
2331.460938  3.092111  0.429264  19.080212  19.056852  0.000000  1.936536  4.988541  5.080212  25.986338  4.634641  0.454385  5.938299  1.217276  0.000000  1.133098  1.000000  14.348171  0.881446  0.220361  1.273689  0.000000  3.136624  31.420891  4.031291  0.333186  3.517409  10.748788  19.018511  10.143676  26.003527  0.524460  1.282063  8.648744  7.110181  5.954165  5.326576  0.396650  0.110181  21.340679  0.070516  0.243279  0.000000  0.000000  
1.570036  0.007876  0.001327  0.049921  0.053589  0.000000  0.005015  0.023660  0.055196  0.060172  0.011078  0.000978  0.012457  0.000355  0.000009  0.029799  0.072016  1.000000  0.021782  0.000589  0.014789  0.000026  0.006601  0.097496  0.010949  0.001649  0.010621  0.016444  0.137396  0.020548  0.073959  0.000960  0.007103  0.015152  0.013220  0.005148  0.010797  0.001145  0.000161  0.039332  0.000096  0.000414  0.000000  0.000000  
1.314122  0.028105  0.007473  0.261193  0.193633  0.000000  0.011960  0.310172  0.330218  0.223478  0.050673  0.002576  0.071647  0.000000  0.000000  0.000000  0.001484  0.716258  1.000000  0.003361  0.059106  0.000054  0.102793  0.364155  0.041342  0.008812  0.048336  0.080023  0.450392  0.134614  0.287060  0.008666  0.030019  0.110217  0.063634  0.060143  0.055061  0.007233  0.002017  0.331783  0.000172  0.000000  0.000000  0.000000  
9.957504  0.014304  0.004960  0.161274  0.166630  0.000000  0.065787  0.009225  0.259835  0.523777  0.076163  0.005476  0.238330  0.000000  0.000000  0.000000  0.000000  0.065331  0.015276  1.000000  0.040313  0.003571  0.342228  1.986351  0.047079  0.016050  0.040988  0.101617  0.661700  0.312687  0.479476  0.018867  0.009900  0.109969  0.215415  0.015177  0.061145  0.033727  0.004960  0.494872  0.000000  0.000000  0.000000  0.000000  
0.163584  0.004239  0.000227  0.015754  0.028945  0.000000  0.003228  0.002163  0.180805  0.016704  0.007128  0.000291  0.005502  0.000000  0.000000  0.007525  0.000000  0.003514  0.000175  0.000204  1.000000  0.023267  0.011530  0.031443  0.019978  0.009653  0.007831  0.018378  0.070242  0.009695  0.022917  0.001400  0.004679  0.013737  0.009902  0.002993  0.009736  0.000684  0.000204  0.025038  0.000112  0.000000  0.000000  0.000000  
0.147748  0.004205  0.000322  0.032677  0.032365  0.000000  0.009572  0.009132  0.136122  0.068623  0.009346  0.001234  0.006872  0.000000  0.000000  0.426594  0.000000  0.006153  0.000838  0.000838  0.208873  1.000000  0.027937  0.087878  0.189792  0.002494  0.011442  0.014788  0.178043  0.014590  0.041201  0.000603  0.007797  0.025755  0.020447  0.003731  0.026420  0.000179  0.000279  0.067615  0.000000  0.000000  0.000000  0.000000  
0.451517  0.002896  0.000303  0.042919  0.061170  0.000000  0.026224  0.075411  0.135785  0.112390  0.010833  0.001358  0.022481  0.000000  0.000000  0.000000  0.000000  0.001710  0.001329  0.000492  0.160418  0.006756  1.000000  0.045304  0.055876  0.002938  0.020284  0.017129  0.163987  0.020786  0.072553  0.000521  0.007472  0.030439  0.024347  0.001063  0.021148  0.001022  0.000369  0.050262  0.000000  0.000271  0.000000  0.000000  
0.068639  0.010372  0.000354  0.048226  0.073052  0.000000  0.014302  0.014226  0.117460  0.029987  0.015341  0.000947  0.016056  0.000000  0.000000  0.000000  0.000000  0.002650  0.000629  0.000489  0.031559  0.014457  0.008222  1.000000  0.011058  0.003032  0.013823  0.036274  0.093630  0.026522  0.061523  0.002083  0.005428  0.036035  0.016723  0.008150  0.014516  0.005116  0.000349  0.129336  0.000000  0.001158  0.000000  0.000000  
0.076092  0.108482  0.007788  0.813028  0.869546  0.000000  0.354399  0.681940  16.057262  0.941095  0.188785  0.018950  0.166420  0.000000  0.000000  0.000000  0.000000  0.114506  0.007556  0.007556  2.859169  0.003728  0.229798  1.085915  1.000000  0.028863  0.303624  0.207755  1.088323  0.408358  0.602785  0.017217  0.098861  0.325616  0.224076  0.008745  0.293257  0.015212  0.005037  1.324206  0.000000  0.000000  0.000000  0.000000  
0.174949  0.002930  0.002684  0.114881  0.110853  0.000000  0.902577  0.107480  0.427732  0.189768  0.022766  0.010409  0.041921  0.010246  0.007336  0.055597  0.006639  0.005176  0.001025  0.001025  0.276106  0.037376  0.211600  0.237091  0.668564  1.000000  0.029065  0.042626  0.134123  0.057129  0.091214  0.006610  0.021069  0.039093  0.031425  0.005389  0.052662  0.002254  0.001025  0.240906  0.000000  0.000000  0.000000  0.000000  
1.637955  0.037670  0.078220  7.657305  1.824813  0.000000  24.628000  74.326912  5.725418  35.652992  8.180673  1.441924  11.821934  0.009823  0.145467  0.000000  0.000000  0.109610  0.067899  0.057590  1.620666  0.003271  30.963148  3.529743  6.933132  0.180092  1.000000  2.466453  23.724245  2.049295  12.996824  0.185188  0.818545  2.489643  3.352471  0.244081  1.111814  0.127385  0.074926  23.977983  0.031248  0.049840  0.000000  0.000000  
0.332843  0.240010  0.042004  10.626052  4.769306  0.000000  16.350740  3.132304  8.442429  20.052628  25.761135  3.168832  22.904961  67.107628  7.496854  0.182071  0.016589  0.192694  0.062924  0.061290  17.363651  2.876277  4.243687  3.137452  7.269102  0.377135  1.414808  1.000000  25.543352  2.216229  5.246629  0.041268  0.356133  1.769960  2.647218  0.262401  4.349187  0.217374  0.020430  9.568194  0.000000  0.000000  0.000000  0.000000  
0.052684  0.073016  0.041938  1.851741  1.195518  0.000000  0.019768  0.069152  0.201130  1.041123  0.186783  0.193456  0.945246  0.020003  0.000000  0.000000  0.000000  0.042934  0.050738  0.043393  0.303273  0.000000  0.328963  2.941837  0.522451  0.093314  0.454562  0.922021  1.000000  1.648479  1.528679  0.096943  0.532885  2.003025  1.039833  0.272725  1.398205  0.078267  0.024176  2.160450  0.017843  0.029408  0.000000  0.022735  
3041.303955  55.152000  30.087999  550.539978  764.276001  0.000000  1.104000  68.536003  228.468002  313.324005  107.328003  9.060000  223.664001  4.052000  0.000000  2476.736084  1200.404053  6665.359863  10025.572266  2192.800049  182.007996  0.812000  143.112000  452.899994  32.903999  48.703999  284.820007  127.568001  4647.872070  1.000000  583.968018  20.388000  31.639999  461.063995  184.371994  21.035999  492.212006  49.368000  4.000000  381.884003  0.000000  8.840000  0.000000  0.000000  
0.009002  0.194000  0.010321  2.029612  0.392148  0.000000  0.104350  0.043393  0.104813  0.190027  0.055970  0.008669  0.120091  0.211076  0.407238  0.009820  0.010638  0.071731  0.003273  0.003273  0.065428  0.000872  0.043049  0.118724  0.242357  0.031561  0.946979  0.756936  0.794378  0.241735  1.000000  0.020609  0.269447  0.232116  0.172223  0.237282  0.059535  0.030679  0.008281  0.104610  0.000008  0.008591  0.000000  0.000000  
0.200954  0.003287  0.000000  4.891279  0.105907  0.000000  0.047556  0.012228  0.262733  0.096992  0.570950  0.043220  0.076987  0.000000  2.869049  0.242741  0.132665  0.136144  0.168197  0.084687  0.077511  0.008455  0.020874  0.351270  0.057417  0.141337  0.146389  0.084227  0.224834  0.070566  0.071231  1.000000  6.591441  0.598399  0.900118  0.007930  0.057584  0.068558  0.000000  0.779169  0.034484  0.028267  0.000000  0.000000  
0.357936  0.056326  0.076582  16.124306  5.118202  0.000000  0.132908  0.170366  2.831576  2.905383  3.602109  0.685905  1.475028  0.000000  0.613208  0.000000  0.000000  0.000000  0.000000  0.000000  1.062153  0.158713  0.751942  7.840455  2.706437  0.537181  7.083796  6.962542  4.061876  1.940067  5.765538  1.160655  1.000000  8.263041  2.680078  0.749723  10.758601  0.038846  0.000000  29.097946  0.000000  1.302997  0.000000  0.000000  
0.008911  0.086819  0.059384  1.104816  1.500982  0.000000  0.040713  0.006536  0.136823  0.215992  0.069408  0.132016  2.823197  0.190814  0.256470  0.000000  0.000000  0.000000  0.007328  0.007328  0.264414  0.001759  0.084738  1.719084  0.078084  0.091245  1.491339  0.452414  0.621919  0.602955  2.866078  0.679837  0.094117  1.000000  0.701586  0.125597  0.405985  0.032828  0.014655  1.022423  0.002345  0.032389  0.000000  0.000000  
0.000062  0.001150  0.000346  0.007574  0.009420  0.000000  0.000000  0.000000  0.001238  0.009849  0.001802  0.001779  0.008894  0.000000  0.000000  0.000031  0.000000  0.000154  0.000385  0.000347  0.001100  0.000000  0.000257  0.040843  0.000380  0.000590  0.007135  0.005724  0.016598  0.014682  0.016013  0.001986  0.000629  0.037931  1.000000  0.009147  0.004420  0.001800  0.000715  0.215752  0.000000  0.000255  0.000000  0.000000  
0.400000  9.880000  1.460000  390.470001  166.380005  0.000000  2.030000  16.090000  50.810001  10.130000  6.140000  0.000000  16.959999  66.839996  28.360001  0.000000  0.000000  0.000000  0.000000  0.000000  8.530000  0.000000  17.280001  108.089996  83.330002  15.450000  189.320007  186.820007  61.840000  52.119999  38.799999  17.520000  15.250000  202.139999  63.250000  1.000000  109.139999  2.800000  0.000000  131.520004  0.000000  0.000000  0.000000  0.000000  
0.000000  0.623333  0.166667  2.835667  17.941334  0.000000  0.000000  0.518333  2.478000  7.734334  1.500000  0.067667  5.369667  0.000000  0.000000  0.000000  0.000000  0.083333  0.250000  0.250000  1.171000  0.000000  15.421667  9.035334  0.709333  1.490333  433.134003  23.772667  26.021667  6.333333  8.271000  0.405000  0.675000  5.343333  36.403667  1.087000  1.000000  0.276667  0.333333  363.884003  0.000000  0.460333  0.000000  0.000000  
3.647458  7.535593  2.608474  21.661016  29.640678  0.000000  2.325424  2.242373  9.772882  12.137288  1.696610  13.647458  18.566101  0.501695  0.000000  0.101695  0.067797  0.779661  0.525424  0.491525  9.174576  0.135593  17.094915  57.413559  3.089830  6.277966  61.435593  17.181356  11.483051  6.289831  13.116949  1.279661  0.344068  18.988136  12.622034  1.233898  10.135593  1.000000  0.593220  32.286442  0.000000  0.000000  0.000000  0.000000  
12.654113  0.273871  0.062581  14.113226  6.823791  0.000000  0.578387  2.948226  31.286129  1.427984  0.965242  2.099516  2.020242  0.016371  0.000000  10.305161  3.064919  7.136129  1.472661  0.000000  5.765242  0.429839  0.330242  4.195081  3.670887  0.315887  7.134758  4.605081  17.643709  2.433710  2.698952  0.422581  0.129758  4.326452  2.365887  0.310323  4.880726  0.835968  1.000000  8.759839  0.000000  0.267339  0.000000  0.000000  
0.059068  0.022233  0.006831  0.511784  0.239373  0.000000  0.003391  0.020838  0.444602  0.140795  0.036536  -0.004110  0.127348  0.000805  0.000338  0.017440  0.002775  0.029942  0.012624  0.005731  0.047713  0.003846  0.024915  1.499285  0.068443  0.037083  0.081506  0.235871  0.592475  0.435736  0.227880  0.032156  0.015334  0.392990  0.168319  0.026047  0.322654  0.010105  0.007164  1.000000  0.002010  0.004584  0.000000  0.000000  
0.818970  0.503607  0.282974  5.692008  3.599825  0.000000  0.656151  1.175856  1.231198  1.592382  21.301102  1.481063  5.866760  4.540246  13.768719  0.559273  0.144296  1.132471  0.032100  0.015726  1.696870  0.559033  1.202074  6.574927  1.347043  0.942942  20.448771  0.550582  4.047058  1.550305  2.276407  0.689391  0.552070  4.824072  3.633246  0.401976  1.424305  0.752536  1.097958  16.462358  1.000000  0.155856  0.000000  0.000000  
4.973001  4.740760  1.105111  25.534470  23.973263  0.000000  8.157274  4.552556  33.198429  7.158322  2.942857  12.041153  10.163040  1.564613  0.557536  6.995019  0.291481  10.209174  0.671035  0.000000  13.110616  1.036435  11.960682  29.016775  4.527130  4.761992  42.808125  1.821756  51.322674  6.548624  10.035387  1.826999  0.472870  7.647182  11.116120  2.220446  5.447444  2.606815  5.860550  27.624640  0.372739  1.000000  0.000000  0.000000  
37548.000000  5346.000000  4563.000000  59930.000000  61661.000000  0.000000  485.000000  22680.000000  123947.000000  7610.000000  1668.000000  13160.000000  8812.000000  203.000000  0.000000  14458.000000  24980.000000  47200.000000  1830.000000  0.000000  24380.000000  4330.000000  4084.000000  29632.000000  22884.000000  1822.000000  33871.000000  12030.000000  101891.000000  5024.000000  15258.000000  96.000000  349.000000  25455.000000  19926.000000  5539.000000  7485.000000  0.000000  1203.000000  140900.000000  2824.000000  0.000000  0.000000  0.000000  
19931.000000  905.000000  703.000000  10000.000000  10918.000000  0.000000  500.000000  9000.000000  14810.000000  6133.000000  250.000000  0.000000  2750.000000  203.000000  250.000000  9228.000000  12155.000000  22870.000000  250.000000  250.000000  7073.000000  0.000000  8383.000000  75261.000000  1500.000000  2370.000000  43067.000000  0.000000  36655.000000  13571.000000  22757.000000  1215.000000  608.000000  15120.000000  12098.000000  0.000000  12153.000000  0.000000  0.000000  54195.000000  0.000000  0.000000  0.000000  0.000000  
0.000011  0.000053  0.000186  0.000015  0.000037  0.031548  0.000009  0.000032  0.000013  0.000033  0.000026  0.000075  0.000022  0.000020  0.000107  0.000038  0.000662  0.000015  0.000052  0.000141  0.000011  0.000033  0.000022  0.000017  0.000100  0.000064  0.000109  0.000285  0.000045  0.001995  0.000040  0.000113  0.000526  0.000171  0.000012  0.003155  0.000576  0.001299  0.000283  0.000039  0.000109  0.000511  0.031548  0.031548  