1.000000  0.000000  0.000000  0.125623  0.026756  0.000000  0.045354  0.032155  0.366626  0.003871  0.048550  0.000000  0.000457  0.000754  0.001429  0.000000  0.136103  0.867351  0.000000  0.000000  0.011909  0.000000  0.000000  0.000258  0.000615  0.000000  0.000040  0.033485  0.274230  0.000000  0.063973  0.000000  0.000000  0.001727  0.001151  0.000000  0.000000  0.000000  0.000000  0.109585  0.000000  0.000000  0.000000  0.020008  
0.000000  0.000000  0.000000  18.000000  41.000000  0.000000  0.000000  2.000000  5.000000  1.000000  14.000000  0.000000  0.000000  0.000000  0.000000  0.000000  0.000000  0.000000  0.000000  0.000000  0.000000  0.000000  8.000000  4.000000  1.000000  0.000000  0.000000  2.000000  10.000000  3.000000  3.000000  2.000000  0.000000  7.000000  3.000000  0.000000  0.000000  0.000000  0.000000  7.000000  0.000000  0.000000  0.000000  3.000000  
0.000000  0.000000  0.000000  0.000000  0.000000  0.000000  0.000000  0.000000  0.000000  0.000000  0.000000  0.000000  0.000000  0.000000  0.000000  0.000000  0.000000  0.000000  0.000000  0.000000  0.000000  0.000000  0.000000  0.000000  0.000000  0.000000  0.000000  0.000000  0.000000  0.000000  0.000000  0.000000  0.000000  0.000000  0.000000  0.000000  0.000000  0.000000  0.000000  0.000000  0.000000  0.000000  0.000000  0.000000  
0.000000  0.000000  0.000000  1.000000  0.007640  0.000000  0.000150  0.001049  0.018526  0.000749  0.004944  0.000050  0.000150  0.000000  0.000000  0.000000  0.000000  0.012933  0.000000  0.000000  0.000000  0.000000  0.000000  0.004294  0.000350  0.000050  0.000000  0.000399  0.011735  0.000699  0.000399  0.000549  0.000399  0.001548  0.001298  0.000000  0.000000  0.000000  0.000000  0.001997  0.000000  0.000000  0.000000  0.000499  
0.000000  1.945652  0.000000  12.432065  1.000000  0.000000  1.956522  17.040760  0.459239  0.059783  0.190217  0.000000  6.035326  0.000000  0.000000  0.000000  0.000000  0.000000  0.000000  0.000000  0.000000  0.000000  0.013587  0.127717  0.239130  0.005435  0.002717  0.021739  0.288043  0.089674  0.059783  0.067935  0.027174  0.217391  0.260870  0.000000  0.000000  0.000000  0.000000  0.304348  0.000000  0.000000  0.000000  0.073370  
0.000000  0.000000  0.000000  0.000000  0.000000  0.000000  0.000000  0.000000  0.000000  0.000000  0.000000  0.000000  0.000000  0.000000  0.000000  0.000000  0.000000  0.000000  0.000000  0.000000  0.000000  0.000000  0.000000  0.000000  0.000000  0.000000  0.000000  0.000000  0.000000  0.000000  0.000000  0.000000  0.000000  0.000000  0.000000  0.000000  0.000000  0.000000  0.000000  0.000000  0.000000  0.000000  0.000000  0.000000  
0.000000  0.000430  0.000000  0.038803  0.077176  0.000000  1.000000  0.003007  0.116266  0.015321  0.101375  0.000573  0.004152  0.000000  0.000000  0.000000  0.000000  0.000000  0.000000  0.000000  0.000000  0.000000  0.005727  0.046678  0.007159  0.004725  0.086054  0.126145  0.065865  0.025487  0.017612  0.020619  0.018041  0.067297  0.035367  0.000000  0.000000  0.000000  0.000000  0.100229  0.000000  0.000000  0.000000  0.026632  
0.002047  0.007914  0.000273  0.330059  0.212989  0.000000  0.184336  1.000000  0.142721  0.053077  0.677582  0.004776  0.007914  0.000000  0.000000  0.000000  0.000000  0.002456  0.000000  0.000000  0.008323  0.000000  0.016237  0.154182  0.103561  2.218584  0.000819  0.010506  0.133579  0.032337  0.096193  0.026061  0.016510  0.081867  0.040388  0.000000  0.000000  0.000000  0.000000  0.069859  0.000000  0.000000  0.000000  0.030154  
0.031439  0.000228  0.000000  0.063789  0.039241  0.000000  0.002734  0.349869  1.000000  0.031268  0.033660  0.000228  0.001709  0.000000  0.000000  0.007575  0.000000  0.035653  0.000000  0.000000  0.000797  0.000000  0.005411  0.104112  0.036849  0.000968  0.000285  0.004841  0.030243  0.011789  0.008600  0.009682  0.009113  0.029160  0.032578  0.000000  0.000000  0.000000  0.000000  0.039925  0.000000  0.000000  0.000000  0.008885  
0.000000  0.015780  0.000000  0.256988  0.177638  0.000000  5.127593  0.164563  0.207394  1.000000  0.181695  0.026150  0.017583  0.006763  0.000000  0.000000  0.000000  0.000000  0.000000  0.000000  0.012173  0.000000  0.171776  0.160054  0.087015  0.026601  0.001353  0.105951  0.192967  0.058161  0.044184  0.047791  0.042831  0.145176  0.105050  0.000000  0.000000  0.000000  0.000000  0.201533  0.000000  0.000000  0.000000  0.044635  
0.000000  0.000345  0.000000  0.076286  0.051433  0.000000  0.939593  0.001036  0.039006  0.183293  1.000000  0.000345  0.037280  0.000000  0.000000  0.000000  0.000000  0.000000  0.000000  0.000000  0.000000  0.000000  0.017259  0.046255  0.053504  0.001036  0.000345  0.016224  0.045564  0.016224  0.012772  0.012772  0.015878  0.041077  0.028305  0.000000  0.000000  0.000000  0.000000  0.058681  0.000000  0.000000  0.000000  0.008284  
0.000000  0.000000  0.000000  0.029252  0.020059  0.000000  0.073130  0.000836  0.045967  0.033849  0.035520  1.000000  0.091099  0.000000  0.000000  0.000000  0.000000  0.000000  0.000000  0.000000  0.002089  0.002507  0.004179  0.110740  0.074802  0.002507  0.000836  0.009193  0.076473  0.031759  0.025909  0.025491  0.020476  0.078145  0.059758  0.000000  0.000000  0.000000  0.000000  0.113665  0.000000  0.000000  0.000000  0.026327  
0.000000  0.000073  0.000000  0.026424  0.027525  0.000000  0.345200  0.006312  0.031929  0.071345  0.019231  0.000147  1.000000  0.000000  0.000000  0.000000  0.000000  0.000000  0.000000  0.000000  0.000514  0.000000  0.020846  0.037067  0.075749  0.001028  0.000294  0.004624  0.032810  0.012772  0.009982  0.010276  0.010203  0.031268  0.021506  0.000000  0.000000  0.000000  0.000000  0.044554  0.000000  0.000000  0.000000  0.008294  
0.000000  0.000218  0.000000  0.007264  0.007736  0.000000  0.009371  0.014492  0.012022  0.018087  0.001925  0.000036  0.009879  1.000000  0.000000  0.000000  0.000000  0.000000  0.000000  0.000000  0.024661  0.000000  0.006429  0.009625  0.053354  0.000508  0.000145  0.001707  0.015836  0.006029  0.004794  0.004794  0.004249  0.014746  0.025533  0.000000  0.000000  0.000000  0.000000  0.021284  0.000000  0.000000  0.000000  0.004540  
0.000782  0.000000  0.000000  0.027365  0.048475  0.000000  0.324863  0.001173  0.028929  0.064504  0.765833  0.000000  0.056294  0.000000  1.000000  0.000000  0.000000  0.000000  0.000000  0.000000  0.028147  0.000000  0.069195  0.023456  0.022674  0.001173  0.000391  0.003909  0.043393  0.014855  0.012119  0.011728  0.009773  0.034793  0.061376  0.000000  0.000000  0.000000  0.000000  0.050430  0.000000  0.000000  0.000000  0.010946  
36.327209  0.002802  0.000000  0.250934  0.187422  0.000000  0.009963  0.050125  0.004981  0.185554  0.299502  0.004981  0.010585  0.000000  0.000000  1.000000  0.000000  0.217933  0.000000  0.000000  0.031133  0.000000  0.008095  0.372354  0.119240  0.006538  0.002179  0.038917  0.218867  0.061021  0.066314  0.048879  0.075654  0.154421  0.210149  0.000000  0.000000  0.000000  0.000000  1.129203  0.000000  0.000000  0.000000  0.088107  
440.666656  1.031250  0.000000  6.572917  6.197917  0.000000  0.156250  7.208333  0.093750  2.041667  5.031250  0.041667  0.177083  0.000000  0.000000  0.000000  1.000000  7.312500  0.000000  0.000000  0.000000  0.000000  0.177083  8.083333  1.729167  0.093750  0.031250  0.635417  4.739583  1.333333  0.947917  1.083333  0.604167  3.302083  6.322917  0.000000  0.000000  0.000000  0.000000  4.416667  0.000000  0.000000  0.000000  1.395833  
1.211977  0.007405  0.000000  0.044005  0.033134  0.000000  0.001210  0.020602  0.043198  0.057723  0.037193  0.000451  0.001068  0.000000  0.000000  0.047375  0.169230  1.000000  0.009209  0.000000  0.006480  0.000000  0.001519  0.112266  0.041156  0.001068  0.000285  0.004130  0.125036  0.011155  0.010016  0.009067  0.006836  0.027699  0.046473  0.000000  0.000000  0.000000  0.000000  0.037644  0.000000  0.000000  0.000000  0.009613  
1.190989  0.047747  0.000000  0.132958  0.083252  0.000000  0.003428  0.152547  0.056807  0.047992  0.116308  0.000979  0.004652  0.000000  0.000000  0.000000  0.000000  0.441234  1.000000  0.000000  0.000000  0.000000  0.005387  0.109452  0.015671  0.002938  0.000979  0.016895  0.119736  0.038688  0.028404  0.031097  0.021792  0.095005  0.106268  0.000000  0.000000  0.000000  0.000000  0.130509  0.000000  0.000000  0.000000  0.034035  
58186.000000  1.000000  0.000000  80.000000  40.000000  0.000000  5.000000  3.000000  26.000000  178.000000  154.000000  2.000000  5.000000  0.000000  0.000000  0.000000  0.000000  0.000000  0.000000  0.000000  0.000000  0.000000  42.000000  2176.000000  118.000000  6.000000  2.000000  32.000000  162.000000  70.000000  51.000000  55.000000  49.000000  169.000000  83.000000  0.000000  0.000000  0.000000  0.000000  238.000000  0.000000  0.000000  0.000000  51.000000  
0.107540  0.000480  0.000000  0.028501  0.027011  0.000000  0.001287  0.007094  0.292757  0.008962  0.029940  0.000480  0.001186  0.000000  0.000000  0.000000  0.000000  0.002348  0.000000  0.000000  1.000000  0.019691  0.002146  0.045313  0.016989  0.001035  0.000303  0.012950  0.033903  0.012698  0.009643  0.010350  0.009366  0.031581  0.068311  0.000000  0.000000  0.000000  0.000000  0.043748  0.000000  0.000000  0.000000  0.009239  
0.000000  0.001204  0.000000  0.051184  0.036130  0.000000  0.001004  0.005821  0.135688  0.124649  0.032517  0.000401  0.001204  0.000000  0.000000  0.678844  0.000000  0.013248  0.000000  0.000000  0.146327  1.000000  0.004215  0.142112  0.213167  0.001606  0.000602  0.009033  0.192292  0.021477  0.016660  0.017262  0.015054  0.052188  0.118627  0.000000  0.000000  0.000000  0.000000  0.073866  0.000000  0.000000  0.000000  0.016058  
0.150717  0.000418  0.000000  0.083020  0.045828  0.000000  0.015322  0.013372  0.091238  0.082463  0.021730  0.000418  0.001114  0.000000  0.000000  0.016019  0.000000  0.000000  0.000000  0.000000  0.124948  0.002089  1.000000  0.043599  0.059618  0.001811  0.000418  0.007104  0.051121  0.017830  0.013651  0.014347  0.009611  0.044157  0.122301  0.000000  0.000000  0.000000  0.000000  0.062544  0.000000  0.000000  0.000000  0.016855  
0.009091  0.005290  0.000000  0.033115  0.038515  0.000000  0.007604  0.001873  0.086341  0.017577  0.060775  0.000220  0.001598  0.000000  0.000000  0.000000  0.000000  0.000000  0.000000  0.000000  0.018458  0.006943  0.004022  1.000000  0.023858  0.002535  0.000275  0.031131  0.030801  0.010634  0.007438  0.008651  0.006832  0.026062  0.023583  0.000000  0.000000  0.000000  0.000000  0.034933  0.000000  0.000000  0.000000  0.008651  
0.020189  0.000430  0.000000  0.090636  0.157646  0.000000  0.009021  0.018471  2.445447  0.045533  0.163230  0.001289  0.014605  0.000000  0.000000  0.000000  0.009880  0.000000  0.000000  0.000000  0.507732  0.034364  0.011168  0.143041  1.000000  0.002577  0.000430  0.033505  0.060137  0.019759  0.012457  0.016323  0.012457  0.050687  0.053265  0.000000  0.000000  0.000000  0.000000  0.063574  0.000000  0.000000  0.000000  0.013316  
0.000000  0.000722  0.000000  0.137807  0.035354  0.000000  0.116162  0.018038  0.111111  0.487013  0.032468  0.000722  0.018759  0.000000  0.000000  0.001443  0.000000  0.000000  0.000000  0.000000  0.038240  0.007215  0.497114  0.151515  0.093795  1.000000  0.000722  0.006494  0.044733  0.018038  0.012987  0.014430  0.013709  0.044012  0.062771  0.000000  0.000000  0.000000  0.000000  0.063492  0.000000  0.000000  0.000000  0.011544  
0.000000  0.004910  0.000000  0.217712  0.056524  0.000000  0.237351  1.727501  0.095803  0.715706  0.065864  0.001198  0.560984  0.000000  0.000000  0.000000  0.000000  0.000000  0.000000  0.000000  0.069936  0.000000  0.947967  0.094425  0.068319  0.001198  1.000000  0.011796  0.683312  0.015029  0.275313  0.012514  0.008143  0.037722  0.042033  0.000000  0.000000  0.000000  0.000000  0.299743  0.000000  0.000000  0.000000  0.053350  
0.000000  0.000000  0.000000  48.500000  11.000000  0.000000  1.750000  0.500000  1.250000  153.750000  19.500000  1.750000  571.750000  1641.000000  0.000000  0.000000  0.000000  0.000000  0.000000  0.000000  0.000000  0.000000  0.750000  10.750000  1525.750000  0.750000  0.000000  1.000000  9.000000  0.250000  5.000000  0.250000  1.000000  17.500000  12.750000  0.000000  0.000000  0.000000  0.000000  24.000000  0.000000  0.000000  0.000000  1.750000  
0.000000  0.181562  0.000000  1.907809  0.494784  0.000000  0.000000  0.413025  0.082323  0.657457  0.000000  0.142656  0.187482  0.000000  0.000000  0.000000  0.000000  0.000000  0.000000  0.000000  0.224415  0.000000  0.000000  1.466873  0.165492  0.017198  0.006484  1.206090  1.000000  0.000000  1.290668  0.509445  0.162955  1.032140  0.568086  0.000000  0.000000  0.000000  0.000000  3.127995  0.000000  0.000000  0.000000  0.313786  
0.000000  327.000000  0.000000  997.000000  1027.000000  0.000000  0.000000  286.000000  62.000000  570.000000  0.000000  105.000000  142.000000  0.000000  0.000000  0.000000  0.000000  0.000000  0.000000  0.000000  90.000000  0.000000  0.000000  1165.000000  0.000000  19.000000  5.000000  854.000000  1163.000000  0.000000  162.000000  64.000000  221.000000  757.000000  659.000000  0.000000  0.000000  0.000000  0.000000  2530.000000  0.000000  0.000000  0.000000  177.000000  
0.000000  0.000000  0.000000  2731.000000  0.000000  0.000000  0.000000  258.000000  65.000000  401.000000  0.000000  105.000000  130.000000  2838.000000  2922.000000  0.000000  0.000000  0.000000  0.000000  0.000000  0.000000  0.000000  0.000000  21.000000  0.000000  3.000000  2145.000000  2385.000000  469.000000  28.000000  0.000000  19.000000  0.000000  61.000000  170.000000  0.000000  0.000000  0.000000  0.000000  38.000000  0.000000  0.000000  0.000000  19.000000  
0.000000  0.000000  0.000000  0.474668  0.000438  0.000000  0.000000  0.004380  0.001460  0.005694  0.051978  0.001168  0.004818  0.000000  0.915754  0.000000  0.000000  0.123376  0.000000  0.000000  0.000000  0.000000  0.000000  0.009490  0.000000  0.000438  0.000146  0.006716  0.032852  0.004672  0.000584  1.000000  0.686524  0.065849  0.323697  0.000000  0.000000  0.000000  0.000000  0.182946  0.000000  0.000000  0.000000  0.008614  
0.000000  0.066116  0.000000  3.289256  1.210744  0.000000  0.305785  0.855372  0.169421  0.929752  0.483471  0.219008  0.458678  0.000000  0.210744  0.000000  0.000000  0.000000  0.000000  0.000000  0.020661  0.000000  0.041322  1.636364  0.004132  0.024793  2.033058  1.690083  0.475207  0.004132  0.016529  0.347107  1.000000  2.334711  0.933884  0.000000  0.000000  0.000000  0.000000  4.685950  0.000000  0.000000  0.000000  3.264463  
0.000000  0.000000  0.000000  0.110140  0.095280  0.000000  0.002622  0.001748  0.001748  0.013112  0.034965  0.000874  0.002622  0.000000  0.000000  0.000000  0.000000  0.000000  0.000000  0.000000  0.121503  0.000000  0.000000  0.313811  0.004371  0.001748  3.430070  0.187063  0.024476  0.000000  0.593531  0.688811  0.000000  1.000000  0.013112  0.000000  0.000000  0.000000  0.000000  0.058566  0.000000  0.000000  0.000000  0.173077  
0.000000  0.000594  0.000000  0.035933  0.006133  0.000000  0.000000  0.001513  0.000270  0.002215  0.000000  0.000459  0.000702  0.000000  0.000000  0.000000  0.000000  0.000000  0.000000  0.000000  0.000000  0.000000  0.000000  0.025505  0.000000  0.000027  0.008943  0.003674  0.001729  0.004431  0.024046  0.001405  0.000000  0.036474  1.000000  0.000000  0.000000  0.000000  0.000000  0.111609  0.000000  0.000000  0.000000  0.005998  
0.000000  0.000000  0.000000  0.000000  0.000000  0.000000  0.000000  0.000000  0.000000  0.000000  0.000000  0.000000  0.000000  0.000000  0.000000  0.000000  0.000000  0.000000  0.000000  0.000000  0.000000  0.000000  0.000000  0.000000  0.000000  0.000000  0.000000  0.000000  0.000000  0.000000  0.000000  0.000000  0.000000  0.000000  0.000000  0.000000  0.000000  0.000000  0.000000  0.000000  0.000000  0.000000  0.000000  0.000000  
0.000000  0.000000  0.000000  0.000000  0.000000  0.000000  930.000000  1479.000000  1455.000000  3206.000000  0.000000  0.000000  0.000000  0.000000  0.000000  0.000000  0.000000  0.000000  0.000000  0.000000  0.000000  0.000000  0.000000  0.000000  0.000000  0.000000  2969.000000  0.000000  1522.000000  0.000000  0.000000  0.000000  0.000000  0.000000  0.000000  0.000000  0.000000  0.000000  0.000000  0.000000  0.000000  0.000000  0.000000  0.000000  
0.000000  0.000000  0.000000  0.000000  0.000000  0.000000  0.000000  0.000000  0.000000  0.000000  0.000000  0.000000  0.000000  0.000000  0.000000  0.000000  0.000000  0.000000  0.000000  0.000000  0.000000  0.000000  0.000000  0.000000  0.000000  0.000000  0.000000  0.000000  0.000000  0.000000  0.000000  0.000000  0.000000  0.000000  0.000000  0.000000  0.000000  0.000000  0.000000  0.000000  0.000000  0.000000  0.000000  0.000000  
0.000000  0.000000  0.000000  0.000000  0.000000  0.000000  0.000000  0.000000  0.000000  0.000000  0.000000  0.000000  0.000000  0.000000  0.000000  0.000000  0.000000  0.000000  0.000000  0.000000  0.000000  0.000000  0.000000  0.000000  0.000000  0.000000  0.000000  0.000000  0.000000  0.000000  0.000000  0.000000  0.000000  0.000000  0.000000  0.000000  0.000000  0.000000  0.000000  0.000000  0.000000  0.000000  0.000000  0.000000  
0.000000  0.003953  0.000000  0.199787  0.112817  0.000000  0.006386  0.018549  0.401551  0.031625  0.026760  0.013076  0.093660  0.000000  0.000000  0.000000  0.000000  0.000000  0.000000  0.000000  0.004865  0.001520  0.003041  1.089250  0.013988  0.000760  0.020070  0.100350  0.239775  0.015205  0.063859  0.034210  0.000304  0.224266  0.101870  0.000000  0.000000  0.000000  0.000000  1.000000  0.000000  0.000000  0.000000  0.022047  
0.000000  0.000000  0.000000  0.000000  0.000000  0.000000  0.000000  0.000000  0.000000  0.000000  0.000000  0.000000  0.000000  0.000000  0.000000  0.000000  0.000000  0.000000  0.000000  0.000000  0.000000  0.000000  0.000000  0.000000  0.000000  0.000000  0.000000  0.000000  0.000000  0.000000  0.000000  0.000000  0.000000  0.000000  0.000000  0.000000  0.000000  0.000000  0.000000  0.000000  0.000000  0.000000  0.000000  0.000000  
0.000000  0.000000  0.000000  0.000000  0.000000  0.000000  0.000000  0.000000  0.000000  0.000000  0.000000  0.000000  0.000000  0.000000  0.000000  0.000000  0.000000  0.000000  0.000000  0.000000  0.000000  0.000000  0.000000  0.000000  0.000000  0.000000  0.000000  0.000000  0.000000  0.000000  0.000000  0.000000  0.000000  0.000000  0.000000  0.000000  0.000000  0.000000  0.000000  0.000000  0.000000  0.000000  0.000000  0.000000  
1773.000000  724.000000  0.000000  624.000000  648.000000  0.000000  0.000000  35.000000  5612.000000  4.000000  0.000000  232.000000  4.000000  0.000000  0.000000  1633.000000  754.000000  1072.000000  0.000000  0.000000  676.000000  0.000000  233.000000  312.000000  296.000000  10.000000  1487.000000  396.000000  2646.000000  0.000000  0.000000  112.000000  0.000000  337.000000  1371.000000  0.000000  0.000000  0.000000  0.000000  2943.000000  0.000000  0.000000  0.000000  562.000000  
1.303846  1.180769  0.000000  5.469231  1.773077  0.000000  0.492308  1.103846  0.144231  0.563462  0.184615  0.988462  0.811538  0.000000  1.128846  0.000000  0.000000  0.238462  0.032692  0.044231  0.013462  0.000000  0.382692  4.673077  0.000000  0.007692  36.373077  1.288462  1.251923  0.300000  5.580769  0.623077  0.403846  8.825000  1.528846  0.000000  0.000000  0.000000  0.000000  4.592308  0.000000  0.000000  0.000000  1.000000  
0.000141  0.031548  0.031548  0.000223  0.001645  0.031548  0.000378  0.000369  0.000238  0.000670  0.000586  0.000645  0.000270  0.000190  0.000624  0.000557  0.003220  0.000154  0.000494  0.031548  0.000159  0.000447  0.000372  0.000234  0.000654  0.000847  0.000244  0.015774  0.000530  0.031548  0.031548  0.000381  0.002028  0.000933  0.000164  0.031548  0.031548  0.031548  0.031548  0.000389  0.031548  0.031548  0.031548  0.001383  