1.000000  0.008445  0.000000  0.063551  0.067845  0.000000  0.002648  0.004580  0.380305  0.032133  0.052673  0.000000  0.002290  0.000000  0.000000  0.000000  0.079153  2.021398  0.000000  0.000000  0.019681  0.000215  0.002147  0.009089  0.010592  0.000000  0.007228  0.002075  0.115365  0.000072  0.086596  0.000000  0.064195  0.004151  0.023975  0.200029  0.000000  0.000000  0.086596  0.000000  0.000000  0.000000  0.000000  0.000000  
0.429467  1.000000  0.007837  0.090909  1.067398  0.000000  0.656740  0.443574  0.333856  0.268025  0.938872  0.036050  0.059561  0.001567  0.341693  0.000000  0.000000  0.000000  0.000000  0.000000  0.003135  0.029781  0.084639  0.039185  0.000000  0.000000  0.103448  0.017241  0.297806  0.009404  0.297806  0.000000  0.023511  0.014107  0.388715  0.352665  0.000000  0.000000  0.029781  0.000000  0.000000  0.000000  0.000000  0.000000  
0.000000  243.343750  1.000000  1.125000  37.062500  0.000000  0.187500  0.156250  2.562500  4.031250  5.718750  0.031250  0.250000  0.031250  0.000000  0.000000  0.000000  0.000000  0.000000  0.000000  0.000000  0.000000  0.062500  0.562500  0.093750  0.000000  1.562500  0.156250  4.281250  0.093750  20.718750  0.000000  16.656250  0.312500  0.406250  1.500000  0.000000  0.000000  0.000000  0.000000  0.000000  0.000000  0.000000  0.000000  
0.000000  0.000000  0.000000  1.000000  0.009622  0.000000  0.000000  0.000037  0.013222  0.003783  0.007713  0.000000  0.000220  0.000110  0.000000  0.000000  0.000000  0.000000  0.000000  0.000000  0.000110  0.000000  0.000037  0.000698  0.000000  0.000000  0.002681  0.000147  0.000624  0.000404  0.003967  0.001028  0.001139  0.000514  0.001873  0.009439  0.000000  0.000000  0.000000  0.000000  0.000000  0.000000  0.000000  0.000000  
0.000000  0.389676  0.000228  0.711512  1.000000  0.000000  0.014619  0.010050  0.011421  0.132937  0.127912  0.004568  0.129968  0.001142  0.000000  0.000000  0.000000  0.000000  0.000457  0.000000  0.000000  0.000000  0.000685  0.053677  0.001142  0.000000  0.110096  0.024212  0.054591  0.019644  0.148698  0.000000  0.030608  0.039516  0.071722  0.262449  0.000000  0.000000  0.000000  0.000000  0.000000  0.000000  0.000000  0.000000  
0.000000  0.000000  0.000000  0.000000  0.000000  0.000000  0.000000  0.000000  0.000000  0.000000  0.000000  0.000000  0.000000  0.000000  0.000000  0.000000  0.000000  0.000000  0.000000  0.000000  0.000000  0.000000  0.000000  0.000000  0.000000  0.000000  0.000000  0.000000  0.000000  0.000000  0.000000  0.000000  0.000000  0.000000  0.000000  0.000000  0.000000  0.000000  0.000000  0.000000  0.000000  0.000000  0.000000  0.000000  
0.000000  0.003247  0.110535  0.013412  0.053311  0.000000  1.000000  0.021611  0.015172  0.032039  0.033777  0.000623  0.010242  0.000394  0.000000  0.000000  0.000000  0.000000  0.000011  0.000000  0.000415  0.000000  0.002689  0.005149  0.002809  0.000000  0.008089  0.098522  0.010046  0.000743  0.015905  0.002066  0.033624  0.001388  0.002044  0.020113  0.000000  0.000000  0.000000  0.000000  0.000000  0.000000  0.000000  0.000000  
0.003008  0.039439  0.052975  0.300969  0.288603  0.000000  0.127841  1.000000  0.275234  0.189505  0.188336  0.004011  0.024566  0.026237  0.000000  0.000000  0.000000  0.000668  0.000668  0.000000  0.010194  0.000167  0.107620  0.168783  0.014539  0.002340  0.034258  0.090575  0.178476  0.031918  0.231785  0.009525  0.149900  0.039439  0.027406  0.199198  0.000000  0.000000  0.000000  0.000000  0.000000  0.000000  0.000000  0.000000  
0.002373  0.000701  0.005825  0.143412  0.182514  0.000000  0.094062  0.144976  1.000000  0.090556  0.037592  0.003290  0.013322  0.001133  0.000000  0.013430  0.000378  0.045305  0.011272  0.000000  0.017529  0.006310  0.008360  0.201445  0.046923  0.000162  0.012675  0.004908  0.071679  0.012890  0.067904  0.008522  0.022599  0.017852  0.018068  0.185481  0.000000  0.000000  0.000000  0.000000  0.000000  0.000000  0.000000  0.000000  
0.000000  0.013782  0.081475  0.168626  0.301176  0.000000  5.541548  0.155655  0.365221  1.000000  0.586137  0.084718  0.236725  0.004054  0.005270  0.000000  0.000000  0.000000  0.001216  0.000000  0.064451  0.000811  0.147548  0.176328  0.160113  0.001621  0.068504  0.408188  0.503040  0.089988  0.276854  0.016619  0.032023  0.057154  0.063640  0.670045  0.000000  0.000000  0.000000  0.000000  0.000000  0.000000  0.000000  0.000000  
0.000000  0.001196  0.005468  0.050068  0.071770  0.000000  0.895933  0.014696  0.072625  1.580998  1.000000  0.034176  0.296138  0.215995  0.000171  0.000000  0.000000  0.000000  0.000854  0.000000  0.011449  0.004101  0.030417  0.099966  0.105947  0.095352  0.019139  0.018968  0.220950  0.055878  0.153110  0.018626  0.021531  0.035202  0.027854  0.408578  0.000000  0.000000  0.000000  0.000000  0.000000  0.000000  0.000000  0.000000  
0.000000  0.000000  0.000000  0.115942  0.275362  0.000000  1.579710  0.173913  0.130435  7.000000  6.623188  1.000000  2.072464  0.000000  0.014493  0.000000  0.000000  0.000000  0.000000  0.000000  0.043478  0.072464  0.144928  0.405797  0.318841  0.202899  0.101449  0.043478  0.507246  0.231884  0.666667  0.000000  0.000000  0.289855  0.188406  3.811594  0.000000  0.000000  0.000000  0.000000  0.000000  0.000000  0.000000  0.000000  
0.000000  0.000407  0.000081  0.010832  0.028667  0.000000  0.498656  0.034123  0.069713  0.120612  0.087548  0.012135  1.000000  0.000407  0.013519  0.000000  0.000000  0.000000  0.000163  0.000000  0.010994  0.000000  0.016858  0.034856  0.047724  0.002850  0.008144  0.002280  0.067514  0.015962  0.037625  0.006515  0.007004  0.010017  0.010424  0.121834  0.000000  0.000000  0.000000  0.000000  0.000000  0.000000  0.000000  0.000000  
0.000000  0.000066  0.000000  0.004339  0.006376  0.000000  0.033473  0.001373  0.012862  0.018994  0.018928  0.000487  0.002280  1.000000  0.000000  0.000000  0.000000  0.000000  0.000044  0.000000  0.002081  0.000000  0.002590  0.004915  0.019747  0.000000  0.000974  0.000266  0.034181  0.003321  0.008922  0.001572  0.012043  0.002081  0.002037  0.023865  0.000000  0.000000  0.000000  0.000000  0.000000  0.000000  0.000000  0.000000  
0.023460  0.002933  0.041056  0.104106  0.134897  0.000000  2.828446  0.043988  0.181818  1.203812  1.683284  0.016129  0.768328  0.168622  1.000000  0.000000  0.000000  0.000000  0.001466  0.000000  0.092375  0.000000  0.101173  0.107038  0.118768  0.000000  0.055718  0.016129  0.388563  0.079179  0.255132  0.038123  0.035191  0.055718  0.104106  0.445748  0.000000  0.000000  0.000000  0.000000  0.000000  0.000000  0.000000  0.000000  
40.294949  0.007071  0.001010  0.202020  0.226263  0.000000  0.033333  0.045455  0.043434  0.533333  0.192929  0.006061  0.001010  0.004040  0.000000  1.000000  0.020202  0.394949  0.001010  0.000000  0.044444  0.000000  0.003030  0.321212  0.187879  0.000000  0.105051  0.115152  2.563636  0.022222  0.513131  0.038384  0.042424  0.035354  0.082828  0.686869  0.000000  0.000000  0.000000  0.000000  0.000000  0.000000  0.000000  0.000000  
11641.000000  0.000000  0.000000  223.000000  148.000000  0.000000  0.000000  70.000000  102.000000  253.000000  9.000000  39.000000  6.000000  5.000000  0.000000  19.000000  0.000000  193.000000  0.000000  0.000000  0.000000  0.000000  0.000000  372.000000  136.000000  0.000000  54.000000  60.000000  99.000000  20.000000  469.000000  0.000000  19.000000  15.000000  45.000000  302.000000  0.000000  0.000000  0.000000  0.000000  0.000000  0.000000  0.000000  0.000000  
1.334635  0.002326  0.000878  0.035456  0.035631  0.000000  0.010970  0.022335  0.053973  0.046250  0.022116  0.001009  0.001755  0.000921  0.000000  0.028215  0.101321  1.000000  0.012374  0.000000  0.001360  0.001755  0.000527  0.114924  0.012594  0.000000  0.014568  0.023257  0.071262  0.010751  0.037386  0.001711  0.060731  0.009698  0.012155  0.090614  0.000000  0.000000  0.000000  0.000000  0.000000  0.000000  0.000000  0.000000  
7.907357  0.021798  0.008174  0.752044  0.599455  0.000000  0.000000  0.967302  1.591281  1.160763  0.983651  0.008174  0.019074  0.128065  0.000000  0.000000  0.008174  2.694823  1.000000  0.000000  0.021798  0.000000  0.019074  0.711172  0.185286  0.000000  0.474114  0.476839  0.583106  0.098093  0.550409  0.000000  1.381471  0.220708  0.198910  3.667575  0.000000  0.000000  0.000000  0.000000  0.000000  0.000000  0.000000  0.000000  
75.272728  0.030303  0.000000  0.666667  1.000000  0.000000  0.000000  0.181818  0.424242  0.575758  0.666667  0.121212  0.151515  0.030303  0.000000  0.000000  0.000000  0.060606  0.000000  1.000000  1.939394  0.000000  0.060606  19.424242  0.212121  0.000000  0.424242  0.424242  3.515152  0.121212  3.454545  0.000000  0.333333  0.787879  0.606061  13.242424  0.000000  0.000000  0.000000  0.000000  0.000000  0.000000  0.000000  0.000000  
0.202343  0.000260  0.000058  0.018163  0.036327  0.000000  0.000492  0.005495  0.237744  0.017325  0.018019  0.001620  0.002256  0.000347  0.000000  0.000000  0.000058  0.001822  0.000116  0.000000  1.000000  0.019320  0.001417  0.028778  0.015098  0.000405  0.011222  0.012842  0.097354  0.007346  0.030022  0.004396  0.011048  0.007983  0.011020  0.053478  0.000000  0.000000  0.000000  0.000000  0.000000  0.000000  0.000000  0.000000  
0.594059  0.001414  0.000000  0.028996  0.035361  0.000000  0.000707  0.000707  0.222065  0.114569  0.021216  0.000707  0.002122  0.001414  0.000000  0.632249  0.000000  0.000000  0.000707  0.000000  0.248232  1.000000  0.001414  0.103253  0.110325  0.000000  0.008487  0.009194  0.272277  0.015559  0.034653  0.003536  0.026167  0.016973  0.004243  0.051627  0.000000  0.000000  0.000000  0.000000  0.000000  0.000000  0.000000  0.000000  
0.335336  0.001258  0.000140  0.044432  0.072377  0.000000  0.011178  0.036608  0.197848  0.218248  0.070840  0.002096  0.011737  0.002096  0.000000  0.000000  0.000000  0.000000  0.000140  0.000000  0.280285  0.010898  1.000000  0.128825  0.123096  0.000000  0.017465  0.022216  0.265894  0.010619  0.230963  0.001677  0.077546  0.026687  0.044572  0.104932  0.000000  0.000000  0.000000  0.000000  0.000000  0.000000  0.000000  0.000000  
0.047764  0.000000  0.000060  0.034134  0.051291  0.000000  0.006396  0.005739  0.160689  0.023553  0.043580  0.000717  0.001913  0.002092  0.000000  0.000000  0.000000  0.000179  0.000120  0.000000  0.011836  0.003467  0.002152  1.000000  0.019548  0.000299  0.018950  0.028336  0.041607  0.011478  0.030667  0.001016  0.020923  0.027379  0.008429  0.118604  0.000000  0.000000  0.000000  0.000000  0.000000  0.000000  0.000000  0.000000  
0.000000  0.002179  0.000000  0.254902  0.631808  0.000000  0.187364  0.348584  10.834423  0.784314  0.549020  0.019608  0.071895  0.010893  0.000000  0.000000  0.000000  0.000000  0.004357  0.000000  0.882353  0.002179  0.021786  0.886710  1.000000  0.000000  0.076253  0.063181  0.786492  0.272331  0.647059  0.054466  0.087146  0.178649  0.178649  0.793028  0.000000  0.000000  0.000000  0.000000  0.000000  0.000000  0.000000  0.000000  
0.004825  0.000000  0.000127  0.001270  0.005460  0.000000  0.028952  0.000635  0.028444  0.006222  0.003048  0.000000  0.000381  0.000127  0.000000  0.000000  0.000000  0.000000  0.000127  0.000000  0.004063  0.005587  0.006984  0.011937  0.006730  1.000000  0.006222  0.000889  0.049778  0.002921  0.018540  0.000000  0.000000  0.002667  0.002921  0.010794  0.000000  0.000000  0.000000  0.000000  0.000000  0.000000  0.000000  0.000000  
0.000000  9.000000  244.000000  2017.000000  401.000000  0.000000  16109.000000  27840.000000  1016.000000  9207.000000  3289.000000  50.000000  2064.000000  0.000000  20.000000  0.000000  0.000000  0.000000  13.000000  16.000000  308.000000  21.000000  9794.000000  1130.000000  2994.000000  30.000000  0.000000  193.000000  8419.000000  40.000000  2851.000000  0.000000  987.000000  566.000000  777.000000  2959.000000  0.000000  0.000000  0.000000  0.000000  0.000000  0.000000  0.000000  0.000000  
0.000000  0.083871  0.016129  0.725806  0.670968  0.000000  0.283871  0.229032  0.170968  0.329032  1.993548  0.212903  1.938710  16.403225  0.712903  0.000000  0.000000  0.000000  0.006452  0.000000  0.000000  0.287097  0.025806  0.793548  1.583871  0.077419  0.787097  1.000000  1.493548  0.238710  0.425806  0.032258  0.025806  1.041935  0.354839  4.345161  0.000000  0.000000  0.000000  0.000000  0.000000  0.000000  0.000000  0.000000  
0.000000  0.096966  0.000000  4.870910  0.781678  0.000000  0.304581  0.303391  0.148721  0.063653  0.032719  0.000000  0.058299  0.000000  0.000000  0.000000  0.000000  0.000000  0.005354  0.009518  0.019036  0.000000  0.058894  2.892921  0.925045  0.017847  0.910767  2.586556  1.000000  0.014872  0.259964  0.281380  0.033908  2.087448  1.354551  0.888162  0.000000  0.000000  0.000000  0.000000  0.000000  0.000000  0.000000  0.000000  
2557.000000  21.000000  0.000000  198.000000  513.000000  0.000000  0.000000  475.000000  146.000000  54.000000  0.000000  0.000000  32.000000  0.000000  0.000000  1725.000000  1021.000000  2227.000000  15537.000000  32.000000  64.000000  0.000000  68.000000  221.000000  143.000000  0.000000  606.000000  138.000000  8001.000000  0.000000  571.000000  0.000000  41.000000  305.000000  186.000000  717.000000  0.000000  0.000000  0.000000  0.000000  0.000000  0.000000  0.000000  0.000000  
0.000000  0.096197  0.002237  7.897092  2.064877  0.000000  1.395973  0.212528  0.185682  0.606264  0.373602  0.067114  1.203579  1.208054  1.293065  0.000000  0.000000  0.000000  0.002237  0.000000  0.297539  0.006711  0.539150  0.232662  1.854586  0.000000  0.078300  4.778523  1.451902  0.067114  1.000000  0.000000  0.572707  0.901566  2.498881  0.789709  0.000000  0.000000  0.044743  0.000000  0.000000  0.000000  0.000000  0.000000  
0.000000  0.000000  0.000000  173.666672  0.800000  0.000000  2.133333  0.133333  3.333333  6.800000  3.333333  0.400000  3.933333  0.000000  56.266666  0.000000  0.000000  0.000000  0.266667  0.000000  0.000000  0.000000  0.000000  6.133333  5.733333  0.000000  25.400000  0.266667  6.000000  20.200001  11.200000  1.000000  152.666672  30.400000  57.266666  55.933334  0.000000  0.000000  0.000000  0.000000  0.000000  0.000000  0.000000  0.000000  
0.000000  0.000000  0.000000  50.000000  243.000000  0.000000  0.000000  0.000000  70.000000  0.000000  1.000000  1.000000  0.000000  0.000000  0.000000  0.000000  0.000000  0.000000  0.000000  0.000000  0.000000  14.000000  26.000000  380.000000  238.000000  0.000000  3.000000  62.000000  32.000000  5.000000  2.000000  0.000000  0.000000  350.000000  174.000000  339.000000  0.000000  0.000000  0.000000  0.000000  0.000000  0.000000  0.000000  0.000000  
0.000000  0.818182  0.409091  2.272727  4.500000  0.000000  0.000000  0.000000  1.590909  0.500000  0.590909  1.590909  1.454545  0.000000  0.000000  0.000000  0.000000  0.000000  0.000000  0.000000  5.636364  0.136364  1.090909  4.590909  0.000000  0.727273  10.318182  3.727273  0.227273  1.909091  30.318182  12.909091  0.000000  1.000000  2.045455  11.954545  0.000000  0.000000  0.227273  0.000000  0.000000  0.000000  0.000000  0.000000  
0.000000  0.000304  0.000000  0.004837  0.008963  0.000000  0.000000  0.000000  0.003348  0.007001  0.000000  0.000000  0.000000  0.000000  0.000000  0.000000  0.000000  0.000507  0.000169  0.000000  0.000169  0.000101  0.000203  0.035649  0.000000  0.000000  0.025773  0.003044  0.006223  0.008151  0.007441  0.003044  0.000372  0.053237  1.000000  0.352736  0.000000  0.000000  0.000846  0.000000  0.000000  0.000000  0.000000  0.000000  
0.650985  0.088621  0.000000  3.432166  1.152079  0.000000  0.000000  0.309628  2.002188  0.000000  0.000000  0.000000  0.000000  0.000000  0.000000  0.000000  0.000000  0.000000  0.013129  0.017505  0.000000  0.035011  1.264770  6.112691  0.657549  0.050328  1.067834  0.393873  1.103939  0.076586  0.339168  0.000000  0.025164  1.914661  0.880744  1.000000  0.000000  0.000000  0.000000  0.000000  0.000000  0.000000  0.000000  0.000000  
0.000000  0.000000  0.000000  0.000000  0.000000  0.000000  0.000000  0.000000  0.000000  0.000000  0.000000  0.000000  0.000000  0.000000  0.000000  0.000000  0.000000  0.000000  0.000000  0.000000  0.000000  0.000000  0.000000  0.000000  0.000000  0.000000  7662.000000  0.000000  0.000000  0.000000  0.000000  0.000000  0.000000  0.000000  1066.000000  35.000000  0.000000  0.000000  0.000000  0.000000  0.000000  0.000000  0.000000  0.000000  
0.000000  0.000000  0.000000  0.000000  0.000000  0.000000  0.000000  0.000000  0.000000  0.000000  0.000000  0.000000  0.000000  0.000000  0.000000  0.000000  0.000000  0.000000  0.000000  0.000000  0.000000  0.000000  0.000000  0.000000  0.000000  0.000000  0.000000  0.000000  0.000000  0.000000  0.000000  0.000000  0.000000  0.000000  0.000000  0.000000  0.000000  0.000000  0.000000  0.000000  0.000000  0.000000  0.000000  0.000000  
205.000000  34.000000  0.000000  800.000000  575.000000  0.000000  838.000000  174.000000  1998.000000  220.000000  0.000000  350.000000  117.000000  0.000000  0.000000  480.000000  200.000000  445.000000  112.000000  0.000000  185.000000  7.000000  0.000000  140.000000  184.000000  0.000000  363.000000  60.000000  997.000000  10.000000  67.000000  0.000000  0.000000  620.000000  56.000000  970.000000  0.000000  0.000000  0.000000  0.000000  0.000000  0.000000  0.000000  0.000000  
0.000000  0.000000  0.000000  0.000000  0.000000  0.000000  0.000000  0.000000  0.000000  0.000000  0.000000  0.000000  0.000000  0.000000  0.000000  0.000000  0.000000  0.000000  0.000000  0.000000  0.000000  0.000000  0.000000  0.000000  0.000000  0.000000  0.000000  0.000000  0.000000  0.000000  0.000000  0.000000  0.000000  0.000000  0.000000  0.000000  0.000000  0.000000  0.000000  0.000000  0.000000  0.000000  0.000000  0.000000  
326.000000  178.000000  77.000000  1326.000000  1627.000000  0.000000  40.000000  245.000000  630.000000  773.000000  3641.000000  193.000000  567.000000  306.000000  2969.000000  530.000000  181.000000  506.000000  10.000000  100.000000  570.000000  47.000000  105.000000  1706.000000  101.000000  126.000000  4490.000000  331.000000  424.000000  596.000000  1650.000000  44.000000  103.000000  1425.000000  838.000000  3760.000000  1299.000000  0.000000  268.000000  0.000000  0.000000  0.000000  0.000000  0.000000  
117.000000  502.000000  50.000000  1218.000000  762.000000  0.000000  31.000000  142.000000  135.000000  321.000000  31.000000  107.000000  260.000000  49.000000  0.000000  14.000000  28.000000  25.000000  5.000000  1.000000  340.000000  21.000000  284.000000  888.000000  73.000000  111.000000  1875.000000  47.000000  232.000000  96.000000  1087.000000  7.000000  107.000000  222.000000  530.000000  756.000000  0.000000  0.000000  93.000000  0.000000  0.000000  0.000000  0.000000  0.000000  
0.000000  0.000000  0.000000  0.000000  0.000000  0.000000  0.000000  0.000000  0.000000  0.000000  0.000000  0.000000  0.000000  0.000000  0.000000  0.000000  0.000000  0.000000  0.000000  0.000000  0.000000  0.000000  0.000000  0.000000  0.000000  0.000000  0.000000  0.000000  0.000000  0.000000  0.000000  0.000000  0.000000  0.000000  0.000000  0.000000  0.000000  0.000000  0.000000  0.000000  0.000000  0.000000  0.000000  0.000000  
0.000000  0.000000  0.000000  0.000000  0.000000  0.000000  0.000000  0.000000  0.000000  0.000000  0.000000  0.000000  0.000000  0.000000  0.000000  0.000000  0.000000  0.000000  0.000000  0.000000  0.000000  0.000000  0.000000  0.000000  0.000000  0.000000  0.000000  0.000000  0.000000  0.000000  0.000000  0.000000  0.000000  0.000000  0.000000  0.000000  0.000000  0.000000  0.000000  0.000000  0.000000  0.000000  0.000000  0.000000  
0.000267  0.001249  0.005577  0.000191  0.000477  0.031548  0.000104  0.000408  0.000232  0.000635  0.000412  0.003798  0.000285  0.000148  0.001208  0.001003  0.031548  0.000209  0.001647  0.005492  0.000170  0.000839  0.000373  0.000244  0.001473  0.000356  0.031548  0.001792  0.000769  0.031548  0.001492  0.008146  0.031548  0.006726  0.000183  0.001044  0.031548  0.031548  0.031548  0.031548  0.031548  0.031548  0.031548  0.031548  