1.000000  0.000000  0.000076  0.072205  0.047583  0.000000  0.001737  0.015408  0.129154  0.035045  0.088066  0.000302  0.005891  0.001360  0.002417  0.000076  0.056420  0.368807  0.002795  0.000453  0.004079  0.004683  0.008912  0.010650  0.017900  0.000982  0.026662  0.016918  0.171450  0.004305  0.030514  0.000453  0.056420  0.012009  0.013671  0.016239  0.000302  0.000227  0.039879  0.002870  0.000000  0.000000  0.000000  0.000000  
0.098497  1.000000  0.070117  0.078464  0.380634  0.000000  0.257095  0.040067  0.248748  0.545910  0.348915  0.010017  0.098497  0.001669  0.000000  0.000000  0.000000  0.001669  0.010017  0.006678  0.008347  0.010017  0.176962  0.126878  0.053422  0.008347  0.424040  0.045075  0.202003  0.061770  0.071786  0.010017  0.025042  0.148581  0.043406  0.180301  0.031720  0.001669  0.000000  0.036728  0.000000  0.000000  0.000000  0.000000  
0.055556  106.888885  1.000000  1.416667  17.388889  0.000000  1.027778  0.277778  0.194444  4.361111  0.277778  0.166667  2.416667  0.027778  0.000000  0.000000  0.000000  0.000000  0.055556  0.000000  0.027778  0.055556  0.000000  1.388889  0.083333  0.111111  1.083333  0.555556  1.916667  0.111111  1.555556  0.083333  0.111111  0.194444  0.305556  1.972222  0.194444  0.027778  0.000000  0.361111  0.000000  0.000000  0.000000  0.000000  
0.000121  0.004108  0.000000  1.000000  0.056912  0.000000  0.007008  0.000483  0.070082  0.023562  0.007008  0.002779  0.001450  0.000725  0.000000  0.000000  0.000000  0.001329  0.000967  0.000846  0.000121  0.000000  0.000725  0.023200  0.017158  0.001087  0.013412  0.005437  0.022716  0.021508  0.063557  0.004833  0.009667  0.002779  0.007129  0.024891  0.002175  0.000242  0.000483  0.004108  0.000000  0.000000  0.000000  0.000000  
0.000000  2.078001  0.001219  0.399756  1.000000  0.000000  0.226691  0.059110  0.191347  0.110908  0.059110  0.043266  0.216332  0.002438  0.000000  0.000000  0.000000  0.002438  0.006094  0.007313  0.014625  0.003047  0.043876  0.121268  0.045094  0.009141  0.137112  0.060329  0.595369  0.002438  0.343693  0.008531  0.010969  0.042048  0.053626  0.153565  0.010360  0.002438  0.006094  0.024985  0.000000  0.000000  0.000000  0.000000  
0.000000  0.000000  0.000000  0.000000  0.000000  0.000000  0.000000  0.000000  0.000000  0.000000  0.000000  0.000000  0.000000  0.000000  0.000000  0.000000  0.000000  0.000000  0.000000  0.000000  0.000000  0.000000  0.000000  0.000000  0.000000  0.000000  0.000000  0.000000  0.000000  0.000000  0.000000  0.000000  0.000000  0.000000  0.000000  0.000000  0.000000  0.000000  0.000000  0.000000  0.000000  0.000000  0.000000  0.000000  
0.000102  0.003506  0.057252  0.018119  0.058903  0.000000  1.000000  0.031204  0.021115  0.017712  0.003648  0.001019  0.003546  0.000591  0.000000  0.000000  0.000000  0.000163  0.000408  0.000489  0.000224  0.000122  0.009620  0.008214  0.000938  0.000306  0.000897  0.102560  0.056661  0.006665  0.042292  0.001427  0.004892  0.002568  0.002344  0.011679  0.001039  0.000122  0.000020  0.002120  0.000000  0.000000  0.000000  0.000000  
0.001245  0.026864  0.017079  0.186266  0.228429  0.000000  0.077922  1.000000  0.103184  0.050703  0.022238  0.004270  0.004981  0.001245  0.000000  0.000000  0.000000  0.000534  0.001601  0.001779  0.009429  0.000890  0.061377  0.166341  0.039139  0.001957  0.014944  0.025974  0.257605  0.030600  0.141968  0.011920  0.047323  0.025618  0.019569  0.073830  0.008362  0.001245  0.001423  0.012631  0.000000  0.000000  0.000000  0.000000  
0.037376  0.026072  0.020321  0.151137  0.122582  0.000000  0.113957  0.064362  1.000000  0.090107  0.016532  0.007972  0.005815  0.001242  0.000000  0.002875  0.004117  0.041035  0.019211  0.002026  0.010716  0.000849  0.008298  0.144276  0.072726  0.005227  0.021759  0.012480  0.237324  0.005946  0.065865  0.007972  0.038944  0.016401  0.011370  0.055084  0.003136  0.000196  0.000980  0.012023  0.000000  0.000000  0.000000  0.000000  
0.000487  0.005519  0.017043  0.045609  0.153546  0.000000  2.504464  0.051290  0.133745  1.000000  0.107937  0.014446  0.051128  0.007629  0.000000  0.000000  0.000000  0.001461  0.001136  0.002110  0.011362  0.008116  0.055024  0.091219  0.082130  0.017692  0.060055  0.064275  0.280312  0.039929  0.098361  0.007791  0.015582  0.058594  0.018990  0.084402  0.011362  0.000974  0.001623  0.018341  0.000000  0.000000  0.000000  0.000000  
0.000440  0.012747  0.004542  0.063150  0.098755  0.000000  1.186813  0.014359  0.104029  0.837070  1.000000  0.031062  0.238095  0.155018  0.000000  0.000000  0.000000  0.001612  0.001465  0.002637  0.005421  0.004835  0.033553  0.093187  0.127619  0.005568  0.009524  0.061832  0.423004  0.052015  0.050696  0.007619  0.008938  0.049817  0.018315  0.106520  0.012894  0.000733  0.001172  0.020220  0.000000  0.000000  0.000000  0.000000  
0.001558  0.002336  0.000779  0.031931  0.081776  0.000000  0.634735  0.080218  0.135514  0.406542  0.154206  1.000000  0.460280  0.000779  0.000000  0.000000  0.000000  0.000779  0.000000  0.002336  0.010903  0.045171  0.033489  0.151869  0.309969  0.030374  0.006231  0.023364  0.453271  0.039720  0.040498  0.014019  0.017134  0.059969  0.017913  0.106698  0.019470  0.001558  0.003894  0.021028  0.000000  0.000000  0.000000  0.000000  
0.001037  0.003759  0.000907  0.029946  0.085299  0.000000  0.722712  0.086207  0.172414  0.357273  0.088411  0.025279  1.000000  0.001426  0.000000  0.000000  0.000000  0.001685  0.002463  0.002204  0.017241  0.000648  0.047446  0.134820  0.191470  0.008556  0.013093  0.020353  0.406404  0.069225  0.045372  0.009593  0.025797  0.046798  0.024371  0.097355  0.012056  0.001426  0.001685  0.018408  0.000000  0.000000  0.000000  0.000000  
0.000231  0.004511  0.000578  0.061885  0.077501  0.000000  0.497976  0.058647  0.170735  0.500868  0.144014  0.035628  0.220821  1.000000  0.015500  0.000000  0.000000  0.001041  0.000925  0.001041  0.030422  0.003123  0.039907  0.044881  0.330017  0.005205  0.004164  0.015269  0.333025  0.036322  0.040949  0.003470  0.006478  0.025448  0.018855  0.055986  0.005784  0.000578  0.000463  0.010758  0.000000  0.000000  0.000000  0.000000  
0.001429  0.001429  0.000000  0.038571  0.095714  0.000000  1.722857  0.015714  0.182857  0.672857  0.857143  0.105714  0.304286  0.074286  1.000000  0.000000  0.000000  0.000000  0.000000  0.000000  0.021429  0.002857  0.058571  0.032857  0.138571  0.011429  0.098571  0.175714  0.394286  0.024286  0.100000  0.002857  0.001429  0.048571  0.017143  0.062857  0.014286  0.000000  0.000000  0.012857  0.000000  0.000000  0.000000  0.000000  
22.709244  0.028571  0.000000  0.260504  0.181513  0.000000  0.005042  0.200000  0.381513  0.685714  0.062185  0.013445  0.010084  0.006723  0.000000  1.000000  0.000000  0.559664  0.010084  0.011765  0.023529  0.003361  0.290756  0.512605  0.278992  0.047059  0.109244  0.094118  2.667227  0.121008  0.431933  0.058824  0.302521  0.092437  0.068908  0.238655  0.031933  0.005042  0.013445  0.043697  0.000000  0.000000  0.000000  0.000000  
72.373917  0.060870  0.000000  0.678261  0.765217  0.000000  0.000000  0.347826  0.373913  1.060870  0.095652  0.017391  0.000000  0.008696  0.000000  0.000000  1.000000  0.191304  0.026087  0.017391  0.026087  0.000000  0.104348  1.791304  0.582609  0.078261  0.043478  0.121739  5.356522  0.095652  1.478261  0.086957  0.860870  0.269565  0.139130  0.730435  0.026087  0.000000  0.000000  0.130435  0.000000  0.000000  0.000000  0.000000  
1.040156  0.008944  0.000745  0.038666  0.039411  0.000000  0.000000  0.027485  0.028044  0.061586  0.005497  0.001398  0.000839  0.000466  0.000000  0.047144  0.097270  1.000000  0.017050  0.001025  0.002888  0.000186  0.003913  0.123078  0.038573  0.004472  0.019939  0.008385  0.249604  0.018075  0.054132  0.007267  0.033355  0.010901  0.008944  0.033076  0.008572  0.000466  0.000745  0.006336  0.000000  0.000000  0.000000  0.000000  
0.839122  0.016854  0.002554  0.132278  0.097549  0.000000  0.000000  0.145557  0.078652  0.118999  0.015322  0.006639  0.002043  0.002043  0.000000  0.000000  0.003575  0.477017  1.000000  0.004597  0.015832  0.001532  0.023493  0.225230  0.051583  0.008172  0.068437  0.037794  0.518897  0.082737  0.103677  0.019918  0.108784  0.035240  0.030133  0.120531  0.008172  0.001021  0.003064  0.020429  0.000000  0.000000  0.000000  0.000000  
76.294121  0.117647  0.058824  1.705882  1.882353  0.000000  0.705882  0.000000  7.705883  7.058824  0.823529  0.294118  0.176471  0.058824  0.000000  0.000000  0.000000  1.058824  0.235294  1.000000  0.058824  0.000000  0.764706  16.941177  1.941176  0.470588  6.117647  1.529412  16.117647  3.823529  2.235294  0.882353  3.588235  0.529412  1.882353  4.882353  0.235294  0.058824  0.058824  0.882353  0.000000  0.000000  0.000000  0.000000  
0.087363  0.003152  0.000225  0.014973  0.028370  0.000000  0.002589  0.000000  0.292147  0.019420  0.015761  0.001126  0.000450  0.000281  0.000000  0.002646  0.000000  0.000281  0.000169  0.000563  1.000000  0.047453  0.009513  0.036589  0.018520  0.002646  0.004222  0.004391  0.126372  0.010245  0.013960  0.002702  0.006305  0.019251  0.005348  0.020827  0.003321  0.000169  0.000394  0.003884  0.000000  0.000000  0.000000  0.000000  
0.052957  0.007565  0.000000  0.030261  0.045392  0.000000  0.013755  0.005502  0.161623  0.171252  0.028886  0.003439  0.004814  0.000688  0.000000  0.178817  0.000000  0.005502  0.003439  0.002751  0.535763  1.000000  0.057084  0.126547  0.429161  0.011004  0.004814  0.027510  0.508941  0.033012  0.038514  0.009629  0.022696  0.071527  0.019945  0.077717  0.013755  0.000000  0.001376  0.013755  0.000000  0.000000  0.000000  0.000000  
0.261093  0.003545  0.000367  0.034103  0.051583  0.000000  0.078719  0.032148  0.120034  0.190441  0.009290  0.002322  0.010268  0.000733  0.000000  0.014790  0.000000  0.000367  0.000611  0.001100  0.187263  0.008312  1.000000  0.062462  0.132624  0.011123  0.004034  0.012101  0.183474  0.028481  0.031781  0.005623  0.020291  0.034103  0.014546  0.044249  0.005623  0.000856  0.000978  0.007701  0.000000  0.000000  0.000000  0.000000  
0.086917  0.010331  0.001123  0.032117  0.049972  0.000000  0.006625  0.009994  0.175295  0.048063  0.016395  0.006962  0.002807  0.000898  0.000000  0.000000  0.000561  0.012128  0.002471  0.002246  0.026390  0.001797  0.083324  1.000000  0.021112  0.003369  0.008198  0.045817  0.138911  0.043571  0.048512  0.004829  0.011117  0.025716  0.014149  0.099045  0.006064  0.001011  0.001011  0.020999  0.000000  0.000000  0.000000  0.000000  
0.207662  0.013881  0.001110  0.063853  0.227651  0.000000  0.119933  0.078290  2.546918  0.249861  0.092726  0.007773  0.008329  0.035536  0.000000  0.000000  0.000000  0.019434  0.001110  0.003887  0.538034  0.004997  0.113270  0.175458  1.000000  0.013881  0.012771  0.059967  0.583009  0.066074  0.086063  0.012215  0.040533  0.049972  0.027762  0.113270  0.016102  0.001666  0.002221  0.021655  0.000000  0.000000  0.000000  0.000000  
0.003774  0.003774  0.003774  0.037736  0.088679  0.000000  2.041509  0.275472  0.267925  0.573585  0.039623  0.032075  0.092453  0.007547  0.000000  0.005660  0.000000  0.000000  0.000000  0.001887  0.064151  0.022642  0.135849  0.154717  0.222642  1.000000  0.003774  0.013208  0.288679  0.058491  0.071698  0.007547  0.026415  0.049057  0.016981  0.081132  0.018868  0.000000  0.003774  0.009434  0.000000  0.000000  0.000000  0.000000  
0.034826  0.008292  0.004975  1.310116  0.519071  0.000000  7.650083  26.046434  0.864013  14.388060  1.845771  0.049751  3.980099  0.039801  0.011609  0.000000  0.000000  0.018242  0.014925  0.038143  0.071310  0.026534  11.781095  1.255390  2.522388  0.203980  1.000000  0.344942  4.567164  0.252073  2.300166  0.033167  0.082919  0.553897  0.533997  6.349917  0.235489  0.014925  0.021559  1.051410  0.000000  0.000000  0.000000  0.000000  
0.020270  0.027027  0.000000  0.675676  1.283784  0.000000  6.209459  0.344595  1.229730  3.560811  1.912162  0.479730  2.506757  20.148649  0.912162  0.000000  0.000000  0.013514  0.094595  0.087838  0.506757  0.243243  1.236486  1.459459  2.006757  0.229730  0.290541  1.000000  3.918919  1.094595  0.702703  0.216216  0.202703  0.574324  0.520270  2.128378  0.195946  0.006757  0.006757  0.324324  0.000000  0.000000  0.000000  0.000000  
0.017768  0.011845  0.055581  0.939408  1.252392  0.000000  0.001367  0.004556  0.928018  0.878815  0.306606  0.197722  0.339408  0.048747  0.000000  0.000000  0.000000  0.042825  0.101595  0.092027  0.229613  0.083827  0.257859  2.979954  0.537585  0.189066  0.230524  0.622323  1.000000  2.463781  1.619134  0.077904  0.159909  1.545330  0.723462  3.486560  0.178132  0.019590  0.057403  0.554897  0.000000  0.000000  0.000000  0.000000  
737.000000  3.000000  11.000000  205.000000  263.000000  0.000000  0.000000  151.000000  414.000000  236.000000  47.000000  26.000000  185.000000  4.000000  0.000000  1503.000000  814.000000  3673.000000  5632.000000  2348.000000  126.000000  22.000000  56.000000  341.000000  64.000000  30.000000  30.000000  112.000000  2050.000000  0.000000  253.000000  23.000000  1.000000  275.000000  91.000000  371.000000  59.000000  18.000000  4.000000  62.000000  0.000000  0.000000  0.000000  0.000000  
0.010050  0.623116  0.052764  7.002512  1.283920  0.000000  0.773869  0.216080  0.374372  0.746231  0.092965  0.055276  0.567839  0.861809  0.288945  0.010050  0.007538  0.045226  0.035176  0.022613  0.125628  0.095477  0.097990  0.633166  0.474874  0.165829  0.992462  3.085427  2.537688  0.751256  1.000000  0.708543  0.346734  0.688442  1.057789  0.721106  0.150754  0.067839  0.047739  0.110553  0.000000  0.000000  0.000000  0.000000  
0.009901  0.004243  0.000000  0.915134  0.084866  0.000000  0.021216  0.000000  0.014144  0.130127  0.007072  0.004243  0.028289  0.090523  0.736917  0.052334  0.073550  0.233380  0.065064  0.012730  0.033946  0.004243  0.002829  0.065064  0.018388  0.016973  0.032532  0.111740  0.394625  0.045262  0.618105  1.000000  1.251768  0.073550  0.043847  0.049505  0.007072  0.001414  0.004243  0.015559  0.000000  0.000000  0.000000  0.000000  
0.014706  0.102941  0.004902  1.455882  0.269608  0.000000  0.019608  0.000000  0.191176  0.450980  0.088235  0.019608  0.137255  0.049020  0.338235  0.014706  0.014706  0.068627  0.034314  0.009804  0.127451  0.063725  0.357843  0.872549  0.137255  0.024510  0.215686  0.279412  1.235294  0.857843  0.284314  1.102941  1.000000  0.828431  0.573529  0.828431  0.078431  0.009804  0.049020  0.156863  0.000000  0.000000  0.000000  0.000000  
0.028302  0.075472  0.066038  1.556604  1.443396  0.000000  0.311321  0.009434  0.386792  0.358491  0.066038  0.226415  3.811321  0.462264  0.000000  0.000000  0.000000  0.000000  0.000000  0.000000  0.301887  0.301887  0.094340  2.056604  0.066038  0.028302  0.547170  0.264151  1.075472  0.245283  1.283019  0.179245  0.037736  1.000000  0.490566  0.820755  0.339623  0.066038  0.028302  0.150943  0.000000  0.000000  0.000000  0.000000  
0.000059  0.000117  0.000527  0.007266  0.014357  0.000000  0.000000  0.000000  0.007677  0.004922  0.002403  0.001817  0.017228  0.000645  0.000000  0.000000  0.000000  0.000352  0.000586  0.000879  0.003047  0.000469  0.000762  0.034749  0.000820  0.001348  0.009200  0.007911  0.035804  0.008145  0.005098  0.002637  0.000234  0.038910  1.000000  0.205919  0.002930  0.001172  0.000703  0.036156  0.000000  0.000000  0.000000  0.000000  
0.001788  0.003576  0.004917  0.119356  0.130979  0.000000  0.000000  0.000894  0.309343  0.057219  0.021457  0.011176  0.113545  0.007599  0.000000  0.000000  0.000000  0.085382  0.003576  0.004470  0.042468  0.012964  0.008494  0.244524  0.038444  0.015199  0.509611  0.140367  0.213232  0.069289  0.063925  0.014305  0.016093  0.126062  0.074207  1.000000  0.029504  0.005364  0.007152  0.278498  0.000000  0.000000  0.000000  0.000000  
685.000000  0.000000  3.000000  9.000000  138.000000  0.000000  0.000000  8.000000  171.000000  389.000000  17.000000  0.000000  101.000000  3.000000  0.000000  0.000000  0.000000  2.000000  3.000000  5.000000  10.000000  4.000000  5.000000  101.000000  7.000000  9.000000  6009.000000  114.000000  250.000000  122.000000  40.000000  6.000000  1.000000  8.000000  847.000000  3775.000000  0.000000  3.000000  8.000000  808.000000  0.000000  0.000000  0.000000  0.000000  
1.000000  0.000000  0.000000  3.000000  8.000000  0.000000  0.000000  0.000000  5.000000  4.000000  0.000000  2.000000  6.000000  0.000000  0.000000  0.000000  0.000000  0.000000  1.000000  0.000000  3.000000  0.000000  0.000000  12.000000  3.000000  0.000000  3.000000  2.000000  3.000000  5.000000  10.000000  1.000000  0.000000  7.000000  4.000000  14.000000  4.000000  0.000000  2.000000  1.000000  0.000000  0.000000  0.000000  0.000000  
48.000000  1.000000  3.000000  182.000000  98.000000  0.000000  0.000000  130.000000  638.000000  25.000000  2.000000  102.000000  32.000000  11.000000  0.000000  43.000000  60.000000  99.000000  2.000000  0.000000  74.000000  49.000000  16.000000  150.000000  224.000000  4.000000  30.000000  117.000000  527.000000  3.000000  72.000000  12.000000  1.000000  116.000000  52.000000  223.000000  27.000000  8.000000  0.000000  44.000000  0.000000  0.000000  0.000000  0.000000  
0.081081  0.135135  0.189189  4.756757  5.000000  0.000000  0.000000  0.081081  11.432432  1.972973  0.756757  0.405405  4.108108  0.297297  0.000000  0.243243  1.000000  3.513514  0.054054  0.108108  2.081081  0.432432  0.324324  8.837838  1.378378  0.297297  1.783784  5.189189  7.594594  2.702703  2.351351  0.513514  0.594595  4.648649  2.324324  33.891891  1.081081  0.189189  0.243243  1.000000  0.000000  0.000000  0.000000  0.000000  
235.000000  77.000000  36.000000  1048.000000  620.000000  0.000000  67.000000  320.000000  227.000000  1062.000000  2956.000000  288.000000  274.000000  1294.000000  1604.000000  146.000000  90.000000  285.000000  6.000000  5.000000  875.000000  458.000000  171.000000  1401.000000  356.000000  99.000000  3002.000000  605.000000  2005.000000  143.000000  358.000000  158.000000  278.000000  710.000000  249.000000  1566.000000  138.000000  82.000000  62.000000  223.000000  0.000000  0.000000  0.000000  0.000000  
24.000000  3.000000  11.000000  189.000000  363.000000  0.000000  110.000000  80.000000  326.000000  112.000000  9.000000  88.000000  32.000000  3.000000  0.000000  114.000000  10.000000  62.000000  20.000000  0.000000  197.000000  65.000000  12.000000  400.000000  287.000000  85.000000  295.000000  33.000000  2006.000000  0.000000  93.000000  18.000000  1.000000  178.000000  59.000000  320.000000  53.000000  22.000000  18.000000  45.000000  0.000000  0.000000  0.000000  0.000000  
87.000000  2.000000  6.000000  178.000000  236.000000  0.000000  0.000000  99.000000  843.000000  44.000000  2.000000  81.000000  38.000000  6.000000  0.000000  112.000000  151.000000  303.000000  2.000000  0.000000  127.000000  58.000000  47.000000  106.000000  158.000000  4.000000  93.000000  69.000000  556.000000  0.000000  59.000000  1.000000  1.000000  60.000000  15.000000  177.000000  38.000000  4.000000  5.000000  28.000000  0.000000  0.000000  0.000000  0.000000  
32.000000  1.000000  3.000000  57.000000  93.000000  0.000000  2.000000  70.000000  75.000000  14.000000  14.000000  4.000000  15.000000  2.000000  27.000000  42.000000  78.000000  116.000000  1.000000  1.000000  90.000000  24.000000  36.000000  241.000000  11.000000  6.000000  181.000000  10.000000  336.000000  200.000000  55.000000  11.000000  15.000000  40.000000  31.000000  174.000000  22.000000  2.000000  0.000000  27.000000  0.000000  0.000000  0.000000  0.000000  
0.000274  0.001289  0.005258  0.000347  0.000779  0.031548  0.000142  0.000421  0.000255  0.000402  0.000382  0.000880  0.000359  0.000339  0.001192  0.001293  0.002942  0.000305  0.000713  0.007651  0.000237  0.000827  0.000349  0.000334  0.000743  0.001370  0.001285  0.002593  0.000673  0.031548  0.001581  0.001186  0.002209  0.003064  0.000241  0.000667  0.031548  0.031548  0.031548  0.005186  0.031548  0.031548  0.031548  0.031548  