1.000000  0.000000  0.000144  0.088489  0.047007  0.000000  0.001220  0.024688  0.115329  0.058705  0.053753  0.001292  0.006315  0.005526  0.003158  0.001866  0.060069  0.364648  0.006674  0.000359  0.009114  0.004162  0.008540  0.015071  0.019449  0.000287  0.020310  0.012416  0.170375  0.004521  0.063298  0.005885  0.053466  0.012272  0.016004  0.052462  0.000933  0.000072  0.034520  0.001005  0.004737  0.000000  0.000431  0.001148  
0.274286  1.000000  0.064762  0.028571  0.702857  0.000000  0.502857  0.104762  0.539048  1.314286  0.805714  0.022857  0.236190  0.001905  0.000000  0.000000  0.000000  0.009524  0.032381  0.013333  0.030476  0.019048  0.394286  0.251429  0.112381  0.000000  0.786667  0.072381  0.299048  0.125714  0.641905  0.068571  0.045714  0.289524  0.068571  0.883810  0.051429  0.003810  0.003810  0.022857  0.053333  0.000000  0.000000  0.000000  
0.190476  196.857147  1.000000  2.571429  23.571428  0.000000  0.761905  0.619048  0.476190  1.238095  0.428571  0.666667  0.428571  0.000000  0.000000  0.000000  0.000000  0.000000  0.190476  0.000000  0.238095  0.142857  0.000000  0.523810  0.142857  0.142857  0.333333  0.285714  3.857143  0.142857  33.333332  2.809524  0.142857  0.142857  0.285714  0.761905  0.142857  0.142857  0.000000  0.142857  0.142857  0.000000  0.000000  0.000000  
0.000237  0.003549  0.000000  1.000000  0.086607  0.000000  0.026266  0.000592  0.076550  0.086015  0.031354  0.003786  0.008874  0.000947  0.000000  0.000000  0.000000  0.001775  0.002366  0.001420  0.000118  0.000000  0.001065  0.022007  0.022243  0.000000  0.007572  0.005797  0.035376  0.024846  0.041647  0.024373  0.008519  0.003549  0.007690  0.027922  0.002011  0.000237  0.000592  0.000947  0.004141  0.000000  0.000000  0.000000  
0.000000  1.642485  0.482693  1.236131  1.000000  0.000000  0.312470  0.026553  0.152679  0.378853  0.130868  0.039355  0.250830  0.001897  0.000000  0.000000  0.000000  0.001897  0.013276  0.008061  0.018966  0.000000  0.031769  0.100047  0.035088  0.003319  0.038407  0.054528  0.218113  0.004267  0.143670  0.018018  0.000000  0.032243  0.034614  0.123281  0.007587  0.001422  0.005216  0.003319  0.024656  0.000000  0.000000  0.000000  
0.000000  0.000000  0.000000  0.000000  0.000000  0.000000  0.000000  0.000000  0.000000  0.000000  0.000000  0.000000  0.000000  0.000000  0.000000  0.000000  0.000000  0.000000  0.000000  0.000000  0.000000  0.000000  0.000000  0.000000  0.000000  0.000000  0.000000  0.000000  0.000000  0.000000  0.000000  0.000000  0.000000  0.000000  0.000000  0.000000  0.000000  0.000000  0.000000  0.000000  0.000000  0.000000  0.000000  0.000000  
0.000136  0.004709  0.055095  0.009089  0.057982  0.000000  1.000000  0.023274  0.017092  0.024263  0.005058  0.001202  0.006046  0.000523  0.000000  0.000000  0.000000  0.000174  0.000872  0.000562  0.000329  0.000155  0.004070  0.006182  0.000988  0.000000  0.000426  0.129724  0.037828  0.006046  0.035890  0.002015  0.003837  0.002422  0.001996  0.010988  0.000756  0.000097  0.000019  0.000465  0.002190  0.000000  0.000000  0.000000  
0.001162  0.016268  0.021746  0.181109  0.195551  0.000000  0.075365  1.000000  0.099768  0.057603  0.026062  0.005312  0.005976  0.001494  0.000000  0.000000  0.000000  0.000498  0.004814  0.001992  0.010292  0.000996  0.063413  0.171647  0.040173  0.000000  0.004150  0.028054  0.169489  0.028718  0.205345  0.024900  0.043161  0.024568  0.015770  0.091633  0.006142  0.000996  0.001328  0.002324  0.009130  0.000000  0.000000  0.000000  
0.028904  0.017511  0.019621  0.119627  0.121895  0.000000  0.088401  0.043884  1.000000  0.096577  0.011446  0.006488  0.009336  0.000791  0.000000  0.002954  0.003798  0.037660  0.025793  0.001582  0.009652  0.000580  0.006171  0.098792  0.055857  0.000000  0.002690  0.008439  0.109130  0.004009  0.070943  0.007754  0.018461  0.011235  0.006910  0.051901  0.001635  0.000105  0.000580  0.002268  0.006962  0.000000  0.000000  0.000369  
0.000688  0.008603  0.028734  0.055403  0.140571  0.000000  3.196834  0.093255  0.173090  1.000000  0.219030  0.024948  0.079663  0.008259  0.000000  0.000000  0.000000  0.002065  0.003441  0.003613  0.017722  0.010151  0.067447  0.115451  0.107364  0.003785  0.006710  0.162251  0.365795  0.053510  0.184446  0.010668  0.016001  0.058672  0.020991  0.170337  0.011700  0.001032  0.002237  0.005334  0.020131  0.000000  0.000000  0.000000  
0.000213  0.001703  0.003194  0.034064  0.066745  0.000000  0.565893  0.015010  0.057377  0.745689  1.000000  0.025229  0.289014  0.111561  0.000000  0.000000  0.000000  0.001277  0.002874  0.002555  0.006068  0.004152  0.049606  0.068767  0.137854  0.000319  0.003406  0.017458  0.170960  0.039706  0.072387  0.014052  0.006494  0.038642  0.012135  0.141793  0.007558  0.000426  0.000852  0.004045  0.014052  0.000000  0.000000  0.000000  
0.000794  0.005560  0.000794  0.043685  0.077840  0.000000  0.561557  0.082605  0.116759  0.444797  0.158856  1.000000  0.535345  0.000794  0.000000  0.000000  0.000000  0.000794  0.000000  0.002383  0.013503  0.035743  0.035743  0.144559  0.312947  0.013503  0.000000  0.019857  0.221604  0.036537  0.112788  0.034948  0.015886  0.053217  0.014297  0.186656  0.013503  0.001589  0.004766  0.006354  0.020651  0.000000  0.000000  0.000000  
0.000833  0.001666  0.001018  0.023417  0.054147  0.000000  0.453813  0.078767  0.091818  0.277212  0.063032  0.020733  1.000000  0.001018  0.000000  0.000000  0.000000  0.001481  0.003702  0.001944  0.011570  0.000463  0.037394  0.091725  0.153924  0.001573  0.003980  0.012958  0.098945  0.049148  0.046557  0.009719  0.008978  0.015735  0.008145  0.079785  0.006664  0.000926  0.001203  0.003610  0.009996  0.000000  0.000000  0.000000  
0.000424  0.003285  0.000530  0.022361  0.075456  0.000000  0.513035  0.069839  0.121556  0.535502  0.172743  0.036986  0.303306  1.000000  -0.000106  0.000000  0.000000  0.001590  0.001908  0.001378  0.037834  0.003603  0.043981  0.040907  0.319627  0.000000  0.002967  0.010916  0.170411  0.036456  0.083828  0.007206  0.006147  0.025752  0.010280  0.125371  0.004557  0.000424  0.000424  0.002437  0.010174  0.000000  0.000000  0.000000  
0.001139  0.002278  0.001139  0.038724  0.099089  0.000000  1.480638  0.014806  0.185649  0.776765  0.772210  0.094533  0.302961  0.048975  1.000000  0.000000  0.000000  0.000000  0.000000  0.000000  0.025057  0.004556  0.056948  0.023918  0.118451  0.000000  0.019362  0.039863  0.236902  0.020501  0.083144  0.001139  0.000000  0.041002  0.013667  0.053531  0.006834  0.000000  0.000000  0.001139  0.031891  0.000000  0.000000  0.000000  
5.480125  0.009826  0.001340  0.078160  0.039303  0.000000  0.001340  0.042876  0.085753  0.174632  0.012506  0.006253  0.003126  0.000893  0.000000  1.000000  0.000000  0.138901  0.003573  0.003126  0.009826  0.000893  0.003126  0.108977  0.061635  0.000000  0.005360  0.017865  0.521661  0.022331  0.136222  0.018312  0.055828  0.017418  0.010719  0.050916  0.004466  0.000893  0.002680  0.001787  0.016972  0.000000  0.000000  0.000000  
8.230290  0.008299  0.001037  0.085062  0.099585  0.000000  0.000000  0.043568  0.045643  0.124481  0.009336  0.002075  0.000000  0.001037  0.000000  0.000000  1.000000  0.025934  0.006224  0.002075  0.004149  0.000000  0.013485  0.196058  0.067427  0.000000  0.000000  0.012448  0.732365  0.010373  0.185685  0.014523  0.085062  0.028008  0.011411  0.084025  0.002075  0.000000  0.000000  0.002075  0.022822  0.000000  0.000000  0.000000  
0.955344  0.005433  0.001189  0.029969  0.033195  0.000000  0.000000  0.029969  0.023856  0.046439  0.004924  0.001613  0.000764  0.000424  0.000000  0.052976  0.084727  1.000000  0.023432  0.000934  0.003226  0.000170  0.002547  0.095509  0.030138  0.000000  0.002122  0.006622  0.155446  0.012395  0.067493  0.006028  0.023432  0.007895  0.005433  0.026573  0.004924  0.000340  0.000424  0.001443  0.006877  0.000000  0.000000  0.000000  
0.664397  0.011187  0.001946  0.086576  0.085117  0.000000  0.000000  0.202335  0.070039  0.111868  0.012646  0.006809  0.001946  0.001946  0.000000  0.000000  0.002432  0.434339  1.000000  0.003891  0.016537  0.001946  0.018969  0.183366  0.049125  0.000000  0.013619  0.030156  0.346790  0.065175  0.086576  0.008755  0.064202  0.029183  0.020428  0.110409  0.004864  0.000973  0.002918  0.003891  0.017510  0.000000  0.000000  0.000000  
3.795181  0.000000  0.000000  0.156627  0.092369  0.000000  0.036145  0.000000  0.397590  0.349398  0.044177  0.016064  0.008032  0.004016  0.000000  0.000000  0.000000  0.052209  0.028112  1.000000  0.004016  0.000000  0.040161  0.807229  0.100402  0.000000  0.032129  0.064257  0.317269  0.168675  0.196787  0.036145  0.156627  0.028112  0.064257  0.240964  0.008032  0.004016  0.004016  0.012048  0.064257  0.000000  0.000000  0.000000  
0.180682  0.003982  0.000549  0.020938  0.041120  0.000000  0.001854  0.000000  0.282282  0.019290  0.016064  0.001510  0.000412  0.000206  0.000000  0.010846  0.000000  0.000343  0.000481  0.000549  1.000000  0.007620  0.008032  0.030686  0.018192  0.001098  0.000618  0.003364  0.100021  0.007826  0.029931  0.005423  0.004943  0.015103  0.003501  0.023615  0.001922  0.000137  0.000343  0.000755  0.004531  0.000000  0.000000  0.000000  
0.049296  0.015091  0.001006  0.051308  0.041247  0.000000  0.019115  0.012072  0.116700  0.260563  0.029175  0.004024  0.005030  0.001006  0.000000  0.342052  0.000000  0.005030  0.006036  0.002012  0.311871  1.000000  0.065392  0.146881  0.504024  0.001006  0.003018  0.019115  0.235412  0.033199  0.044266  0.016097  0.024145  0.072435  0.015091  0.088531  0.011066  0.000000  0.001006  0.004024  0.015091  0.000000  0.000000  0.000000  
0.336738  0.004613  0.000824  0.044646  0.069852  0.000000  0.012850  0.036573  0.114168  0.197035  0.007743  0.003624  0.010873  0.000988  0.000000  0.000494  0.000000  0.000494  0.001647  0.001483  0.082702  0.007414  1.000000  0.054530  0.130643  0.000165  0.001812  0.010214  0.265898  0.024876  0.156507  0.006755  0.017628  0.029489  0.010544  0.057002  0.003624  0.000824  0.000988  0.001647  0.007249  0.000000  0.000000  0.000000  
0.058210  0.009145  0.000393  0.036676  0.074533  0.000000  0.005211  0.008456  0.152901  0.048476  0.016912  0.009833  0.003638  0.000787  0.000000  0.000000  0.000590  0.001672  0.005605  0.003147  0.025959  0.001573  0.047788  1.000000  0.020354  0.000000  0.004523  0.035103  0.129302  0.057522  0.111504  0.007571  0.007768  0.024090  0.011308  0.130187  0.004130  0.000787  0.000983  0.005506  0.006785  0.000000  0.000000  0.000000  
0.296560  0.012456  0.001186  0.106168  0.225979  0.000000  0.125741  0.078885  2.644721  0.231317  0.093120  0.011269  0.009490  0.033808  0.000000  0.000000  0.000000  0.025504  0.002372  0.004745  0.630486  0.005338  0.120403  0.179715  1.000000  0.000000  0.005931  0.075326  0.387307  0.062871  0.205813  0.027284  0.036180  0.048043  0.022539  0.170225  0.011862  0.001779  0.002372  0.005338  0.018980  0.000000  0.000000  0.000000  
0.128358  0.002985  0.000000  0.050746  0.062687  0.000000  1.388060  0.346269  0.238806  0.226866  0.011940  0.032836  0.074627  0.000000  0.000000  0.011940  0.000000  0.000000  0.000000  0.000000  0.080597  0.017910  0.116418  0.125373  0.194030  1.000000  0.000000  0.008955  0.367164  0.041791  0.149254  0.029851  0.017910  0.014925  0.005970  0.041791  0.011940  0.000000  0.002985  0.002985  0.017910  0.000000  0.000000  0.000000  
0.492308  0.048718  0.071795  3.020513  1.853846  0.000000  7.384615  39.256409  0.851282  35.453846  1.743590  0.046154  7.894872  0.056410  0.023077  0.000000  0.000000  0.033333  0.048718  0.066667  0.174359  0.025641  19.861538  1.320513  4.884615  0.025641  1.000000  0.415385  10.448718  0.217949  6.005128  0.276923  0.082051  0.684615  0.653846  15.407692  0.241026  0.010256  0.025641  0.076923  0.353846  0.000000  0.000000  0.000000  
0.025316  0.029536  0.016878  0.354430  0.696203  0.000000  1.257384  0.434599  0.379747  2.637131  0.392405  0.244726  2.396625  9.113924  0.232068  0.000000  0.000000  0.037975  0.286920  0.126582  1.021097  0.316456  1.548523  1.215190  1.189873  0.109705  0.075949  1.000000  3.700422  1.962025  0.645570  0.308017  0.084388  0.443038  0.350211  2.337553  0.172996  0.012658  0.012658  0.071730  0.092827  0.000000  0.000000  0.000000  
0.016111  0.009741  0.017984  0.707756  0.537280  0.000000  0.001124  0.002623  0.456351  0.122892  0.137879  0.176845  0.346197  0.121394  0.000000  0.000000  0.000000  0.038966  0.154365  0.077182  0.235294  0.006744  0.024354  1.678157  0.448483  0.065568  0.152117  0.400899  1.000000  1.360060  0.186961  0.014238  0.055451  0.843762  0.491570  3.122143  1.324091  0.007119  0.037842  0.064444  0.127763  0.000000  0.000000  0.000000  
30.733334  0.083333  0.166667  3.800000  4.300000  0.000000  0.000000  2.816667  2.616667  3.150000  0.400000  0.583333  1.116667  0.050000  0.000000  21.483334  10.533334  47.633335  68.383331  12.933333  2.650000  0.000000  0.200000  3.350000  0.733333  0.133333  0.166667  1.266667  35.766666  1.000000  4.833333  0.233333  0.000000  2.550000  0.750000  9.933333  0.433333  0.083333  0.033333  0.150000  0.633333  0.000000  0.000000  0.000000  
0.034483  0.635468  0.137931  10.049261  2.729064  0.000000  1.527094  0.443350  1.221675  3.315271  0.522168  0.162562  1.561576  10.699508  0.280788  0.000000  0.000000  0.000000  0.152709  0.103448  0.546798  0.123153  0.206897  2.295567  2.073892  0.487685  1.881773  3.827586  3.729064  2.625616  1.000000  0.152709  1.399015  2.694581  2.660099  2.551724  0.364532  0.108374  0.197044  0.123153  0.374384  0.000000  0.000000  0.000000  
0.007491  0.000535  0.000000  0.427501  0.026752  0.000000  0.014981  0.000000  0.011236  0.044409  0.005886  0.002675  0.019262  0.047619  0.338684  0.043339  0.049759  0.167469  0.086142  0.009096  0.029963  0.003210  0.001605  0.043339  0.013376  0.004280  0.005350  0.005350  0.092028  0.033173  0.028357  1.000000  0.026217  0.029963  0.021937  0.036383  0.003745  0.000535  0.002140  0.002140  0.014446  0.000000  0.000000  0.000000  
0.006757  0.006757  0.013514  1.263514  0.344595  0.000000  0.020270  0.000000  0.202703  0.445946  0.087838  0.033784  0.148649  0.027027  0.000000  0.000000  0.000000  0.000000  0.000000  0.006757  0.148649  0.081081  0.425676  0.918919  0.148649  0.000000  0.101351  0.277027  0.297297  0.878378  0.121622  2.614865  1.000000  0.283784  0.452703  0.972973  0.060811  0.006757  0.047297  0.033784  0.162162  0.000000  0.000000  0.000000  
0.018634  0.018634  0.043478  1.316770  0.906832  0.000000  0.291925  0.012422  0.397516  0.385093  0.068323  0.260870  3.149068  0.416149  0.000000  0.000000  0.000000  0.000000  0.000000  0.000000  0.496894  0.322981  0.018634  2.024845  0.074534  0.006211  0.192547  0.304348  0.447205  0.236025  0.242236  0.024845  0.006211  1.000000  0.397516  1.279503  0.260870  0.024845  0.031056  0.043478  0.279503  0.000000  0.000000  0.000000  
0.000181  0.000242  0.000544  0.005799  0.012684  0.000000  0.000000  0.000000  0.011597  0.008396  0.002356  0.004349  0.022228  0.000664  0.000000  0.000000  0.000000  0.000544  0.001933  0.001268  0.006765  0.000000  0.000242  0.036120  0.000906  0.001087  0.001933  0.010147  0.010208  0.007852  0.003141  0.002658  0.000181  0.037449  1.000000  0.222336  0.002114  0.000604  0.006946  0.003020  0.005074  0.000000  0.000000  0.000000  
0.097962  0.008823  0.005172  0.158503  0.169760  0.000000  0.000000  0.002130  0.429267  0.100091  0.022513  0.024643  0.201095  0.009127  0.000000  0.000000  0.000000  0.118041  0.118649  0.006997  0.117432  0.007910  0.007606  0.280499  0.047764  0.010648  0.000913  0.198966  0.368117  0.225129  0.053848  0.009735  0.018558  0.075753  0.071798  1.000000  0.083359  0.005172  0.008214  0.043809  0.047764  0.000000  0.000000  0.009735  
261.200012  0.200000  0.200000  2.000000  245.000000  0.000000  0.000000  1.600000  24.000000  25.400000  3.400000  0.000000  13.800000  0.600000  0.000000  0.000000  0.000000  0.600000  1.600000  1.600000  4.600000  0.000000  1.400000  22.400000  1.600000  1.400000  137.600006  35.599998  65.000000  25.000000  15.200000  4.200000  0.000000  1.600000  158.199997  1070.199951  1.000000  0.800000  1.600000  37.799999  298.799988  0.000000  0.000000  0.000000  
0.000000  0.000000  0.000000  5.000000  15.000000  0.000000  0.000000  0.000000  5.000000  5.000000  0.000000  2.000000  3.000000  0.000000  0.000000  0.000000  0.000000  0.000000  3.000000  0.000000  5.000000  0.000000  0.000000  13.000000  3.000000  0.000000  1.000000  2.000000  3.000000  6.000000  0.000000  0.000000  0.000000  7.000000  3.000000  17.000000  3.000000  0.000000  2.000000  0.000000  6.000000  0.000000  0.000000  14.000000  
3.950000  0.033333  0.066667  2.333333  1.800000  0.000000  0.000000  2.400000  7.216667  0.516667  0.033333  1.700000  0.533333  0.150000  0.000000  0.816667  1.100000  2.066667  0.083333  0.000000  1.983333  0.600000  0.116667  2.050000  3.116667  0.050000  0.350000  1.583333  5.816667  0.050000  0.716667  0.100000  0.000000  1.550000  0.550000  6.233333  0.283333  0.083333  1.000000  0.150000  0.566667  0.000000  0.000000  1.066667  
0.000000  1.000000  1.000000  15.000000  30.000000  0.000000  0.000000  6.000000  80.000000  0.000000  0.000000  0.000000  16.000000  3.000000  0.000000  35.000000  168.000000  46.000000  0.000000  0.000000  85.000000  0.000000  0.000000  33.000000  4.000000  0.000000  0.000000  8.000000  69.000000  63.000000  11.000000  0.000000  0.000000  15.000000  7.000000  144.000000  0.000000  0.000000  0.000000  0.000000  4.000000  0.000000  0.000000  0.000000  
3.003690  0.516605  0.228782  3.885609  3.239852  0.000000  0.487085  1.944649  13.826569  7.033210  2.992620  3.162362  2.335793  8.202952  4.922509  1.634686  0.616236  2.904059  0.214022  0.055351  4.811808  1.634686  0.394834  7.516605  2.852399  0.269373  3.188192  1.523985  9.276752  3.354244  1.974170  0.804428  0.033210  4.066421  1.738007  3.059041  3.756458  0.424354  35.007381  0.000000  1.000000  0.000000  25.701107  6.380074  
57.000000  3.000000  9.000000  99.000000  330.000000  0.000000  108.000000  100.000000  571.000000  107.000000  19.000000  143.000000  46.000000  8.000000  0.000000  122.000000  18.000000  94.000000  172.000000  0.000000  264.000000  27.000000  19.000000  670.000000  312.000000  83.000000  213.000000  113.000000  361.000000  4.000000  91.000000  23.000000  1.000000  221.000000  117.000000  486.000000  67.000000  45.000000  24.000000  0.000000  81.000000  0.000000  0.000000  0.000000  
159.000000  2.000000  6.000000  98.000000  228.000000  0.000000  0.000000  109.000000  820.000000  45.000000  2.000000  73.000000  43.000000  6.000000  0.000000  193.000000  155.000000  339.000000  10.000000  0.000000  218.000000  27.000000  3.000000  95.000000  148.000000  4.000000  39.000000  77.000000  350.000000  7.000000  56.000000  14.000000  0.000000  56.000000  27.000000  228.000000  38.000000  4.000000  5.000000  4.000000  37.000000  0.000000  0.000000  8.000000  
60.000000  1.000000  4.000000  44.000000  121.000000  0.000000  1.000000  49.000000  40.000000  19.000000  1.000000  6.000000  19.000000  2.000000  39.000000  72.000000  118.000000  171.000000  650.000000  1.000000  111.000000  6.000000  12.000000  102.000000  13.000000  4.000000  0.000000  7.000000  176.000000  86.000000  34.000000  5.000000  17.000000  50.000000  32.000000  36.000000  21.000000  1.000000  0.000000  1.000000  14.000000  0.000000  0.000000  0.000000  
0.000267  0.001377  0.006884  0.000343  0.000687  0.031548  0.000139  0.000406  0.000229  0.000414  0.000325  0.000889  0.000304  0.000325  0.001065  0.000667  0.001016  0.000291  0.000696  0.001999  0.000261  0.001001  0.000405  0.000313  0.000768  0.001724  0.001597  0.002049  0.000611  0.004073  0.002214  0.000730  0.002593  0.002486  0.000245  0.000550  0.014109  0.031548  0.004073  0.031548  0.001916  0.031548  0.031548  0.031548  