1.000000  0.000000  0.003996  0.082936  0.033371  0.000000  0.072560  0.030917  0.309450  0.007151  0.078029  0.000000  0.001542  0.000000  0.004767  0.000000  0.008062  0.444055  0.004066  0.000000  0.012970  0.002103  0.014722  0.001753  0.014021  0.000771  0.053141  0.057277  0.144420  0.003155  0.019349  0.000140  0.009815  0.000771  0.032459  0.018438  0.000000  0.000000  0.026430  0.000000  0.000000  0.000000  0.000000  0.000000  
0.086551  1.000000  0.000000  0.073236  0.279627  0.000000  0.081225  0.000000  0.109188  0.071904  0.440746  0.000000  0.049268  0.000000  0.000000  0.000000  0.000000  0.005326  0.000000  0.000000  0.005326  0.000000  0.126498  0.005326  0.000000  0.002663  0.073236  0.013316  0.025300  0.009321  0.005326  0.000000  0.000000  0.011984  0.001332  0.030626  0.000000  0.015979  0.000000  0.021305  0.000000  0.000000  0.000000  0.000000  
0.000000  26.337500  1.000000  0.275000  0.537500  0.000000  0.162500  0.000000  0.000000  0.350000  0.000000  0.000000  0.000000  0.000000  0.000000  0.000000  0.000000  0.000000  0.000000  0.000000  0.062500  0.012500  0.000000  0.025000  0.000000  0.037500  0.000000  0.000000  0.062500  0.000000  0.125000  0.000000  0.000000  0.050000  0.000000  0.325000  0.000000  0.150000  0.000000  0.000000  0.000000  0.000000  0.000000  0.000000  
0.000000  0.000000  0.000000  1.000000  0.034864  0.000000  0.000000  0.000000  0.029461  0.006247  0.014266  0.000000  0.002195  0.000000  0.000000  0.000000  0.000000  0.001266  0.000000  0.000000  0.000000  0.000000  0.000000  0.004052  0.003968  0.000000  0.015279  0.005487  0.000591  0.003377  0.124008  0.001773  0.056559  0.004981  0.005825  0.080871  0.003883  0.010974  0.000000  0.004136  0.000000  0.000000  0.000000  0.000000  
0.000000  1.098330  0.010204  1.165121  1.000000  0.243970  0.042672  0.016698  0.045455  0.172542  0.135436  0.005566  0.506494  0.000000  0.000000  0.000000  0.000000  0.000000  0.000000  0.000000  0.015770  0.001855  0.075139  0.153061  0.004638  0.048237  1.099258  0.049165  0.015770  0.018553  0.300557  0.015770  0.042672  0.076994  0.007421  0.453618  0.000000  0.041744  0.000000  0.154917  0.000000  0.000000  0.000000  0.000000  
0.000000  0.000000  0.000000  0.000000  0.033981  1.000000  0.024272  0.000000  0.000000  0.000000  0.000000  0.000000  0.000000  0.000000  0.000000  0.000000  0.000000  0.000000  0.000000  0.000000  0.000000  0.000000  0.000000  0.000000  0.000000  0.000000  0.000000  0.000000  0.000000  0.000000  0.000000  0.000000  0.000000  0.000000  0.000000  0.000000  0.000000  0.024272  0.000000  0.000000  0.000000  0.000000  0.000000  0.000000  
0.001683  0.013370  0.105083  0.039533  0.083201  0.000000  1.000000  0.020632  0.027846  0.047227  0.014236  0.000000  0.016736  0.000000  0.000000  0.000000  0.000000  0.000000  0.000000  0.000000  0.000866  0.000096  0.003222  0.001635  0.001924  0.000240  0.007214  0.193671  0.015438  0.002212  0.064156  0.000144  0.023950  0.006685  0.004232  0.010292  0.001010  0.002982  0.000000  0.003847  0.000000  0.000000  0.000000  0.000000  
0.000000  0.027265  0.038091  0.415798  0.348035  0.000000  0.195269  1.000000  0.234162  0.069366  0.234563  0.000000  0.031676  0.000000  0.000000  0.000000  0.000000  0.000000  0.000000  0.000000  0.016439  0.004010  0.010024  0.151163  0.119086  0.003208  0.061347  0.198075  0.127506  0.012029  0.322374  0.000401  0.323577  0.007618  0.044908  0.192462  0.017642  0.009222  0.000000  0.044908  0.000000  0.000000  0.000000  0.000000  
0.015721  0.005240  0.005596  0.143618  0.123190  0.000000  0.055955  0.093170  1.000000  0.080380  0.011102  0.000000  0.011990  0.000000  0.000000  0.000000  0.000000  0.048672  0.041744  0.000000  0.014300  0.000000  0.000000  0.126565  0.078249  0.000000  0.020606  0.029043  0.036415  0.003908  0.083755  0.005596  0.023981  0.015810  0.015277  0.281020  0.013856  0.009859  0.000000  0.008971  0.000000  0.000000  0.000000  0.000000  
0.000000  0.004458  0.006872  0.045505  0.090639  0.000000  1.830238  0.089339  0.237927  1.000000  0.131129  0.005572  0.142645  0.000000  0.000000  0.000000  0.000000  0.000000  0.000000  0.000000  0.008915  0.004458  0.101783  0.031389  0.056835  0.000000  0.029903  0.186664  0.215082  0.010958  0.142273  0.005201  0.042162  0.055906  0.027675  0.074294  0.002972  0.010587  0.000000  0.025260  0.000000  0.000000  0.000000  0.000000  
0.000000  0.006030  0.004457  0.041689  0.068956  0.000000  1.202937  0.022811  0.093078  1.237284  1.000000  0.124541  0.337441  0.000000  0.000000  0.000000  0.000000  0.000000  0.000000  0.000000  0.016518  0.007079  0.012847  0.020451  0.131358  0.000000  0.030414  0.034347  0.273991  0.008915  0.099895  0.000000  0.041689  0.029890  0.034872  0.231778  0.019927  0.001311  0.000000  0.015994  0.000000  0.000000  0.000000  0.000000  
0.000000  0.000000  0.000000  0.161184  0.411184  0.000000  1.861842  0.151316  0.164474  1.289474  0.000000  1.000000  3.177632  0.000000  0.000000  0.000000  0.000000  0.000000  0.000000  0.000000  0.184211  0.052632  0.171053  0.450658  0.509868  0.000000  0.157895  0.174342  0.562500  0.059211  0.174342  0.059211  0.101974  0.167763  0.105263  2.766447  0.108553  0.062500  0.000000  0.088816  0.000000  0.000000  0.000000  0.000000  
0.000000  0.003401  0.001458  0.047862  0.057580  0.000000  0.858115  0.071429  0.251944  0.758260  0.025753  0.025510  1.000000  0.000000  0.000000  0.000000  0.000000  0.000000  0.000000  0.000000  0.020165  0.007289  0.024295  0.032313  0.160593  0.000000  0.033771  0.025267  0.159135  0.007289  0.133382  0.017493  0.037415  0.030369  0.033042  0.395773  0.017493  0.005345  0.000000  0.013605  0.000000  0.000000  0.000000  0.000000  
0.000000  0.002047  0.001889  0.038413  0.062028  0.000000  0.669238  0.068482  0.100283  0.894994  0.136020  0.032746  0.094931  1.000000  0.044710  0.000000  0.000000  0.000000  0.000000  0.000000  0.071159  0.023300  0.007872  0.003778  0.328558  0.002519  0.043451  0.017003  0.191121  0.006770  0.070844  0.002519  0.034950  0.023142  0.017003  0.149717  0.009446  0.004880  0.000000  0.023929  0.000000  0.000000  0.000000  0.000000  
0.000000  0.001985  0.000662  0.026795  0.045319  0.000000  0.399934  0.030103  0.058882  0.596097  0.170361  0.026133  0.380417  0.074099  1.000000  0.000331  0.000000  0.000000  0.000000  0.000000  0.050281  0.001323  0.042342  0.006285  0.054582  0.032087  0.083692  0.015217  0.015217  0.004962  0.041350  0.006285  0.020509  0.019517  0.027787  0.362554  0.001985  0.154482  0.000000  0.007608  0.000000  0.000000  0.000000  0.000000  
4.431233  0.000576  0.000192  0.024203  0.011141  0.000000  0.000000  0.004226  0.004226  0.007876  0.005378  0.000000  0.000000  0.000000  0.000000  1.000000  0.000000  0.000000  0.000000  0.000000  0.000000  0.000000  0.012486  0.009988  0.013446  0.000000  0.003842  0.012294  0.332693  0.002497  0.010757  0.000000  0.002881  0.000000  0.004994  0.026700  0.001921  0.000000  0.000000  0.001153  0.000000  0.000000  0.000000  0.000000  
10397.000000  5.000000  1.000000  63.000000  62.000000  0.000000  0.000000  8.000000  15.000000  17.000000  14.000000  0.000000  0.000000  0.000000  0.000000  0.000000  0.000000  65.000000  0.000000  0.000000  0.000000  0.000000  53.000000  212.000000  203.000000  1.000000  31.000000  56.000000  27.000000  17.000000  48.000000  0.000000  11.000000  36.000000  38.000000  323.000000  9.000000  1.000000  0.000000  6.000000  0.000000  0.000000  0.000000  0.000000  
2.016530  0.002086  0.001444  0.067886  0.036270  0.000000  0.000000  0.026641  0.033381  0.145563  0.019740  0.000000  0.002568  0.000000  0.000000  0.027764  0.289520  1.000000  0.002086  0.000000  0.004333  0.000000  0.042529  0.207350  0.079442  0.000000  0.014765  0.023913  0.137217  0.006420  0.068849  0.000642  0.024555  0.016370  0.015728  0.239127  0.006580  0.001444  0.000000  0.001605  0.000000  0.000000  0.000000  0.000000  
11.868613  0.029197  0.029197  0.788321  0.335766  0.000000  0.861314  1.868613  0.277372  0.510949  0.430657  0.000000  0.000000  0.000000  0.000000  0.000000  0.000000  3.751825  1.000000  0.000000  0.058394  0.000000  0.897810  1.299270  2.197080  0.014599  0.160584  0.313869  0.875912  0.080292  1.941606  0.000000  0.357664  0.350365  0.262774  5.861314  0.058394  0.000000  0.000000  0.014599  0.000000  0.000000  0.000000  0.000000  
1023.000000  1.000000  1.000000  60.000000  45.000000  0.000000  0.000000  0.000000  11.000000  0.000000  0.000000  0.000000  0.000000  0.000000  0.000000  0.000000  0.000000  0.000000  0.000000  0.000000  0.000000  0.000000  0.000000  207.000000  0.000000  0.000000  6.000000  2.000000  12.000000  2.000000  21.000000  5.000000  11.000000  1.000000  0.000000  205.000000  0.000000  4.000000  0.000000  0.000000  0.000000  0.000000  0.000000  0.000000  
0.109677  0.001434  0.001377  0.017725  0.022543  0.000000  0.000000  0.000000  0.145070  0.031779  0.030459  0.000000  0.000000  0.000000  0.000000  0.000000  0.000000  0.002122  0.000000  0.000000  1.000000  0.012161  0.000000  0.033557  0.023576  0.000860  0.008662  0.069179  0.044685  0.003327  0.016291  0.001033  0.011874  0.007457  0.010842  0.064590  0.001893  0.000574  0.000000  0.006998  0.000000  0.000000  0.000000  0.000000  
0.000689  0.017919  0.000000  0.025500  0.033081  0.000000  0.000000  0.000000  0.290145  0.090283  0.006203  0.000000  0.000000  0.000000  0.000000  0.514128  0.000000  0.000000  0.000000  0.000000  0.287388  1.000000  0.006892  0.135768  0.180565  0.004824  0.015162  0.022054  0.088215  0.006203  0.038594  0.000689  0.028256  0.019297  0.019297  0.165403  0.010338  0.006203  0.000000  0.008270  0.000000  0.000000  0.000000  0.000000  
1.766940  0.002590  0.003453  0.031938  0.106603  0.000000  0.099266  0.012948  0.230470  0.314631  0.136815  0.000000  0.000000  0.000000  0.000000  0.000000  0.000000  0.000000  0.000000  0.000000  0.175658  0.005179  1.000000  0.006474  0.132499  0.007337  0.014243  0.058265  0.433319  0.006474  0.048338  0.000432  0.033664  0.040570  0.037549  0.149763  0.002590  0.003453  0.000000  0.012085  0.000000  0.000000  0.000000  0.000000  
0.037480  0.001708  0.000759  0.021349  0.040801  0.000000  0.007306  0.005314  0.081222  0.001139  0.010248  0.000380  0.014992  0.000000  0.000000  0.000000  0.000000  0.002562  0.000000  0.000000  0.005314  0.004175  0.000000  1.000000  0.010912  0.000190  0.005788  0.066989  0.069456  0.002182  0.031692  0.000854  0.216909  0.021539  0.008824  0.070310  0.006547  0.000759  0.000000  0.002847  0.000000  0.000000  0.000000  0.000000  
0.224561  0.011696  0.012865  0.211696  0.388304  0.000000  0.506433  0.202339  3.555556  0.202339  0.177778  0.000000  0.097076  0.000000  0.000000  0.000000  0.000000  0.000000  0.000000  0.000000  0.461988  0.000000  0.010526  0.126316  1.000000  0.000000  0.086550  0.024561  0.240936  0.017544  0.050292  0.000000  0.059649  0.070175  0.057310  0.842105  0.007018  0.001170  0.000000  0.042105  0.000000  0.000000  0.000000  0.000000  
1.500000  0.666667  0.500000  2.333333  13.333333  0.000000  75.166664  11.166667  36.166668  44.333332  10.166667  1.000000  3.666667  0.000000  4.500000  0.000000  0.000000  0.000000  0.000000  0.000000  18.666666  0.000000  22.333334  29.833334  41.666668  1.000000  2.166667  3.666667  22.000000  0.833333  6.500000  2.000000  18.333334  4.833333  4.333333  42.500000  0.833333  0.000000  0.000000  1.833333  0.000000  0.000000  0.000000  0.000000  
0.000000  0.513514  0.387387  9.896397  0.927928  0.000000  22.522522  66.112610  7.995495  18.909910  11.009009  0.027027  12.855856  0.000000  0.000000  0.000000  0.000000  0.000000  0.000000  0.000000  4.256757  0.045045  28.680180  2.315315  6.049550  0.427928  1.000000  1.909910  15.810811  0.666667  12.846847  0.000000  3.720721  1.738739  5.396396  44.657658  0.500000  0.198198  0.000000  0.918919  0.000000  0.000000  0.000000  0.000000  
0.000000  0.000000  0.000000  1.927835  1.046392  0.000000  0.634021  0.082474  1.000000  1.726804  1.365979  0.000000  3.793814  33.237114  0.000000  0.000000  0.000000  0.000000  0.000000  0.000000  1.262887  0.190722  0.000000  0.082474  7.623711  0.154639  0.489691  1.000000  6.025773  0.737113  1.175258  0.000000  0.077320  2.273196  1.231959  2.067010  0.783505  0.000000  0.000000  0.304124  0.000000  0.000000  0.000000  0.000000  
0.000000  0.035789  0.000000  2.778947  2.486316  0.000000  0.000000  1.018947  0.120000  0.473684  0.117895  0.107368  0.107368  0.616842  0.000000  0.000000  0.000000  0.000000  0.000000  0.000000  0.541053  0.000000  0.928421  3.490526  1.117895  0.103158  1.553684  1.534737  1.000000  6.888421  16.566317  0.496842  5.381052  2.696842  1.974737  4.242105  1.995790  0.033684  0.000000  0.229474  0.000000  0.000000  0.000000  0.000000  
5.808743  0.038251  0.014572  0.832423  0.737705  0.000000  0.000000  0.231330  0.085610  1.125683  0.265938  0.000000  0.081967  0.000000  0.000000  6.511840  1.537341  3.661202  7.459016  0.000000  0.193078  0.000000  0.182149  0.154827  0.021858  0.020036  0.460838  0.134791  5.231330  1.000000  0.089253  0.000000  0.001821  0.406193  0.140255  1.293260  0.229508  0.000000  0.000000  0.185792  0.000000  0.000000  0.000000  0.000000  
0.000000  0.027043  0.003452  1.149597  0.343498  0.000000  0.154200  0.000000  0.034522  0.000000  0.016686  0.000000  0.155351  0.000000  0.463751  0.000000  0.000000  0.000000  0.000000  0.000000  0.075949  0.001151  0.046030  0.151323  0.177791  0.002301  0.588608  0.739931  0.117376  0.026467  1.000000  0.000000  2.175489  0.105293  0.140391  0.336594  0.027618  0.010357  0.000000  0.027043  0.000000  0.000000  0.000000  0.000000  
0.000000  0.000000  0.000000  1.594470  0.043011  0.000000  0.000000  0.000000  0.086022  0.000000  0.000000  0.000000  0.000000  0.000000  1.528418  0.000000  0.000000  0.000000  0.000000  0.000000  0.070661  0.000000  0.000000  0.082949  0.291859  0.012289  0.000000  0.018433  0.092166  0.004608  0.294931  1.000000  1.258065  0.081413  0.479263  0.609831  0.000000  0.001536  0.000000  0.012289  0.000000  0.000000  0.000000  0.000000  
0.000000  0.000579  0.000000  0.050376  0.004632  0.000000  0.000000  0.000000  0.000000  0.000000  0.051534  0.000000  0.063115  0.000000  0.000000  0.000000  0.000000  0.000000  0.000000  0.000000  0.008107  0.000000  0.000000  0.011581  0.000000  0.001158  0.102490  0.005790  0.014476  0.015055  1.071222  0.209033  1.000000  0.017950  0.039375  0.141865  0.015055  0.000000  0.000000  0.000000  0.000000  0.000000  0.000000  0.000000  
0.001448  0.000000  0.000000  0.105720  0.005793  0.000000  0.000000  0.000000  0.000000  0.000000  0.000000  0.000000  0.611151  0.000000  0.000000  0.000000  0.000000  0.000000  0.000000  0.000000  0.013758  0.000000  0.000000  0.092686  0.024620  0.029689  0.038378  0.128168  0.019551  0.014482  0.141926  0.078928  0.013758  1.000000  0.000000  0.270094  0.023896  0.066618  0.000000  0.000000  0.000000  0.000000  0.000000  0.000000  
0.000000  0.000000  0.000000  0.003926  0.003353  0.000000  0.000000  0.000000  0.000000  0.000044  0.000000  0.000265  0.000000  0.000000  0.000000  0.000000  0.000000  0.000000  0.000000  0.000000  0.000044  0.000000  0.000000  0.027615  0.000000  0.003573  0.039790  0.005558  0.003397  0.000573  0.010719  0.001015  0.001059  0.026027  1.000000  0.240858  0.016631  0.005558  0.001809  0.008029  0.000000  0.000000  0.000000  0.000000  
0.000000  0.002178  0.002178  0.145035  0.026568  0.000000  0.000000  0.000000  0.025697  0.028528  0.000000  0.085366  0.130226  0.000000  0.013720  0.000218  0.000000  0.000436  0.000000  0.000000  0.000000  0.000000  0.000000  0.910714  0.003049  0.008057  0.039416  0.084059  0.112805  0.205793  0.108885  0.071429  0.020688  0.277439  0.036585  1.000000  0.353876  0.014155  0.000000  0.169861  0.000000  0.000000  0.000000  0.000000  
0.000000  0.000000  0.000000  135.000000  185.000000  0.000000  0.000000  0.000000  0.000000  84.000000  0.000000  1.000000  0.000000  0.000000  0.000000  0.000000  0.000000  0.000000  0.000000  0.000000  0.000000  0.000000  0.000000  89.000000  0.000000  0.000000  1.000000  67.000000  25.000000  41.000000  9.000000  4.000000  0.000000  35.000000  6.000000  1849.000000  1.000000  0.000000  0.000000  177.000000  0.000000  0.000000  0.000000  0.000000  
0.047619  0.238095  0.000000  2.666667  1.238095  0.000000  0.000000  0.000000  0.000000  1.285714  0.000000  0.904762  2.380952  0.000000  0.000000  0.000000  0.000000  0.142857  0.000000  0.000000  0.000000  0.000000  0.000000  37.380951  0.000000  1.904762  1.380952  2.190476  5.857143  1.952381  1.809524  1.095238  0.000000  4.523809  1.714286  20.619047  3.761905  1.000000  0.000000  0.285714  0.000000  0.000000  0.000000  0.000000  
385.000000  0.000000  8.000000  647.000000  71.000000  0.000000  0.000000  22.000000  1228.000000  47.000000  0.000000  268.000000  38.000000  0.000000  0.000000  453.000000  193.000000  331.000000  43.000000  0.000000  266.000000  2.000000  156.000000  1436.000000  92.000000  101.000000  291.000000  697.000000  796.000000  179.000000  160.000000  141.000000  0.000000  172.000000  105.000000  146.000000  352.000000  0.000000  0.000000  20.000000  0.000000  0.000000  0.000000  0.000000  
0.036742  0.001225  0.000000  0.086344  0.041029  0.000000  0.000000  0.004287  0.511329  0.038579  0.093080  0.031843  0.000000  0.000000  0.000000  0.056950  0.021433  0.056950  0.011023  0.000000  0.170851  0.056338  0.000000  0.327006  0.000000  0.176363  0.081445  0.143907  0.127985  0.117575  0.140233  0.030618  0.000000  0.198408  0.083282  0.309859  0.289651  0.013472  0.000000  1.000000  0.000000  0.000000  0.000000  0.000000  
368.000000  123.000000  10.000000  845.000000  1154.000000  0.000000  91.000000  28.000000  415.000000  858.000000  665.000000  37.000000  936.000000  2421.000000  3060.000000  466.000000  212.000000  381.000000  119.000000  0.000000  167.000000  111.000000  740.000000  1127.000000  104.000000  268.000000  3158.000000  3.000000  0.000000  0.000000  874.000000  74.000000  101.000000  1531.000000  183.000000  3940.000000  374.000000  1796.000000  761.000000  1531.000000  0.000000  0.000000  0.000000  0.000000  
37.000000  49.000000  3.000000  460.000000  579.000000  185.000000  3.000000  52.000000  374.000000  58.000000  106.000000  104.000000  291.000000  0.000000  25.000000  48.000000  23.000000  44.000000  12.000000  0.000000  60.000000  6.000000  270.000000  457.000000  14.000000  91.000000  400.000000  0.000000  0.000000  0.000000  118.000000  10.000000  14.000000  254.000000  0.000000  784.000000  104.000000  738.000000  40.000000  100.000000  0.000000  0.000000  0.000000  0.000000  
4.000000  0.000000  0.000000  0.000000  4.000000  0.000000  0.000000  0.000000  5.000000  0.000000  0.000000  0.000000  0.000000  0.000000  0.000000  4.000000  2.000000  4.000000  1.000000  0.000000  0.000000  0.000000  2.000000  1.000000  0.000000  0.000000  3.000000  0.000000  0.000000  0.000000  2.000000  0.000000  0.000000  0.000000  0.000000  0.000000  1.000000  0.000000  36.000000  0.000000  0.000000  0.000000  0.000000  0.000000  
104.000000  0.000000  0.000000  93.000000  62.000000  0.000000  0.000000  0.000000  32.000000  24.000000  0.000000  0.000000  0.000000  0.000000  0.000000  131.000000  63.000000  110.000000  32.000000  0.000000  16.000000  0.000000  24.000000  81.000000  5.000000  105.000000  118.000000  5.000000  0.000000  49.000000  99.000000  8.000000  12.000000  73.000000  19.000000  154.000000  35.000000  0.000000  19.000000  30.000000  0.000000  0.000000  0.000000  0.000000  
0.000264  0.001151  0.003527  0.000290  0.000961  0.002198  0.000219  0.000632  0.000297  0.000430  0.000511  0.001809  0.000492  0.000396  0.000574  0.000437  0.031548  0.000400  0.002695  0.031548  0.000239  0.000828  0.000655  0.000307  0.001079  0.012879  0.002117  0.002265  0.001448  0.001346  0.000757  0.001236  0.000759  0.000849  0.000210  0.000466  0.031548  0.006884  0.031548  0.000781  0.031548  0.031548  0.031548  0.031548  