1.000000  0.000008  0.000000  0.019452  0.037958  0.000000  0.004843  0.004413  0.150549  0.005097  0.000013  0.000000  0.000816  0.000000  0.004126  0.000000  0.020692  0.235686  0.000000  0.000000  0.008100  0.000270  0.001502  0.002321  0.004204  0.000019  0.001962  0.013913  0.088715  0.000194  0.020745  0.000962  0.000302  0.000811  0.030747  0.006718  0.000390  0.000000  0.011641  0.000000  0.000000  0.000000  0.000000  0.000000  
30.500000  1.000000  0.000000  24.000000  145.000000  0.000000  43.000000  0.000000  95.500000  4.000000  0.000000  0.000000  0.000000  0.000000  0.000000  0.000000  0.000000  0.000000  0.000000  0.000000  0.000000  0.000000  0.000000  0.000000  17.500000  0.000000  0.000000  4.000000  88.500000  5.000000  15.500000  9.500000  10.000000  0.500000  76.000000  6.500000  4.500000  0.000000  0.000000  4.000000  0.000000  0.000000  0.000000  0.000000  
0.000000  81.993256  1.000000  2.308600  12.497471  0.000000  0.000000  0.101180  1.266442  1.069983  1.365093  0.161046  1.022766  0.000000  0.000000  0.000000  0.000000  0.000000  0.000000  0.000000  0.000000  0.000000  0.029511  0.384486  0.000000  0.000000  0.391231  1.063238  0.614671  0.047218  3.801012  0.514334  0.261383  0.295110  0.680438  0.439292  0.039629  0.000000  0.000000  0.000000  0.000000  0.000000  0.000000  0.000000  
0.000359  0.000000  0.000000  1.000000  0.014957  0.000000  0.002953  0.002491  0.049205  0.027315  0.003579  0.001201  0.002648  0.000000  0.000000  0.001658  0.000000  0.000862  0.000000  0.000000  0.000351  0.000000  0.000000  0.002652  0.001266  0.000142  0.008009  0.007797  0.016434  0.004330  0.033183  0.004664  0.007538  0.006525  0.005520  0.012116  0.002256  0.000533  0.000000  0.001281  0.000000  0.000000  0.000000  0.000000  
0.003265  0.211189  0.000000  1.735514  1.000000  0.031949  0.025808  0.064713  0.110387  0.223331  0.192099  0.029938  0.613402  0.000000  0.000000  0.000000  0.000000  0.000000  0.000000  0.000000  0.001005  0.000000  0.000000  0.097408  0.046052  0.006171  0.511784  0.059737  0.110068  0.092651  0.089038  0.023668  0.003056  0.090073  0.042379  0.205088  0.051406  0.032148  0.000000  0.006768  0.000000  0.000000  0.000000  0.000000  
0.000000  0.000000  0.000000  0.000000  0.000000  0.000000  0.000000  0.000000  0.000000  0.000000  0.000000  0.000000  0.000000  0.000000  0.000000  0.000000  0.000000  0.000000  0.000000  0.000000  0.000000  0.000000  0.000000  0.000000  0.000000  0.000000  0.000000  0.000000  0.000000  0.000000  0.000000  0.000000  0.000000  0.000000  0.000000  0.000000  0.000000  0.000000  0.000000  0.000000  0.000000  0.000000  0.000000  0.000000  
0.000520  0.000876  0.094420  0.030825  0.167131  0.000000  1.000000  0.043123  0.062518  0.000183  0.009034  0.000471  0.007268  0.000000  0.000000  0.000000  0.000000  0.000000  0.000000  0.000000  0.000000  0.000000  0.000019  0.006887  0.000996  0.000433  0.013576  0.315743  0.034549  0.009688  0.069995  0.007762  0.010105  0.015466  0.011620  0.025284  0.002423  0.003827  0.000000  0.000629  0.000000  0.000000  0.000000  0.000000  
0.017259  0.007572  0.015072  0.395752  0.378973  0.000000  0.124412  1.000000  0.220380  0.065724  0.050591  0.000000  0.022197  0.000000  0.000000  0.000000  0.000000  0.000000  0.000000  0.000000  0.002407  0.000000  0.072039  0.137113  0.009964  0.001754  0.044003  0.119645  0.098517  0.027312  0.229031  0.018086  0.015779  0.037716  0.081251  0.042984  0.038504  0.002318  0.000000  0.002038  0.000000  0.000000  0.000000  0.000000  
0.025417  0.001316  0.005011  0.204623  0.190703  0.000001  0.044909  0.101148  1.000000  0.016954  0.004215  0.000284  0.005254  0.000000  0.000000  0.019712  0.006914  0.078247  0.001741  0.000055  0.005162  0.000267  0.008587  0.105981  0.034209  0.001139  0.019781  0.024305  0.054901  0.030759  0.041559  0.015022  0.015494  0.060775  0.017036  0.075100  0.010627  0.047207  0.000000  0.016452  0.000000  0.000000  0.000000  0.000000  
0.000000  0.001521  0.025482  0.144357  0.151442  0.000004  3.671079  0.043891  0.097408  1.000000  0.080259  0.000000  0.046753  0.000000  0.000000  0.000000  0.000000  0.000000  0.000000  0.000000  0.012382  0.006295  0.058796  0.038018  0.043866  0.001968  0.043983  0.240260  0.175503  0.033586  0.133629  0.029601  0.056156  0.071566  0.102090  0.111022  0.017052  0.001053  0.000000  0.002084  0.000000  0.000000  0.000000  0.000000  
0.000000  0.000408  0.006134  0.188827  0.269158  0.000000  2.689747  0.022818  0.087739  2.678687  1.000000  0.035233  0.498796  0.000000  0.000000  0.000000  0.000000  0.000000  0.000000  0.000000  0.005675  0.001473  0.077505  0.144918  0.244924  0.003636  0.048213  0.142222  0.341000  0.053713  0.166326  0.032888  0.135562  0.177993  0.161529  0.248940  0.054460  0.012018  0.000000  0.006400  0.000000  0.000000  0.000000  0.000000  
0.000000  0.000571  0.000156  0.615592  0.436797  0.000000  1.312257  0.398361  0.123399  1.998185  0.746097  1.000000  1.396960  0.000000  0.000000  0.000000  0.000000  0.000363  0.000000  0.000000  0.023756  0.020437  0.080087  0.393226  0.500960  0.526946  0.126926  0.157529  0.664713  0.060947  0.265159  0.043623  0.212148  0.106541  0.161315  0.929872  0.251362  0.589138  0.000000  0.004098  0.000000  0.000000  0.000000  0.000000  
0.000627  0.000055  0.000928  0.072073  0.135915  0.000000  1.855965  0.110870  0.262162  0.575533  0.479874  0.047604  1.000000  0.000000  0.000000  0.000000  0.000000  0.000000  0.000000  0.000000  0.012759  0.000000  0.096105  0.205972  0.458775  0.001169  0.029790  0.094465  0.190560  0.047634  0.116291  0.017262  0.049515  0.103167  0.086000  0.228701  0.042473  0.053095  0.000000  0.029680  0.000000  0.000000  0.000000  0.000000  
0.000000  0.000042  0.000155  0.076310  0.091712  0.000000  1.816473  0.122309  0.153816  1.161789  0.190374  0.138063  0.632458  1.000000  0.000000  0.000000  0.000000  0.000000  0.000000  0.000000  0.039053  0.004235  0.029462  0.091857  0.793333  0.001899  0.036783  0.025382  0.208815  0.053306  0.121821  0.031076  0.052373  0.100595  0.041726  0.125381  0.011368  0.022981  0.000000  0.004366  0.000000  0.000000  0.000000  0.000000  
0.000000  0.000965  0.002389  0.150272  0.180497  0.000000  2.217841  0.083094  0.158724  1.615741  1.154613  0.338715  0.557199  0.000000  1.000000  0.000000  0.000000  0.000000  0.000000  0.000000  0.004685  0.013022  0.424060  0.124595  0.372224  0.007992  0.055947  0.050137  0.346409  0.062700  0.190579  0.025126  0.047243  0.121518  0.130268  0.216325  0.167038  0.040031  0.000000  0.011575  0.000000  0.000000  0.000000  0.000000  
9.318193  0.000000  0.000065  0.039358  0.033297  0.000000  0.004704  0.000000  0.021117  0.023210  0.009247  0.000000  0.007114  0.000000  0.000000  1.000000  0.000368  0.017576  0.000000  0.000000  0.003496  0.000000  0.011870  0.021246  0.005124  0.001066  0.005544  0.013343  0.451893  0.010009  0.112408  0.002275  0.004064  0.028755  0.032380  0.018513  0.001906  0.000000  0.000000  0.008491  0.000000  0.000000  0.000000  0.000000  
525075.000000  0.000000  2.000000  5560.000000  5145.000000  0.000000  1740.000000  365.000000  2401.000000  875.000000  1502.000000  0.000000  912.000000  0.000000  0.000000  2372.000000  0.000000  2953.000000  0.000000  0.000000  544.000000  0.000000  610.000000  13627.000000  3016.000000  6.000000  684.000000  2433.000000  13783.000000  2134.000000  10211.000000  1577.000000  600.000000  5437.000000  1279.000000  4122.000000  2227.000000  0.000000  0.000000  1647.000000  0.000000  0.000000  0.000000  0.000000  
1.772184  0.000163  0.001085  0.065125  0.062337  0.000000  0.009094  0.021519  0.097148  0.044321  0.005479  0.001277  0.006356  0.000000  0.000000  0.020698  0.034884  1.000000  0.008294  0.000000  0.007292  0.000000  0.005755  0.080950  0.027004  0.000477  0.014081  0.038245  0.132136  0.015574  0.068853  0.005311  0.010275  0.028670  0.052382  0.029739  0.016853  0.000666  0.000000  0.018559  0.000000  0.000000  0.000000  0.000000  
12.552338  0.000000  0.001034  2.538270  1.200248  0.000000  0.178734  2.688457  5.116260  1.336781  0.133430  0.000000  0.092677  0.000000  0.000000  0.000000  0.000000  5.779479  1.000000  0.000000  0.002069  0.000000  1.273066  3.696111  0.787340  0.013446  0.169425  1.453455  2.461730  1.100331  1.808233  0.552338  0.413736  2.168597  1.194870  1.572818  0.359123  0.000000  0.000000  1.663012  0.000000  0.000000  0.000000  0.000000  
85833.000000  7.000000  0.000000  332.000000  832.000000  0.000000  73.000000  0.000000  1278.000000  0.000000  218.000000  0.000000  219.000000  0.000000  0.000000  0.000000  0.000000  4.000000  0.000000  0.000000  75.000000  0.000000  133.000000  5365.000000  424.000000  47.000000  160.000000  103.000000  410.000000  19.000000  2046.000000  82.000000  80.000000  57.000000  653.000000  1646.000000  272.000000  487.000000  0.000000  256.000000  0.000000  0.000000  0.000000  0.000000  
0.125010  0.000038  0.000018  0.018405  0.032787  0.000000  0.000000  0.000498  0.181030  0.004553  0.003558  0.000000  0.003349  0.000000  0.000000  0.000739  0.000000  0.001134  0.000000  0.000000  1.000000  0.012590  0.005048  0.027123  0.015496  0.001909  0.005612  0.024671  0.115085  0.007750  0.025535  0.003029  0.006989  0.011039  0.033449  0.020628  0.019543  0.000053  0.000000  0.001403  0.000000  0.000000  0.000000  0.000000  
0.050151  0.000068  0.000057  0.017794  0.048066  0.000000  0.000000  0.009123  0.131281  0.021275  0.003736  0.000000  0.003119  0.000000  0.000000  0.493475  0.000000  0.000262  0.000000  0.000000  0.125737  1.000000  0.012708  0.079558  0.068415  0.000560  0.008283  0.017324  0.188761  0.005620  0.043472  0.001988  0.004691  0.006535  0.034306  0.022829  0.042966  0.000000  0.000000  0.000664  0.000000  0.000000  0.000000  0.000000  
0.302934  0.000035  0.000030  0.015256  0.043409  0.000000  0.013731  0.028742  0.138668  0.061064  0.010990  0.001336  0.005402  0.000000  0.000000  0.000000  0.000000  0.006151  0.002968  0.000000  0.080767  0.006391  1.000000  0.015516  0.063458  0.000032  0.004192  0.010345  0.047833  0.001388  0.037667  0.001323  0.007524  0.007227  0.083473  0.025542  0.049161  0.000000  0.000000  0.001223  0.000000  0.000000  0.000000  0.000000  
0.045769  0.000061  0.000161  0.051758  0.070485  0.000000  0.008385  0.000649  0.165115  0.009978  0.006792  0.000000  0.005754  0.000000  0.000000  0.000000  0.000000  0.000011  0.000000  0.000000  0.014182  0.001893  0.007349  1.000000  0.004258  0.001875  0.007700  0.055890  0.052472  0.010894  0.035645  0.003476  0.004936  0.049329  0.022425  0.056098  0.016007  0.005069  0.000000  0.015914  0.000000  0.000000  0.000000  0.000000  
0.000000  0.001375  0.002664  0.415149  1.085625  0.000000  0.293263  0.061566  18.850103  0.290256  0.037979  0.000000  0.068697  0.000000  0.000000  0.000000  0.000000  0.013533  0.000000  0.000000  1.695351  0.000000  0.269161  0.350318  1.000000  0.010913  0.221816  0.325872  1.671464  0.134774  0.538881  0.087386  0.155052  0.212150  0.341983  0.260139  0.192946  0.721559  0.000000  0.029215  0.000000  0.000000  0.000000  0.000000  
1.156592  0.000000  0.000000  0.236470  0.610891  0.000000  14.230822  0.851655  1.459496  0.169811  0.047565  0.000000  0.051068  0.000000  0.000000  0.616202  0.000000  0.000000  0.000000  0.000000  0.211615  0.074907  0.678454  0.507965  1.324709  1.000000  0.051181  0.152638  0.864196  0.128234  0.572930  0.062366  0.053101  0.079087  0.340414  0.221557  0.546266  0.056604  0.000000  0.179754  0.000000  0.000000  0.000000  0.000000  
0.438588  0.000000  0.000000  8.536380  1.754859  0.000000  53.937519  134.760559  15.045181  26.584003  5.674774  2.571182  25.349546  0.000000  0.000000  0.000000  0.000000  0.000000  0.000000  0.000000  1.630711  0.000000  29.087006  1.393711  9.099013  0.087718  1.000000  6.292663  17.434111  0.579424  20.797293  0.933856  1.322886  1.680472  9.178691  10.781927  2.093314  0.330721  0.000000  0.249008  0.000000  0.000000  0.000000  0.000000  
0.000000  0.000000  0.192620  11.314391  6.109963  0.000000  37.483395  2.610332  26.880444  70.265686  85.214020  7.562362  81.007378  146.388931  6.778598  0.000000  0.000000  0.000000  0.000000  0.000000  0.419188  8.581550  0.090775  0.609594  13.053875  0.000000  3.166052  1.000000  35.943172  0.239114  10.136532  0.000000  0.000000  3.432472  13.663468  1.384502  24.711439  0.000000  0.000000  0.036162  0.000000  0.000000  0.000000  0.000000  
0.008519  0.001401  0.004342  0.550808  0.341125  0.000000  0.000000  0.007304  0.118408  0.017096  0.000000  0.000000  0.014456  0.000000  0.000000  0.000000  0.000000  0.029159  0.000000  0.000000  0.086967  0.000000  0.161194  0.509034  0.140950  0.001940  0.220950  0.457485  1.000000  0.093976  0.135415  0.030997  0.146741  0.385797  0.273792  0.422756  0.655809  0.000000  0.000000  0.015848  0.000000  0.000000  0.000000  0.000000  
105878.000000  466.000000  2463.000000  41525.000000  63398.000000  0.000000  0.000000  4904.000000  34088.000000  133.000000  0.000000  0.000000  5433.000000  0.000000  0.000000  78903.000000  12116.000000  409390.000000  170515.000000  0.000000  10364.000000  0.000000  8392.000000  8839.000000  3933.000000  341.000000  17506.000000  10441.000000  75963.000000  0.000000  19078.000000  1795.000000  6000.000000  28214.000000  4601.000000  7801.000000  82117.000000  0.000000  0.000000  15025.000000  0.000000  0.000000  0.000000  0.000000  
0.000000  0.142931  0.001038  7.645850  0.998152  0.000227  0.052529  0.008528  0.039137  0.116861  0.990726  0.014754  0.211608  0.318612  0.013067  0.000000  0.000000  0.002108  0.000000  0.000000  0.158106  0.002399  0.062127  0.158236  1.690661  0.007166  1.421401  2.833982  2.697341  0.116732  1.000000  0.355285  2.070655  0.240175  0.488586  0.350811  0.346855  0.005642  0.000000  0.013684  0.000000  0.000000  0.000000  0.000000  
6208.000000  140.000000  0.000000  75479.000000  5289.000000  0.000000  1765.000000  1477.000000  2551.000000  2606.000000  82.000000  2222.000000  1242.000000  0.000000  71573.000000  11645.000000  1515.000000  2593.000000  1065.000000  272.000000  1808.000000  17.000000  1509.000000  13113.000000  1010.000000  120.000000  1883.000000  3386.000000  24525.000000  4244.000000  3306.000000  0.000000  257994.000000  10260.000000  15286.000000  10808.000000  3314.000000  0.000000  0.000000  693.000000  0.000000  0.000000  0.000000  0.000000  
0.237619  0.000000  0.000000  13.769048  1.769524  0.000000  0.000000  0.536667  3.359048  1.021905  0.310000  0.535714  2.168571  0.000000  0.000000  0.000000  0.000000  0.000000  0.000000  0.000000  1.071429  0.030476  1.061905  4.359047  1.018095  0.015714  6.421429  12.763809  3.432381  0.560476  9.037143  2.545714  1.000000  6.144286  1.620476  4.023334  11.517619  0.000000  0.000000  0.345238  0.000000  0.000000  0.000000  0.000000  
0.016174  0.000957  0.000000  0.479478  0.709826  0.000000  0.043478  0.000000  0.031565  0.228522  0.037652  0.201652  1.417565  0.000000  0.000000  0.000000  0.000000  0.000000  0.000000  0.000000  0.545304  0.000000  0.191130  0.693304  0.034957  0.034174  3.174000  1.567652  0.449739  0.450609  2.300261  1.174522  0.304348  1.000000  0.251478  1.528087  0.707652  0.050000  0.000000  0.241304  0.000000  0.000000  0.000000  0.000000  
0.000120  0.000045  0.000072  0.002721  0.004880  0.000000  0.000000  0.000000  0.001287  0.000509  0.000428  0.000000  0.000797  0.000000  0.000000  0.000000  0.000000  0.000000  0.000000  0.000000  0.000365  0.000019  0.001361  0.026647  0.000165  0.000219  0.004832  0.003824  0.002766  0.007414  0.004272  0.000472  0.000512  0.030295  1.000000  0.176203  0.007836  0.000000  0.000000  0.010691  0.000000  0.000000  0.000000  0.000000  
0.030697  0.003387  0.001270  4.101448  1.049454  0.000000  0.000000  0.033703  0.683208  0.029850  0.205818  0.121136  0.156999  0.072445  0.008722  0.000000  0.000000  0.000000  0.000000  0.000000  0.071683  0.000550  0.189982  1.740706  0.391312  0.054746  0.440808  1.274663  0.730290  0.562325  0.483275  0.310229  0.093657  1.406131  0.543823  1.000000  2.112541  0.000000  0.000000  0.250910  0.000000  0.000000  0.000000  0.000000  
0.000000  0.000000  0.000000  0.000000  27257.000000  0.000000  0.000000  962.000000  7202.000000  0.000000  0.000000  0.000000  2400.000000  0.000000  0.000000  0.000000  0.000000  0.000000  0.000000  0.000000  0.000000  0.000000  37943.000000  2728.000000  339.000000  71.000000  271352.000000  60203.000000  2198.000000  0.000000  1010.000000  108.000000  0.000000  762.000000  37225.000000  162759.000000  0.000000  0.000000  0.000000  2590.000000  0.000000  0.000000  0.000000  0.000000  
272.000000  117.000000  0.000000  3531.000000  1792.000000  21.000000  111.000000  325.000000  618.000000  0.000000  0.000000  85.000000  87.000000  0.000000  0.000000  0.000000  0.000000  0.000000  0.000000  0.000000  334.000000  0.000000  254.000000  6361.000000  71.000000  1298.000000  1710.000000  2680.000000  1434.000000  0.000000  735.000000  29.000000  0.000000  2177.000000  2158.000000  21600.000000  4389.000000  0.000000  0.000000  222.000000  0.000000  0.000000  0.000000  0.000000  
37887.000000  77.000000  0.000000  50452.000000  25660.000000  0.000000  0.000000  1552.000000  135970.000000  363.000000  0.000000  134.000000  481.000000  0.000000  0.000000  27367.000000  7777.000000  17321.000000  2453.000000  0.000000  13497.000000  0.000000  1114.000000  8908.000000  4755.000000  989.000000  18068.000000  19653.000000  29420.000000  0.000000  7715.000000  744.000000  380.000000  2271.000000  17724.000000  25100.000000  22359.000000  0.000000  0.000000  3059.000000  0.000000  0.000000  0.000000  0.000000  
0.034390  0.000348  0.000000  0.297100  0.256363  0.000000  0.000000  0.011044  1.091716  0.019801  0.008499  0.024573  0.090959  0.000000  0.001485  0.000000  0.000000  0.012256  0.000000  0.000000  0.070310  0.003378  0.081354  0.551494  0.083490  0.011483  0.080293  0.181902  0.173903  0.052948  0.079187  0.010135  0.008847  0.208672  0.137953  0.756287  0.887165  0.016453  0.000000  1.000000  0.000000  0.000000  0.000000  0.000000  
22251.000000  883.000000  1355.000000  39532.000000  39271.000000  0.000000  19064.000000  6562.000000  24675.000000  52365.000000  19956.000000  4042.000000  44430.000000  57080.000000  111712.000000  8759.000000  1224.000000  6471.000000  2839.000000  0.000000  1779.000000  8825.000000  8859.000000  47365.000000  9476.000000  1526.000000  161576.000000  20151.000000  36432.000000  9450.000000  26173.000000  6951.000000  3415.000000  37142.000000  31462.000000  307743.000000  32100.000000  0.000000  0.000000  48266.000000  0.000000  0.000000  0.000000  0.000000  
6724.000000  910.000000  272.000000  6245.000000  6520.000000  446.000000  486.000000  1422.000000  2349.000000  3079.000000  0.000000  807.000000  1365.000000  0.000000  0.000000  1340.000000  187.000000  990.000000  436.000000  0.000000  988.000000  895.000000  4311.000000  31196.000000  489.000000  1388.000000  30803.000000  5234.000000  6691.000000  6036.000000  4382.000000  1085.000000  96.000000  8978.000000  18315.000000  24746.000000  24200.000000  0.000000  0.000000  6549.000000  0.000000  0.000000  0.000000  0.000000  
1777.000000  748.000000  1663.000000  8446.000000  9767.000000  0.000000  0.000000  1119.000000  7616.000000  0.000000  0.000000  2164.000000  1528.000000  0.000000  0.000000  0.000000  0.000000  0.000000  0.000000  0.000000  0.000000  0.000000  2336.000000  11039.000000  1624.000000  684.000000  15356.000000  3094.000000  4667.000000  1596.000000  5277.000000  325.000000  438.000000  7622.000000  5464.000000  28250.000000  3700.000000  0.000000  0.000000  12200.000000  0.000000  0.000000  0.000000  0.000000  
13326.000000  0.000000  0.000000  4671.000000  825.000000  0.000000  0.000000  41.000000  6018.000000  0.000000  0.000000  0.000000  0.000000  0.000000  0.000000  4719.000000  659.000000  3483.000000  1528.000000  0.000000  2516.000000  425.000000  1046.000000  13839.000000  103.000000  7.000000  463.000000  314.000000  4837.000000  47.000000  1028.000000  106.000000  81.000000  419.000000  1270.000000  1606.000000  0.000000  0.000000  0.000000  0.000000  0.000000  0.000000  0.000000  0.000000  
0.000024  0.022308  0.000916  0.000028  0.000100  0.031548  0.000031  0.000059  0.000031  0.000064  0.000075  0.000227  0.000071  0.000068  0.000151  0.000080  0.031548  0.000033  0.000454  0.031548  0.000023  0.000060  0.000050  0.000037  0.000207  0.000335  0.000318  0.000857  0.000048  0.031548  0.000180  0.031548  0.000688  0.000294  0.000024  0.000205  0.031548  0.031548  0.031548  0.000123  0.031548  0.031548  0.031548  0.031548  