1.000000  0.000000  0.000000  0.128910  0.079590  0.000000  0.002527  0.008591  0.417656  0.016474  0.018242  0.001617  0.018141  0.001819  0.042044  0.009045  0.219263  0.715094  0.007226  0.000505  0.016878  0.000455  0.010157  0.025974  0.010662  0.001415  0.142049  0.284653  0.501895  0.015918  0.038607  0.001920  0.029107  0.028602  0.021325  0.055283  0.000000  0.000000  0.058467  0.007226  0.007024  0.000000  0.000000  0.000000  
0.000000  0.000000  0.000000  0.000000  0.000000  0.000000  0.000000  0.000000  0.000000  0.000000  0.000000  0.000000  0.000000  0.000000  0.000000  0.000000  0.000000  0.000000  0.000000  0.000000  0.000000  0.000000  0.000000  0.000000  0.000000  0.000000  0.000000  0.000000  0.000000  0.000000  0.000000  0.000000  0.000000  0.000000  0.000000  0.000000  0.000000  0.000000  0.000000  0.000000  0.000000  0.000000  0.000000  0.000000  
0.000000  0.000000  0.000000  0.000000  0.000000  0.000000  0.000000  0.000000  0.000000  0.000000  0.000000  0.000000  0.000000  0.000000  0.000000  0.000000  0.000000  0.000000  0.000000  0.000000  0.000000  0.000000  0.000000  0.000000  0.000000  0.000000  0.000000  0.000000  0.000000  0.000000  0.000000  0.000000  0.000000  0.000000  0.000000  0.000000  0.000000  0.000000  0.000000  0.000000  0.000000  0.000000  0.000000  0.000000  
0.000000  0.000000  0.000000  1.000000  0.016215  0.000000  0.000898  0.053919  0.021770  0.008584  0.006003  0.000449  0.006116  0.000617  0.000224  0.000000  0.000000  0.000168  0.000112  0.000000  0.002244  0.000000  0.000112  0.010099  0.001234  0.000337  0.000561  0.002805  0.027268  0.001627  0.002749  0.002469  0.000224  0.003310  0.000954  0.006396  0.000000  0.000000  0.000000  0.000842  0.000842  0.000000  0.000000  0.000000  
0.000000  9.354680  0.000000  19.049261  1.000000  0.000000  0.167488  0.059113  0.403941  0.669951  1.197044  0.098522  1.201970  0.123153  0.049261  0.000000  0.000000  0.009852  0.064039  0.019704  0.054187  0.004926  0.014778  0.921182  0.266010  0.078818  12.280788  0.576355  2.275862  0.576355  0.586207  0.073892  0.078818  1.088670  0.290640  2.103448  0.000000  0.000000  0.000000  0.275862  0.266010  0.000000  0.000000  0.000000  
0.000000  0.000000  0.000000  0.000000  0.000000  0.000000  0.000000  0.000000  0.000000  0.000000  0.000000  0.000000  0.000000  0.000000  0.000000  0.000000  0.000000  0.000000  0.000000  0.000000  0.000000  0.000000  0.000000  0.000000  0.000000  0.000000  0.000000  0.000000  0.000000  0.000000  0.000000  0.000000  0.000000  0.000000  0.000000  0.000000  0.000000  0.000000  0.000000  0.000000  0.000000  0.000000  0.000000  0.000000  
0.000000  0.000000  0.000000  0.013437  0.035773  0.000000  1.000000  0.048665  0.040131  0.185400  0.033594  0.001090  0.106047  0.001453  0.000545  0.000000  0.000000  0.000182  0.000182  0.000000  0.000363  0.000000  0.002361  0.005811  0.003087  0.000726  0.005266  0.006719  0.369711  0.001634  0.016888  0.021064  0.011440  0.002724  0.001090  0.005266  0.000000  0.000000  0.000000  0.000726  0.000726  0.000000  0.000000  0.000000  
0.001867  0.029686  0.000000  0.180919  0.136296  0.000000  0.193988  1.000000  0.118745  0.127894  0.056385  0.004294  0.061987  0.005788  0.002240  0.000000  0.000000  0.000560  0.002054  0.000560  0.014376  0.000187  0.039395  0.145818  0.040142  0.003361  0.057506  0.048170  0.282674  0.020164  0.326363  0.022218  0.037901  0.036034  0.011202  0.069642  0.000000  0.000000  0.000000  0.009149  0.008775  0.000000  0.000000  0.000000  
0.027512  0.000000  0.000000  0.074642  0.053557  0.000000  0.011050  0.116699  1.000000  0.104860  0.018379  0.002368  0.018830  0.001691  0.000677  0.035630  0.009697  0.265757  0.041831  0.001353  0.005638  0.000113  0.012854  0.108355  0.176006  0.002481  0.028752  0.011501  0.093021  0.031120  0.039802  0.022212  0.067990  0.054798  0.013756  0.105987  0.000000  0.000000  0.000000  0.013869  0.013418  0.000000  0.000000  0.000000  
0.002133  0.000000  0.000000  0.033588  0.081571  0.000000  1.907233  0.053492  0.190332  1.000000  0.069131  0.018482  0.062733  0.002666  0.002310  0.000000  0.000000  0.001244  0.003377  0.001066  0.003199  0.000178  0.065754  0.097565  0.050826  0.003021  0.026835  0.028257  0.521237  0.023636  0.058468  0.015283  0.054558  0.041407  0.012618  0.080149  0.000000  0.000000  0.000000  0.010485  0.010130  0.000000  0.000000  0.000000  
0.000000  0.000000  0.000000  0.033713  0.063461  0.000000  0.991572  0.065444  0.161378  2.124690  1.000000  0.028508  0.511403  0.003718  0.199058  0.000000  0.000000  0.000744  0.008180  0.002479  0.027268  0.000992  0.000744  0.179227  0.274665  0.004710  0.035201  0.034457  0.791026  0.056272  0.069410  0.019584  0.111056  0.098413  0.026772  0.190382  0.000000  0.000000  0.000000  0.024789  0.024294  0.000000  0.000000  0.000000  
0.000000  0.000000  0.000000  0.020080  0.072289  0.000000  0.453815  0.080321  0.702811  1.361446  0.076305  1.000000  1.068273  0.008032  0.004016  0.000000  0.000000  0.000000  0.016064  0.004016  0.008032  0.000000  0.421687  0.337349  1.730924  0.048193  0.076305  0.040161  0.831325  0.100402  0.108434  0.028112  0.144578  0.176707  0.048193  0.341365  0.000000  0.000000  0.000000  0.044177  0.044177  0.000000  0.000000  0.000000  
0.000000  0.000370  0.000000  0.016839  0.047927  0.000000  0.979830  0.051073  0.218357  0.481310  0.167654  0.077720  1.000000  0.001480  0.000555  0.000000  0.000000  0.000185  0.004441  0.001295  0.024981  0.000185  0.050703  0.132124  0.077535  0.003146  0.024796  0.020540  0.365470  0.032198  0.026277  0.008697  0.042931  0.056440  0.015729  0.109178  0.000000  0.000000  0.000000  0.014249  0.013879  0.000000  0.000000  0.000000  
0.000000  0.000000  0.000000  0.010254  0.018555  0.000000  0.355469  0.041016  0.051758  0.123047  0.018555  0.025391  0.032715  1.000000  0.005371  0.000000  0.000000  0.000000  0.000977  0.000488  0.002930  0.000000  0.073730  0.018066  0.112305  0.000977  0.013672  0.011230  0.138184  0.007812  0.005859  0.002441  0.015137  0.014160  0.004395  0.027344  0.000000  0.000000  0.000000  0.003418  0.003418  0.000000  0.000000  0.000000  
0.047034  0.000000  0.000000  0.024285  0.071011  0.000000  0.854596  0.098063  0.203504  0.654165  0.582539  0.136182  0.309253  0.002459  1.000000  0.000000  0.000000  0.000307  0.003074  0.000922  0.108208  0.000000  0.223486  0.043345  0.080848  0.002459  0.034737  0.017830  0.327390  0.020289  0.014756  0.005841  0.040271  0.035352  0.010452  0.068245  0.000000  0.000000  0.000000  0.008915  0.008607  0.000000  0.000000  0.000000  
3.053366  0.000000  0.000000  0.007394  0.017911  0.000000  0.001056  0.007762  0.006108  0.095481  0.007670  0.000689  0.007624  0.000781  0.000321  1.000000  0.002388  0.014696  0.000827  0.000230  0.000505  0.000046  0.000092  0.029898  0.014099  0.000643  0.012768  0.006016  0.020759  0.006522  0.055525  0.011573  0.024295  0.011298  0.003950  0.021907  0.000000  0.000000  0.000000  0.002847  0.002802  0.000000  0.000000  0.000000  
9.150695  0.000713  0.000000  0.123976  0.066263  0.000000  0.044888  0.012113  0.165301  0.055219  0.015675  0.002138  0.014606  0.001425  0.000356  0.000000  1.000000  0.074100  0.004988  0.001425  0.002494  0.000000  0.057000  0.354471  0.189882  0.002494  0.037763  0.051657  0.171357  0.035981  0.351621  0.039188  0.080157  0.063413  0.020663  0.122551  0.000000  0.000000  0.000000  0.016031  0.015675  0.000000  0.000000  0.000000  
1.600289  0.000722  0.000000  0.059372  0.044059  0.000000  0.013579  0.017335  0.085013  0.072445  0.007440  0.000722  0.007295  0.000722  0.000289  0.095486  0.072084  1.000000  0.023691  0.000289  0.004045  0.000072  0.001878  0.173492  0.038064  0.000650  0.017190  0.018346  0.240159  0.006862  0.061033  0.011629  0.024413  0.012279  0.005128  0.023691  0.000000  0.000000  0.000000  0.003106  0.003034  0.000000  0.000000  0.000000  
2.420245  0.000000  0.000000  0.855828  0.533742  0.000000  0.018405  2.306748  0.493865  3.009202  0.153374  0.021472  0.144172  0.012270  0.006135  0.003067  0.000000  4.849693  1.000000  0.015337  0.024540  0.000000  0.242331  1.312883  0.190184  0.024540  0.469325  0.349693  1.352761  0.392638  1.168712  0.763804  0.365031  0.690184  0.184049  1.334356  0.000000  0.000000  0.000000  0.174847  0.168712  0.000000  0.000000  0.000000  
8.630997  0.000000  0.000000  0.088561  0.114391  0.000000  0.007380  0.003690  0.033210  0.664207  0.066421  0.011070  0.062731  0.007380  0.003690  0.000000  0.000000  0.000000  0.022140  1.000000  0.202952  0.000000  0.369004  0.837638  0.047970  0.011070  0.103321  0.092251  1.107011  0.162362  0.099631  0.055351  0.221402  0.284133  0.081181  0.549815  0.000000  0.000000  0.000000  0.070111  0.070111  0.000000  0.000000  0.000000  
0.066515  0.000050  0.000000  0.009481  0.016137  0.000000  0.000656  0.001462  0.057136  0.017953  0.005144  0.000656  0.004942  0.000454  0.000202  0.016288  0.000000  0.001412  0.001261  0.000353  1.000000  0.019516  0.003933  0.034039  0.019768  0.014322  0.005698  0.006808  0.061523  0.009178  0.009834  0.002219  0.020877  0.016087  0.004690  0.031114  0.000000  0.000000  0.000000  0.004085  0.003933  0.000000  0.000000  0.000000  
0.018646  0.000691  0.000000  0.026243  0.023481  0.000000  0.000691  0.000000  0.138122  0.140884  0.006906  0.000691  0.006215  0.000691  0.000000  0.306630  0.000000  0.017956  0.002072  0.000691  0.066989  1.000000  0.265193  0.077348  0.081492  0.017956  0.010359  0.015193  0.151243  0.015193  0.016575  0.004834  0.016575  0.027624  0.008287  0.053177  0.000000  0.000000  0.000000  0.006906  0.006906  0.000000  0.000000  0.000000  
0.399090  0.000284  0.000000  0.020893  0.044770  0.000000  0.039511  0.052302  0.179505  0.118960  0.014355  0.001563  0.015350  0.001279  0.000569  0.000000  0.000000  0.010802  0.002558  0.000853  0.251706  0.035105  1.000000  0.078312  0.145821  0.007391  0.018476  0.020466  0.238772  0.019045  0.077601  0.013644  0.041785  0.033115  0.009665  0.074758  0.000000  0.000000  0.000000  0.008385  0.008101  0.000000  0.000000  0.000000  
0.006677  0.000000  0.000000  0.015060  0.018990  0.000000  0.012692  0.003268  0.055598  0.026283  0.008524  0.010703  0.008288  0.000710  0.000284  0.000000  0.000000  0.007388  0.002841  0.000852  0.012029  0.006014  0.058865  1.000000  0.011318  0.001421  0.013355  0.011082  0.083065  0.017049  0.042101  0.006156  0.023821  0.029883  0.008145  0.063364  0.000000  0.000000  0.000000  0.023489  0.007340  0.000000  0.000000  0.000000  
0.156250  0.000000  0.000000  0.093750  0.208008  0.000000  0.013672  0.045898  4.613281  0.081055  0.050781  0.005859  0.048828  0.017578  0.001953  0.000000  0.000000  0.036133  0.009766  0.002930  0.234375  0.000000  0.000977  0.461914  1.000000  0.011719  0.052734  0.048828  0.240234  0.072266  0.077148  0.022461  0.139648  0.126953  0.035156  0.245117  0.000000  0.000000  0.000000  0.032227  0.031250  0.000000  0.000000  0.000000  
0.113772  0.000000  0.000000  0.143713  0.329341  0.000000  5.335330  0.329341  3.550898  0.670659  0.131737  0.017964  0.125749  0.011976  0.005988  0.053892  0.000000  0.000000  0.029940  0.005988  0.808383  0.000000  1.113773  2.011976  1.101796  1.000000  0.167665  0.209581  2.532934  0.191617  0.221557  0.059880  0.287425  0.341317  0.101796  0.664671  0.000000  0.000000  0.000000  0.083832  0.083832  0.000000  0.000000  0.000000  
5.371968  0.000000  0.000000  15.673855  1.350404  0.000000  15.377358  72.525604  9.663073  43.981133  7.380054  0.091644  32.929920  0.148248  0.005391  0.000000  0.000000  0.000000  0.296496  0.088949  3.005391  0.005391  36.576820  4.167116  3.053908  0.859838  1.000000  6.552561  32.212936  0.660377  17.061995  0.097035  0.590297  1.169811  0.671159  35.606468  0.000000  0.000000  0.000000  0.296496  0.288410  0.000000  0.000000  0.000000  
0.000000  0.000000  0.000000  0.713217  0.319202  0.000000  1.241895  0.172070  1.259352  2.533666  4.708230  0.279302  4.473815  7.458853  2.366584  0.000000  0.000000  0.000000  0.049875  0.014963  0.024938  0.000000  0.780549  0.578554  0.845387  0.022444  0.371571  1.000000  13.912718  0.266833  0.214464  0.072319  0.446384  0.466334  0.159601  0.902743  0.000000  0.000000  0.000000  0.117207  0.114713  0.000000  0.000000  0.000000  
0.000000  0.000000  0.000000  0.863500  0.342453  0.000000  0.062538  0.154841  0.295550  0.257066  0.282020  0.055322  0.248346  0.020144  0.007817  0.000000  0.000000  0.001804  0.153939  0.046302  0.184606  0.003007  0.068250  2.208358  0.746843  0.067048  1.822910  1.041792  1.000000  0.353277  3.695731  0.150631  0.497595  0.635298  0.228503  1.252255  0.000000  0.000000  0.000000  0.160253  0.155743  0.000000  0.000000  0.000000  
8.747863  0.000000  0.000000  1.324786  1.367521  0.000000  0.012821  0.055556  0.072650  0.068376  0.115385  0.017094  0.106838  0.008547  0.004274  13.517094  4.884615  13.230769  28.769230  0.012821  0.346154  0.000000  0.008547  1.111111  0.132479  0.034188  4.641026  0.149573  10.935898  1.000000  0.341880  0.119658  0.132479  1.760684  0.474359  3.410256  0.000000  0.000000  0.000000  2.440171  0.431624  0.000000  0.000000  0.000000  
0.000000  0.000000  0.000000  3.237856  0.061977  0.000000  0.005025  0.001675  0.123953  0.028476  0.048576  0.010050  0.041876  0.003350  0.331658  0.000000  0.000000  0.000000  0.030151  0.010050  0.015075  0.000000  0.030151  0.432161  0.835846  0.013400  0.819095  8.495812  3.517588  0.288107  1.000000  0.437186  0.038526  0.529313  0.554439  1.023451  0.000000  0.000000  0.000000  0.134003  0.128978  0.000000  0.000000  0.000000  
0.000000  0.000000  0.000000  1.290782  0.005385  0.000000  0.005702  0.001901  0.032626  0.025341  0.206842  0.077922  0.081723  0.003801  0.897054  0.000000  0.000000  0.000317  0.012354  0.003801  0.006335  0.000317  0.000634  0.157745  0.131137  0.006335  0.089325  0.020906  0.241368  0.091859  0.044979  1.000000  4.091543  0.162813  0.178334  0.314856  0.000000  0.000000  0.000000  0.041178  0.039911  0.000000  0.000000  0.000000  
0.000000  0.000000  0.000000  0.019939  0.006107  0.000000  0.001078  0.000359  0.005569  0.005569  0.009341  0.001976  0.008263  0.000719  0.014011  0.000000  0.000000  0.000000  0.005389  0.001617  0.002515  0.000180  0.000180  0.064667  0.012035  0.002335  0.109934  0.034309  0.028920  0.034669  0.209808  0.114424  1.000000  0.060715  0.016346  0.117478  0.000000  0.000000  0.000000  0.015269  0.014909  0.000000  0.000000  0.000000  
0.000000  0.000000  0.000000  1.110092  0.366972  0.000000  0.077982  0.022936  0.201835  0.311927  0.555046  0.055046  0.545872  0.055046  0.022936  0.000000  0.000000  0.004587  0.068807  0.022936  0.041284  0.000000  0.009174  0.926606  0.279817  0.050459  13.646789  1.178899  0.784404  0.568807  3.527523  0.509174  0.073394  1.000000  0.298165  1.931193  0.000000  0.000000  0.000000  0.252294  0.243119  0.000000  0.000000  0.000000  
0.000000  0.000000  0.000000  0.005482  0.004028  0.000000  0.000303  0.000091  0.001787  0.001726  0.002908  0.000606  0.002514  0.000212  0.000091  0.000000  0.000000  0.000030  0.001757  0.000545  0.000848  0.000030  0.000030  0.032228  0.001363  0.000757  0.022899  0.002151  0.006815  0.030229  0.010359  0.003604  0.003998  0.053158  1.000000  0.102832  0.000000  0.000000  0.000000  0.013509  0.013146  0.000000  0.000000  0.000000  
0.000000  0.000000  0.000000  0.080689  0.053271  0.000000  0.001175  0.000392  0.020760  0.013709  0.021543  0.007834  0.014884  0.000392  0.000392  0.000000  0.000000  0.000000  0.027810  0.008226  0.012534  0.000392  0.000000  2.994516  0.018018  0.010576  0.223267  0.028202  0.084606  0.273796  0.258519  0.032119  0.035644  0.479044  0.116334  1.000000  0.000000  0.000000  0.000000  0.336075  0.117901  0.000000  0.000000  0.000000  
0.000000  0.000000  0.000000  4800.000000  238100.000000  0.000000  0.000000  0.000000  1500.000000  800.000000  1300.000000  600.000000  800.000000  0.000000  0.000000  0.000000  0.000000  0.000000  2200.000000  600.000000  1000.000000  0.000000  0.000000  30600.000000  1000.000000  800.000000  2034400.000000  0.000000  5700.000000  19400.000000  7200.000000  2600.000000  2800.000000  38600.000000  114700.000000  71200.000000  0.000000  0.000000  0.000000  332900.000000  9300.000000  0.000000  0.000000  0.000000  
0.000000  0.000000  0.000000  1900.000000  200.000000  0.000000  100.000000  0.000000  200.000000  300.000000  500.000000  100.000000  400.000000  0.000000  0.000000  0.000000  0.000000  0.000000  200.000000  100.000000  100.000000  0.000000  0.000000  2700.000000  400.000000  100.000000  2900.000000  4900.000000  3600.000000  1500.000000  500.000000  200.000000  200.000000  2700.000000  700.000000  5300.000000  0.000000  0.000000  0.000000  700.000000  700.000000  0.000000  0.000000  0.000000  
0.000000  0.000000  0.000000  0.176287  0.109204  0.000000  0.329173  0.001560  0.109204  0.017161  0.029641  0.235569  0.026521  0.001560  0.001560  0.000000  0.000000  0.000000  0.015601  0.004680  0.007800  0.000000  0.000000  0.182527  0.021841  0.006240  0.265211  0.074883  0.213729  0.095164  0.032761  0.010920  0.012480  0.170047  0.049922  0.329173  0.000000  0.000000  1.000000  0.193448  0.042122  0.000000  0.000000  0.000000  
0.000000  0.000000  0.000000  0.421429  0.328571  0.000000  0.007857  0.002143  0.628571  0.059286  0.060000  0.295714  0.649286  0.005000  0.301429  0.000000  0.000000  0.000714  0.017143  0.005000  0.047857  0.135714  0.064286  0.313571  0.165714  0.049286  0.574286  0.320000  0.488571  0.155714  0.061429  0.018571  0.020714  0.274286  0.085714  0.562857  0.000000  0.000000  0.000000  1.000000  0.067143  0.000000  0.000000  0.000000  
2.108761  0.000000  0.000000  2.448641  1.929003  0.000000  0.265861  0.755287  6.185801  1.661631  1.854985  1.436556  1.716012  0.350453  2.929003  1.809668  1.755287  2.135952  1.247734  0.382175  3.148036  0.362538  0.052870  9.862537  2.063444  1.018127  19.031721  0.787009  10.777946  3.924471  7.806646  1.682779  1.129909  8.367069  0.998489  8.815710  3.113293  0.000000  13.575529  4.925982  1.000000  0.000000  0.000000  0.000000  
0.000000  0.000000  0.000000  0.000000  0.000000  0.000000  0.000000  0.000000  0.000000  0.000000  0.000000  0.000000  0.000000  0.000000  0.000000  0.000000  0.000000  0.000000  0.000000  0.000000  0.000000  0.000000  0.000000  0.000000  0.000000  0.000000  0.000000  0.000000  0.000000  0.000000  0.000000  0.000000  0.000000  0.000000  0.000000  0.000000  0.000000  0.000000  0.000000  0.000000  0.000000  0.000000  0.000000  0.000000  
0.000000  0.000000  0.000000  0.000000  0.000000  0.000000  0.000000  0.000000  0.000000  0.000000  0.000000  0.000000  0.000000  0.000000  0.000000  0.000000  0.000000  0.000000  0.000000  0.000000  0.000000  0.000000  0.000000  0.000000  0.000000  0.000000  0.000000  0.000000  0.000000  0.000000  0.000000  0.000000  0.000000  0.000000  0.000000  0.000000  0.000000  0.000000  0.000000  0.000000  0.000000  0.000000  0.000000  0.000000  
0.000000  0.000000  0.000000  1300.000000  900.000000  0.000000  0.000000  0.000000  900.000000  100.000000  200.000000  0.000000  200.000000  0.000000  0.000000  0.000000  0.000000  0.000000  100.000000  0.000000  0.000000  0.000000  0.000000  1200.000000  100.000000  0.000000  700.000000  500.000000  600.000000  800.000000  300.000000  100.000000  100.000000  1300.000000  300.000000  2600.000000  0.000000  0.000000  0.000000  1700.000000  300.000000  0.000000  0.000000  0.000000  
0.000022  0.031548  0.031548  0.000024  0.000221  0.031548  0.000043  0.000043  0.000033  0.000042  0.000050  0.000200  0.000043  0.000070  0.000055  0.000021  0.000060  0.000027  0.000175  0.000192  0.000022  0.000083  0.000038  0.000022  0.000099  0.000244  0.000164  0.000158  0.000055  0.000206  0.000129  0.000056  0.000042  0.000214  0.000017  0.000062  0.031548  0.031548  0.000125  0.000084  0.000123  0.031548  0.031548  0.031548  