1.000000  0.000000  0.000000  0.023810  0.054422  0.000000  0.000000  0.001701  0.163265  0.003401  0.001701  0.000000  0.000000  0.000000  0.000000  0.000000  0.096939  0.566327  0.000000  0.000000  0.015306  0.000000  0.005102  0.005102  0.001701  0.000000  0.103741  0.059524  0.018707  0.011905  0.044218  0.000000  0.000000  0.017007  0.017007  0.000000  0.000000  0.000000  0.000000  0.000000  0.000000  0.000000  0.000000  0.000000  
0.000000  0.000000  0.000000  0.000000  0.000000  0.000000  0.000000  0.000000  0.000000  0.000000  0.000000  0.000000  0.000000  0.000000  0.000000  0.000000  0.000000  0.000000  0.000000  0.000000  0.000000  0.000000  0.000000  0.000000  0.000000  0.000000  0.000000  0.000000  0.000000  0.000000  0.000000  0.000000  0.000000  0.000000  0.000000  0.000000  0.000000  0.000000  0.000000  0.000000  0.000000  0.000000  0.000000  0.000000  
0.000000  0.000000  0.000000  0.000000  0.000000  0.000000  0.000000  0.000000  0.000000  0.000000  0.000000  0.000000  0.000000  0.000000  0.000000  0.000000  0.000000  0.000000  0.000000  0.000000  0.000000  0.000000  0.000000  0.000000  0.000000  0.000000  0.000000  0.000000  0.000000  0.000000  0.000000  0.000000  0.000000  0.000000  0.000000  0.000000  0.000000  0.000000  0.000000  0.000000  0.000000  0.000000  0.000000  0.000000  
0.000000  0.000000  0.000000  0.000000  0.000000  0.000000  0.000000  0.000000  0.000000  0.000000  0.000000  0.000000  0.000000  0.000000  0.000000  0.000000  0.000000  0.000000  0.000000  0.000000  0.000000  0.000000  0.000000  0.000000  0.000000  0.000000  0.000000  0.000000  0.000000  0.000000  0.000000  0.000000  0.000000  0.000000  0.000000  0.000000  0.000000  0.000000  0.000000  0.000000  0.000000  0.000000  0.000000  0.000000  
0.000000  0.000000  0.006231  0.044393  1.000000  0.000000  0.000000  0.000000  0.000000  0.007009  0.000000  0.000000  0.056075  0.000000  0.000000  0.000000  0.000000  0.000000  0.000000  0.000000  0.000000  0.000000  0.000000  0.000000  0.000000  0.000000  0.074766  0.063863  0.021807  0.000000  0.014798  0.000000  0.000000  0.033489  0.025701  0.000000  0.000000  0.000000  0.000000  0.000000  0.000000  0.000000  0.000000  0.000000  
0.000000  0.000000  0.000000  0.000000  0.000000  0.000000  0.000000  0.000000  0.000000  0.000000  0.000000  0.000000  0.000000  0.000000  0.000000  0.000000  0.000000  0.000000  0.000000  0.000000  0.000000  0.000000  0.000000  0.000000  0.000000  0.000000  0.000000  0.000000  0.000000  0.000000  0.000000  0.000000  0.000000  0.000000  0.000000  0.000000  0.000000  0.000000  0.000000  0.000000  0.000000  0.000000  0.000000  0.000000  
0.000000  0.027412  1.195045  0.125725  0.638376  0.000000  1.000000  0.193727  0.060358  0.145493  0.283606  0.000000  0.008962  0.000000  0.000000  0.000000  0.000000  0.000000  0.000000  0.000000  0.009489  0.000000  0.005271  0.023458  0.000000  0.000000  0.000791  0.000000  0.076964  0.000000  0.236953  0.000000  0.000000  0.002372  0.037428  0.000000  0.000000  0.000000  0.000000  0.000000  0.000000  0.000000  0.000000  0.000000  
0.000000  0.023585  0.000000  0.099057  0.476415  0.000000  0.250000  1.000000  0.009434  0.033019  0.481132  0.000000  0.000000  0.000000  0.000000  0.000000  0.000000  0.000000  0.000000  0.000000  0.000000  0.000000  0.000000  0.183962  0.000000  0.000000  0.047170  0.127358  0.146226  0.042453  0.127358  0.000000  0.000000  0.226415  0.047170  0.000000  0.000000  0.000000  0.000000  0.000000  0.000000  0.000000  0.000000  0.000000  
0.000000  0.002915  0.000000  0.046647  0.029155  0.000000  0.000000  0.000000  1.000000  0.019679  0.047376  0.000000  0.003644  0.000000  0.000000  0.000000  0.000000  0.000000  0.000000  0.000000  0.000000  0.000000  0.000000  0.003644  0.000000  0.000000  0.016035  0.016035  0.027697  0.011662  0.016035  0.000000  0.000000  0.063411  0.008017  0.000000  0.000000  0.000000  0.000000  0.000000  0.000000  0.000000  0.000000  0.000000  
0.000000  0.500000  0.000000  0.444444  2.944444  0.000000  30.888889  0.611111  0.166667  1.000000  4.833333  0.000000  0.555556  0.000000  0.000000  0.000000  0.000000  0.000000  0.000000  0.000000  0.000000  0.000000  0.111111  0.166667  0.000000  0.000000  0.444444  0.722222  1.777778  0.000000  1.166667  0.000000  0.000000  0.833333  0.444444  0.000000  0.000000  0.000000  0.000000  0.000000  0.000000  0.000000  0.000000  0.000000  
0.000000  0.000000  0.000000  0.000000  0.105431  0.000000  2.492013  0.035144  0.012780  0.102236  1.000000  0.000000  0.079872  0.191693  0.000000  0.000000  0.000000  0.000000  0.000000  0.000000  0.000000  0.000000  0.000000  0.012780  0.000000  0.000000  0.092652  0.182109  0.204473  0.044728  0.102236  0.000000  0.000000  0.226837  0.057508  0.000000  0.000000  0.000000  0.000000  0.000000  0.000000  0.000000  0.000000  0.000000  
0.000000  0.000000  0.000000  0.000000  0.000000  0.000000  0.000000  0.000000  0.000000  0.000000  0.000000  0.000000  0.000000  0.000000  0.000000  0.000000  0.000000  0.000000  0.000000  0.000000  0.000000  0.000000  0.000000  0.000000  0.000000  0.000000  0.000000  0.000000  0.000000  0.000000  0.000000  0.000000  0.000000  0.000000  0.000000  0.000000  0.000000  0.000000  0.000000  0.000000  0.000000  0.000000  0.000000  0.000000  
0.000000  0.000000  0.000000  0.000000  0.080000  0.000000  2.480000  0.000000  0.800000  0.240000  0.440000  0.000000  1.000000  0.000000  0.000000  0.000000  0.000000  0.000000  0.000000  0.000000  0.000000  0.000000  0.000000  0.000000  0.000000  0.000000  0.040000  0.040000  0.240000  0.000000  0.120000  0.000000  0.000000  0.400000  0.040000  0.000000  0.000000  0.000000  0.000000  0.000000  0.000000  0.000000  0.000000  0.000000  
0.000000  0.000000  0.000000  0.000000  0.017699  0.000000  0.035398  0.000000  0.017699  0.017699  0.017699  0.000000  0.000000  1.000000  0.000000  0.000000  0.000000  0.000000  0.000000  0.000000  0.000000  0.000000  0.000000  0.008850  0.017699  0.000000  0.000000  0.000000  0.035398  0.008850  0.026549  0.000000  0.000000  0.000000  0.000000  0.000000  0.000000  0.000000  0.000000  0.000000  0.000000  0.000000  0.000000  0.000000  
0.000000  0.000000  0.000000  0.000000  0.000000  0.000000  0.000000  0.000000  0.000000  0.000000  0.000000  0.000000  0.000000  0.000000  0.000000  0.000000  0.000000  0.000000  0.000000  0.000000  0.000000  0.000000  0.000000  0.000000  0.000000  0.000000  0.000000  0.000000  0.000000  0.000000  0.000000  0.000000  0.000000  0.000000  0.000000  0.000000  0.000000  0.000000  0.000000  0.000000  0.000000  0.000000  0.000000  0.000000  
24.583334  0.000000  0.000000  0.333333  0.583333  0.000000  0.000000  0.000000  0.000000  0.833333  0.000000  0.000000  0.000000  0.000000  0.000000  1.000000  0.000000  0.000000  0.000000  0.000000  0.000000  0.000000  0.000000  0.000000  0.000000  0.000000  0.083333  0.083333  1.750000  0.083333  0.333333  0.000000  0.000000  0.166667  0.250000  0.000000  0.000000  0.000000  0.000000  0.000000  0.000000  0.000000  0.000000  0.000000  
1170.000000  0.000000  0.000000  0.000000  21.000000  0.000000  0.000000  17.000000  3.000000  0.000000  0.000000  0.000000  0.000000  0.000000  0.000000  0.000000  0.000000  0.000000  0.000000  0.000000  0.000000  0.000000  0.000000  17.000000  0.000000  0.000000  9.000000  9.000000  10.000000  1.000000  27.000000  0.000000  0.000000  4.000000  7.000000  0.000000  0.000000  0.000000  0.000000  0.000000  0.000000  0.000000  0.000000  0.000000  
0.703876  0.000000  0.000000  0.012403  0.057364  0.000000  0.000000  0.009302  0.000000  0.004651  0.000000  0.000000  0.000000  0.000000  0.000000  0.007752  0.015504  1.000000  0.003101  0.000000  0.000000  0.000000  0.000000  0.009302  0.006202  0.000000  0.023256  0.024806  0.128682  0.006202  0.020155  0.000000  0.000000  0.034109  0.015504  0.000000  0.000000  0.000000  0.000000  0.000000  0.000000  0.000000  0.000000  0.000000  
59.750000  0.250000  0.000000  0.000000  5.125000  0.000000  0.000000  0.250000  0.500000  2.750000  0.000000  0.000000  0.000000  0.000000  0.000000  0.000000  0.000000  17.250000  1.000000  0.000000  0.000000  0.000000  0.250000  4.375000  0.000000  0.000000  3.375000  3.000000  5.625000  2.250000  2.500000  0.000000  0.000000  9.375000  1.750000  0.000000  0.000000  0.000000  0.000000  0.000000  0.000000  0.000000  0.000000  0.000000  
0.000000  0.000000  0.000000  0.000000  0.000000  0.000000  0.000000  0.000000  0.000000  0.000000  0.000000  0.000000  0.000000  0.000000  0.000000  0.000000  0.000000  0.000000  0.000000  0.000000  0.000000  0.000000  0.000000  0.000000  0.000000  0.000000  0.000000  0.000000  0.000000  0.000000  0.000000  0.000000  0.000000  0.000000  0.000000  0.000000  0.000000  0.000000  0.000000  0.000000  0.000000  0.000000  0.000000  0.000000  
0.000000  0.000000  0.000000  0.000000  0.020408  0.000000  0.000000  0.000000  0.000000  0.000000  0.000000  0.000000  0.000000  0.000000  0.000000  0.000000  0.000000  0.000000  0.000000  0.000000  1.000000  0.000000  0.000000  0.010204  0.000000  0.000000  0.006803  0.010204  0.044218  0.000000  0.010204  0.000000  0.000000  0.034014  0.006803  0.000000  0.000000  0.000000  0.000000  0.000000  0.000000  0.000000  0.000000  0.000000  
0.000000  0.000000  0.000000  0.000000  0.000000  0.000000  0.000000  0.000000  0.000000  0.000000  0.000000  0.000000  0.000000  0.000000  0.000000  0.000000  0.000000  0.000000  0.000000  0.000000  0.000000  0.000000  0.000000  0.000000  0.000000  0.000000  0.000000  0.000000  0.000000  0.000000  0.000000  0.000000  0.000000  0.000000  0.000000  0.000000  0.000000  0.000000  0.000000  0.000000  0.000000  0.000000  0.000000  0.000000  
0.480000  0.000000  0.000000  0.000000  0.070000  0.000000  0.080000  0.040000  0.010000  0.170000  0.000000  0.000000  0.000000  0.000000  0.000000  0.000000  0.000000  0.000000  0.000000  0.000000  0.120000  0.000000  1.000000  0.000000  0.080000  0.000000  0.040000  0.040000  0.200000  0.020000  0.070000  0.000000  0.000000  0.070000  0.030000  0.000000  0.000000  0.000000  0.000000  0.000000  0.000000  0.000000  0.000000  0.000000  
0.000000  0.000000  0.000000  0.000000  0.068493  0.000000  0.013699  0.000000  0.027397  0.000000  0.000000  0.000000  0.000000  0.000000  0.000000  0.000000  0.000000  0.000000  0.000000  0.000000  0.013699  0.000000  0.000000  1.000000  0.000000  0.000000  0.027397  0.041096  0.041096  0.013699  0.027397  0.000000  0.000000  0.095890  0.027397  0.000000  0.000000  0.000000  0.000000  0.000000  0.000000  0.000000  0.000000  0.000000  
0.000000  4.000000  0.000000  17.000000  170.000000  0.000000  0.000000  0.000000  2653.000000  12.000000  116.000000  0.000000  0.000000  0.000000  0.000000  0.000000  0.000000  0.000000  0.000000  0.000000  303.000000  0.000000  0.000000  21.000000  0.000000  0.000000  32.000000  46.000000  55.000000  49.000000  49.000000  0.000000  0.000000  229.000000  30.000000  0.000000  0.000000  0.000000  0.000000  0.000000  0.000000  0.000000  0.000000  0.000000  
0.000000  0.000000  0.000000  0.000000  0.000000  0.000000  0.000000  0.000000  0.000000  0.000000  0.000000  0.000000  0.000000  0.000000  0.000000  0.000000  0.000000  0.000000  0.000000  0.000000  0.000000  0.000000  0.000000  0.000000  0.000000  0.000000  0.000000  0.000000  0.000000  0.000000  0.000000  0.000000  0.000000  0.000000  0.000000  0.000000  0.000000  0.000000  0.000000  0.000000  0.000000  0.000000  0.000000  0.000000  
115.000000  0.000000  0.000000  27.000000  82.000000  0.000000  153.000000  876.000000  0.000000  490.000000  77.000000  0.000000  315.000000  0.000000  0.000000  0.000000  0.000000  0.000000  0.000000  0.000000  16.000000  0.000000  35.000000  23.000000  20.000000  0.000000  0.000000  87.000000  116.000000  6.000000  122.000000  0.000000  0.000000  81.000000  58.000000  0.000000  0.000000  0.000000  0.000000  0.000000  0.000000  0.000000  0.000000  0.000000  
0.000000  0.000000  0.000000  0.000000  4.250000  0.000000  4.750000  0.500000  2.000000  12.750000  15.000000  0.000000  0.000000  29.500000  0.000000  0.000000  0.000000  0.000000  0.000000  0.000000  20.250000  0.000000  0.500000  0.500000  4.750000  0.000000  0.500000  1.000000  1.500000  0.500000  2.500000  0.000000  0.000000  1.750000  3.250000  0.000000  0.000000  0.000000  0.000000  0.000000  0.000000  0.000000  0.000000  0.000000  
0.000000  0.000000  0.000000  106.000000  47.000000  0.000000  0.000000  0.000000  3.000000  0.000000  38.000000  0.000000  0.000000  0.000000  0.000000  0.000000  0.000000  0.000000  0.000000  0.000000  0.000000  0.000000  2.000000  184.000000  15.000000  0.000000  30.000000  70.000000  0.000000  3.000000  19.000000  0.000000  0.000000  68.000000  15.000000  0.000000  0.000000  0.000000  0.000000  0.000000  0.000000  0.000000  0.000000  0.000000  
0.000000  0.000000  0.000000  0.000000  123.000000  0.000000  0.000000  12.000000  105.000000  54.000000  0.000000  0.000000  13.000000  0.000000  0.000000  0.000000  0.000000  0.000000  0.000000  0.000000  11.000000  0.000000  0.000000  0.000000  0.000000  0.000000  129.000000  0.000000  168.000000  0.000000  0.000000  0.000000  0.000000  158.000000  77.000000  0.000000  0.000000  0.000000  0.000000  0.000000  0.000000  0.000000  0.000000  0.000000  
0.000000  0.000000  0.000000  108.000000  47.000000  0.000000  0.000000  5.000000  4.000000  14.000000  64.000000  0.000000  7.000000  20.000000  0.000000  0.000000  0.000000  0.000000  0.000000  0.000000  3.000000  0.000000  13.000000  0.000000  23.000000  0.000000  6.000000  43.000000  8.000000  0.000000  0.000000  0.000000  0.000000  16.000000  20.000000  0.000000  0.000000  0.000000  0.000000  0.000000  0.000000  0.000000  0.000000  0.000000  
0.000000  0.000000  0.000000  24.000000  0.000000  0.000000  0.000000  0.000000  0.000000  1.000000  0.000000  0.000000  1.000000  8.000000  0.000000  0.000000  0.000000  0.000000  0.000000  0.000000  0.000000  0.000000  0.000000  1.000000  1.000000  0.000000  3.000000  0.000000  1.000000  3.000000  2.000000  0.000000  21.000000  4.000000  8.000000  7.000000  0.000000  0.000000  0.000000  0.000000  0.000000  0.000000  0.000000  0.000000  
0.000000  0.000000  0.000000  0.000000  15.000000  0.000000  0.000000  0.000000  4.000000  0.000000  0.000000  0.000000  0.000000  0.000000  0.000000  0.000000  0.000000  0.000000  0.000000  0.000000  1.000000  0.000000  1.000000  19.000000  12.000000  0.000000  0.000000  3.000000  2.000000  0.000000  0.000000  0.000000  0.000000  17.000000  9.000000  17.000000  0.000000  0.000000  0.000000  0.000000  0.000000  0.000000  0.000000  0.000000  
0.000000  0.000000  0.000000  0.000000  12.000000  0.000000  1.000000  0.000000  1.000000  4.000000  6.000000  0.000000  7.000000  5.000000  0.000000  0.000000  0.000000  0.000000  0.000000  0.000000  5.000000  0.000000  2.000000  41.000000  6.000000  0.000000  18.000000  14.000000  0.000000  0.000000  13.000000  0.000000  0.000000  0.000000  15.000000  0.000000  0.000000  0.000000  0.000000  0.000000  0.000000  0.000000  0.000000  0.000000  
0.000000  0.000000  0.000000  0.000000  0.014272  0.000000  0.000000  0.000000  0.003330  0.007136  0.000000  0.000000  0.000000  0.000000  0.000000  0.000000  0.000000  0.000476  0.000000  0.000000  0.000476  0.000000  0.000000  0.035680  0.000000  0.000000  0.025690  0.002854  0.006185  0.008088  0.010466  0.000000  0.000476  0.053283  1.000000  0.352997  0.000000  0.000000  0.000951  0.000000  0.000000  0.000000  0.000000  0.000000  
0.666667  0.000000  0.000000  0.000000  4.555555  0.000000  0.000000  0.333333  2.000000  0.000000  0.000000  0.000000  0.000000  0.000000  0.000000  0.000000  0.000000  0.000000  0.000000  0.000000  0.000000  0.000000  1.222222  6.000000  0.666667  0.000000  1.000000  0.444444  1.111111  0.111111  0.333333  0.000000  0.000000  1.888889  0.888889  1.000000  0.000000  0.000000  0.000000  0.000000  0.000000  0.000000  0.000000  0.000000  
0.000000  0.000000  0.000000  0.000000  0.000000  0.000000  0.000000  0.000000  0.000000  0.000000  0.000000  0.000000  0.000000  0.000000  0.000000  0.000000  0.000000  0.000000  0.000000  0.000000  0.000000  0.000000  0.000000  0.000000  0.000000  0.000000  297.000000  0.000000  0.000000  0.000000  0.000000  0.000000  0.000000  0.000000  41.000000  2.000000  0.000000  0.000000  0.000000  0.000000  0.000000  0.000000  0.000000  0.000000  
0.000000  0.000000  0.000000  0.000000  0.000000  0.000000  0.000000  0.000000  0.000000  0.000000  0.000000  0.000000  0.000000  0.000000  0.000000  0.000000  0.000000  0.000000  0.000000  0.000000  0.000000  0.000000  0.000000  0.000000  0.000000  0.000000  0.000000  0.000000  0.000000  0.000000  0.000000  0.000000  0.000000  0.000000  0.000000  0.000000  0.000000  0.000000  0.000000  0.000000  0.000000  0.000000  0.000000  0.000000  
8.000000  0.000000  0.000000  0.000000  55.000000  0.000000  33.000000  7.000000  78.000000  9.000000  14.000000  0.000000  5.000000  0.000000  0.000000  19.000000  8.000000  18.000000  4.000000  0.000000  8.000000  0.000000  0.000000  5.000000  7.000000  0.000000  14.000000  2.000000  39.000000  0.000000  3.000000  0.000000  0.000000  24.000000  2.000000  38.000000  0.000000  0.000000  0.000000  0.000000  0.000000  0.000000  0.000000  0.000000  
0.000000  0.000000  0.000000  0.000000  0.000000  0.000000  0.000000  0.000000  0.000000  0.000000  0.000000  0.000000  0.000000  0.000000  0.000000  0.000000  0.000000  0.000000  0.000000  0.000000  0.000000  0.000000  0.000000  0.000000  0.000000  0.000000  0.000000  0.000000  0.000000  0.000000  0.000000  0.000000  0.000000  0.000000  0.000000  0.000000  0.000000  0.000000  0.000000  0.000000  0.000000  0.000000  0.000000  0.000000  
7.000000  0.000000  0.000000  0.000000  69.000000  0.000000  1.000000  5.000000  13.000000  17.000000  85.000000  0.000000  12.000000  71.000000  0.000000  11.000000  4.000000  11.000000  2.000000  0.000000  13.000000  0.000000  2.000000  37.000000  2.000000  0.000000  96.000000  7.000000  9.000000  13.000000  36.000000  0.000000  2.000000  30.000000  18.000000  80.000000  28.000000  0.000000  6.000000  0.000000  0.000000  0.000000  0.000000  0.000000  
0.000000  0.000000  0.000000  0.000000  0.000000  0.000000  0.000000  0.000000  0.000000  0.000000  0.000000  0.000000  0.000000  0.000000  0.000000  0.000000  0.000000  0.000000  0.000000  0.000000  0.000000  0.000000  0.000000  0.000000  0.000000  0.000000  0.000000  0.000000  0.000000  0.000000  0.000000  0.000000  0.000000  0.000000  0.000000  0.000000  0.000000  0.000000  0.000000  0.000000  0.000000  0.000000  0.000000  0.000000  
0.000000  0.000000  0.000000  0.000000  0.000000  0.000000  0.000000  0.000000  0.000000  0.000000  0.000000  0.000000  0.000000  0.000000  0.000000  0.000000  0.000000  0.000000  0.000000  0.000000  0.000000  0.000000  0.000000  0.000000  0.000000  0.000000  0.000000  0.000000  0.000000  0.000000  0.000000  0.000000  0.000000  0.000000  0.000000  0.000000  0.000000  0.000000  0.000000  0.000000  0.000000  0.000000  0.000000  0.000000  
0.000000  0.000000  0.000000  0.000000  0.000000  0.000000  0.000000  0.000000  0.000000  0.000000  0.000000  0.000000  0.000000  0.000000  0.000000  0.000000  0.000000  0.000000  0.000000  0.000000  0.000000  0.000000  0.000000  0.000000  0.000000  0.000000  0.000000  0.000000  0.000000  0.000000  0.000000  0.000000  0.000000  0.000000  0.000000  0.000000  0.000000  0.000000  0.000000  0.000000  0.000000  0.000000  0.000000  0.000000  
0.001301  0.031548  0.031548  0.031548  0.000880  0.031548  0.000512  0.002167  0.000852  0.007436  0.001783  0.031548  0.006310  0.002968  0.031548  0.009107  0.031548  0.001242  0.011154  0.031548  0.001840  0.031548  0.003155  0.002611  0.031548  0.031548  0.031548  0.015774  0.031548  0.031548  0.031548  0.031548  0.031548  0.031548  0.000688  0.010516  0.031548  0.031548  0.031548  0.031548  0.031548  0.031548  0.031548  0.031548  