1.000000  0.003971  0.000000  0.564734  0.240667  0.000000  0.006354  0.306593  1.071485  0.064337  0.232724  0.000000  0.001589  0.033360  0.066720  0.028594  0.069897  3.962669  0.000000  0.000000  0.079428  0.000000  0.213662  0.069897  0.077045  0.000000  0.359809  0.000000  0.756950  0.000000  0.303415  0.056394  0.000000  0.065131  0.713265  0.000000  0.000000  0.000000  0.000000  0.000000  0.000000  0.000000  0.000000  0.000000  
0.000000  1.000000  0.007547  0.173585  1.290566  0.000000  1.460377  0.105660  0.260377  0.826415  1.841509  0.003774  0.622642  0.000000  0.000000  0.000000  0.000000  0.000000  0.000000  0.000000  0.192453  0.000000  0.403774  0.071698  0.249057  0.003774  1.320755  0.000000  0.196226  0.000000  1.071698  0.000000  0.000000  0.060377  0.184906  0.000000  0.000000  0.000000  0.000000  0.000000  0.000000  0.000000  0.000000  0.000000  
0.000000  267.750000  1.000000  4.750000  20.000000  0.000000  0.000000  0.750000  6.500000  2.250000  4.000000  0.000000  0.000000  0.000000  0.000000  0.000000  0.000000  0.250000  0.000000  0.000000  0.000000  0.000000  0.000000  0.250000  0.500000  0.000000  0.000000  0.000000  0.250000  0.000000  50.750000  0.000000  0.000000  0.000000  10.500000  0.000000  0.000000  0.000000  0.000000  0.000000  0.000000  0.000000  0.000000  0.000000  
0.000124  0.000618  0.000000  1.000000  0.008406  0.000000  0.010755  0.000989  0.067870  0.015577  0.020769  0.002967  0.003956  0.000000  0.000000  0.000247  0.000000  0.001607  0.000000  0.000000  0.000000  0.000000  0.000865  0.003214  0.001483  0.000000  0.000494  0.000000  0.004821  0.000000  0.007665  0.013846  0.000000  0.001113  0.061318  0.000000  0.000000  0.000000  0.000000  0.000000  0.000000  0.000000  0.000000  0.000000  
0.031646  11.917722  0.199367  4.250000  1.000000  0.000000  0.537975  0.686709  0.367089  1.117089  0.696203  0.107595  2.325949  0.034810  0.009494  0.000000  0.000000  0.000000  0.000000  0.000000  0.142405  0.009494  0.034810  0.300633  0.145570  0.161392  2.446203  0.000000  0.474684  0.000000  1.490506  0.015823  0.000000  0.329114  5.101266  0.000000  0.000000  0.000000  0.000000  0.000000  0.000000  0.000000  0.000000  0.000000  
0.000000  0.000000  0.000000  0.000000  0.000000  0.000000  0.000000  0.000000  0.000000  0.000000  0.000000  0.000000  0.000000  0.000000  0.000000  0.000000  0.000000  0.000000  0.000000  0.000000  0.000000  0.000000  0.000000  0.000000  0.000000  0.000000  0.000000  0.000000  0.000000  0.000000  0.000000  0.000000  0.000000  0.000000  0.000000  0.000000  0.000000  0.000000  0.000000  0.000000  0.000000  0.000000  0.000000  0.000000  
0.000000  0.022179  0.043376  0.053844  0.097023  0.000000  1.000000  0.046385  0.025384  0.190906  0.051881  0.000916  0.016552  0.008963  0.004449  0.000000  0.000000  0.000000  0.000000  0.000000  0.000720  0.000000  0.003075  0.008505  0.012692  0.000327  0.001636  0.000000  0.104743  0.000000  0.061629  0.009356  0.000000  0.003075  0.185999  0.000000  0.000000  0.000000  0.000000  0.000000  0.000000  0.000000  0.000000  0.000000  
0.010846  0.207520  0.023861  0.723789  0.380333  0.000000  0.195228  1.000000  0.417209  0.308749  0.331164  0.008677  0.013738  0.020969  0.000000  0.000723  0.000723  0.002169  0.000000  0.000000  0.175705  0.000000  0.060014  0.245842  0.082429  0.013738  0.108460  0.000000  0.116414  0.000000  1.176428  0.010123  0.000000  0.040492  0.869125  0.000000  0.000000  0.000000  0.000000  0.000000  0.000000  0.000000  0.000000  0.000000  
0.030403  0.032467  0.018297  0.268125  0.141285  0.000000  0.117210  0.066584  1.000000  0.118448  0.071124  0.001926  0.002064  0.000413  0.000138  0.015133  0.005640  0.083368  0.002751  0.000000  0.038245  0.001238  0.012794  0.197414  0.081167  0.002751  0.012932  0.000000  0.065208  0.000000  0.166598  0.022837  0.000000  0.014995  0.555235  0.000000  0.000000  0.000000  0.000000  0.000000  0.000000  0.000000  0.000000  0.000000  
0.000000  0.085456  0.152013  0.492194  0.495481  0.000000  5.464256  0.310600  0.430567  1.000000  0.697617  0.073952  0.082169  0.027116  0.014790  0.000000  0.000000  0.000000  0.000000  0.000000  0.061627  0.007395  0.086278  0.265407  0.273624  0.154478  0.216927  0.000000  0.778143  0.000000  0.536565  0.033689  0.000000  0.092851  1.605587  0.000000  0.000000  0.000000  0.000000  0.000000  0.000000  0.000000  0.000000  0.000000  
0.000000  0.007826  0.003768  0.108116  0.120870  0.000000  1.533623  0.084638  0.088406  1.329275  1.000000  0.119420  0.271594  0.234783  0.001159  0.000000  0.000000  0.000000  0.000000  0.000000  0.018551  0.000000  0.046377  0.108696  0.125507  0.022029  0.248696  0.000000  0.311594  0.000000  0.132174  0.033913  0.000000  0.066377  0.963768  0.000000  0.000000  0.000000  0.000000  0.000000  0.000000  0.000000  0.000000  0.000000  
0.000000  0.005525  0.000000  0.168508  0.254144  0.000000  1.143646  0.220994  0.201657  1.309392  0.723757  1.000000  3.563536  0.000000  0.002762  0.000000  0.000000  0.000000  0.000000  0.000000  0.102210  0.013812  0.110497  0.292818  0.422652  0.063536  0.044199  0.000000  0.422652  0.000000  0.121547  0.063536  0.000000  0.149171  1.759668  0.000000  0.000000  0.000000  0.000000  0.000000  0.000000  0.000000  0.000000  0.000000  
0.000000  0.011033  0.001003  0.112839  0.135406  0.000000  2.135908  0.353059  0.323972  0.986961  0.501505  0.296389  1.000000  0.001505  0.021063  0.002006  0.000000  0.015045  0.000000  0.000000  0.039619  0.000000  0.120361  0.194082  0.322969  0.030090  0.023069  0.000000  0.297894  0.000000  0.108325  0.025075  0.000000  0.057673  0.931294  0.000000  0.000000  0.000000  0.000000  0.000000  0.000000  0.000000  0.000000  0.000000  
0.000000  0.058824  0.007843  1.137255  1.062745  0.000000  10.674510  1.450980  1.176471  11.313725  3.176471  0.384314  3.690196  1.000000  0.101961  0.000000  0.000000  0.000000  0.000000  0.000000  1.098039  0.101961  0.788235  0.439216  5.831373  0.262745  0.196078  0.000000  2.254902  0.000000  0.890196  0.247059  0.000000  0.164706  4.121569  0.000000  0.000000  0.000000  0.000000  0.000000  0.000000  0.000000  0.000000  0.000000  
0.000000  0.069597  0.010989  0.501832  0.710623  0.000000  4.058608  0.194139  0.344322  1.483516  3.029304  0.714286  3.567765  0.007326  1.000000  0.000000  0.000000  0.003663  0.000000  0.000000  0.183150  0.007326  0.454212  0.245421  0.454212  0.029304  0.212454  0.000000  0.641026  0.000000  0.183150  0.142857  0.000000  0.146520  2.681319  0.000000  0.000000  0.000000  0.000000  0.000000  0.000000  0.000000  0.000000  0.000000  
66.381821  0.127273  0.000000  1.672727  0.800000  0.000000  1.309091  1.872727  2.290909  4.890909  0.818182  0.036364  0.000000  0.054545  0.000000  1.000000  6.818182  20.436363  0.163636  0.000000  0.036364  0.000000  0.181818  4.690909  0.890909  0.000000  0.236364  0.000000  4.290909  0.000000  4.363636  0.527273  0.000000  0.236364  11.545455  0.000000  0.000000  0.000000  0.000000  0.000000  0.000000  0.000000  0.000000  0.000000  
12.701847  0.021108  0.000000  0.255937  0.126649  0.000000  0.216359  0.245383  0.300792  0.701847  0.129288  0.005277  0.000000  0.007916  0.000000  0.873351  1.000000  1.928760  0.029024  0.000000  0.005277  0.000000  0.031662  0.667546  0.145119  0.000000  0.036939  0.000000  0.482850  0.000000  0.604222  0.073879  0.000000  0.036939  0.915567  0.000000  0.000000  0.000000  0.000000  0.000000  0.000000  0.000000  0.000000  0.000000  
1.112811  0.012168  0.000695  0.098731  0.049713  0.000000  0.033895  0.022249  0.119068  0.087954  0.037372  0.001043  0.000174  0.001564  0.000000  0.156092  0.227881  1.000000  0.006605  0.000000  0.004867  0.000000  0.006084  0.187380  0.023292  0.000348  0.008865  0.000000  0.138015  0.000000  0.142187  0.033895  0.000000  0.008865  0.334956  0.000000  0.000000  0.000000  0.000000  0.000000  0.000000  0.000000  0.000000  0.000000  
6.848837  0.418605  0.011628  2.255814  0.895349  0.000000  0.267442  3.465116  1.465116  3.720930  1.406977  0.034884  0.000000  0.069767  0.000000  0.220930  0.244186  4.174418  1.000000  0.000000  0.058140  0.000000  2.569767  2.953488  1.581395  0.034884  1.616279  0.000000  1.860465  0.000000  2.802325  0.279070  0.000000  0.302326  23.441860  0.000000  0.000000  0.000000  0.000000  0.000000  0.000000  0.000000  0.000000  0.000000  
111400.000000  0.000000  0.000000  1600.000000  1200.000000  0.000000  4800.000000  0.000000  4200.000000  4700.000000  3400.000000  300.000000  0.000000  0.000000  0.000000  0.000000  0.000000  0.000000  0.000000  0.000000  0.000000  0.000000  300.000000  51200.000000  800.000000  100.000000  700.000000  0.000000  4200.000000  0.000000  5700.000000  2200.000000  0.000000  900.000000  73800.000000  0.000000  0.000000  0.000000  0.000000  0.000000  0.000000  0.000000  0.000000  0.000000  
0.098433  0.011721  0.004186  0.040904  0.051190  0.000000  0.006698  0.012917  0.388231  0.041502  0.039469  0.000359  0.000837  0.000957  0.000598  0.001076  0.000598  0.003947  0.000000  0.000000  1.000000  0.030140  0.013994  0.048798  0.036240  0.006937  0.009807  0.000000  0.109915  0.000000  0.051310  0.017821  0.000000  0.014711  0.258821  0.000000  0.000000  0.000000  0.000000  0.000000  0.000000  0.000000  0.000000  0.000000  
0.143802  0.013223  0.001653  0.059504  0.059504  0.000000  0.008264  0.004959  0.320661  0.266116  0.033058  0.006612  0.000000  0.001653  0.001653  0.636364  0.000000  0.000000  0.000000  0.000000  0.290909  1.000000  0.052893  0.198347  0.297521  0.047934  0.014876  0.000000  0.280992  0.000000  0.076033  0.031405  0.000000  0.024793  0.406612  0.000000  0.000000  0.000000  0.000000  0.000000  0.000000  0.000000  0.000000  0.000000  
0.056328  0.002496  0.000713  0.075579  0.031373  0.000000  0.052050  0.061319  0.131907  0.154724  0.019608  0.000000  0.005348  0.001070  0.001426  0.000000  0.000000  0.000713  0.000000  0.000000  0.165775  0.001070  1.000000  0.070588  0.047415  0.050624  0.005348  0.000000  0.108021  0.000000  0.088770  0.028164  0.000000  0.016756  0.292692  0.000000  0.000000  0.000000  0.000000  0.000000  0.000000  0.000000  0.000000  0.000000  
0.011026  0.020356  0.000565  0.050466  0.040288  0.000000  0.028131  0.012723  0.160729  0.024032  0.038451  0.001414  0.000000  0.000141  0.000000  0.002969  0.003393  0.004382  0.000000  0.000000  0.020356  0.001555  0.010602  1.000000  0.010319  0.002120  0.009189  0.000000  0.123692  0.000000  0.106022  0.011874  0.000000  0.033503  0.272265  0.000000  0.000000  0.000000  0.000000  0.000000  0.000000  0.000000  0.000000  0.000000  
6.581818  0.581818  0.000000  2.090909  3.363636  0.000000  2.563636  1.090909  43.636364  6.581818  3.218182  0.109091  0.036364  0.036364  0.000000  0.000000  0.000000  0.018182  0.000000  0.000000  6.709091  0.436364  0.472727  3.600000  1.000000  0.090909  0.345455  0.000000  2.818182  0.000000  4.709091  0.636364  0.000000  0.927273  14.272727  0.000000  0.000000  0.000000  0.000000  0.000000  0.000000  0.000000  0.000000  0.000000  
0.023622  0.019685  0.000000  0.992126  0.149606  0.000000  0.700787  0.515748  0.830709  0.704724  0.236220  0.007874  0.027559  0.000000  0.007874  0.007874  0.003937  0.047244  0.000000  0.000000  0.338583  0.019685  0.161417  0.448819  0.236220  1.000000  0.019685  0.000000  0.157480  0.000000  0.169291  0.062992  0.000000  0.059055  1.019685  0.000000  0.000000  0.000000  0.000000  0.000000  0.000000  0.000000  0.000000  0.000000  
0.000000  1200.000000  300.000000  172700.000000  20100.000000  0.000000  192400.000000  703700.000000  57000.000000  182700.000000  395000.000000  1000.000000  79100.000000  9000.000000  0.000000  0.000000  0.000000  0.000000  0.000000  0.000000  3500.000000  0.000000  336600.000000  34100.000000  57600.000000  0.000000  0.000000  0.000000  73700.000000  0.000000  128600.000000  3800.000000  0.000000  18000.000000  205700.000000  0.000000  0.000000  0.000000  0.000000  0.000000  0.000000  0.000000  0.000000  0.000000  
0.000000  0.000000  0.000000  0.000000  0.000000  0.000000  0.000000  0.000000  0.000000  0.000000  0.000000  0.000000  0.000000  0.000000  0.000000  0.000000  0.000000  0.000000  0.000000  0.000000  0.000000  0.000000  0.000000  0.000000  0.000000  0.000000  0.000000  0.000000  0.000000  0.000000  0.000000  0.000000  0.000000  0.000000  0.000000  0.000000  0.000000  0.000000  0.000000  0.000000  0.000000  0.000000  0.000000  0.000000  
0.000000  0.000000  0.000000  98500.000000  181000.000000  0.000000  0.000000  400.000000  32200.000000  23700.000000  13300.000000  4400.000000  65900.000000  5400.000000  100.000000  1800.000000  2000.000000  2700.000000  0.000000  0.000000  94600.000000  0.000000  17400.000000  210000.000000  36100.000000  8200.000000  33100.000000  0.000000  0.000000  0.000000  554900.000000  600.000000  0.000000  104100.000000  195300.000000  0.000000  0.000000  0.000000  0.000000  0.000000  0.000000  0.000000  0.000000  0.000000  
0.000000  0.000000  0.000000  0.000000  0.000000  0.000000  0.000000  0.000000  0.000000  0.000000  0.000000  0.000000  0.000000  0.000000  0.000000  0.000000  0.000000  0.000000  0.000000  0.000000  0.000000  0.000000  0.000000  0.000000  0.000000  0.000000  0.000000  0.000000  0.000000  0.000000  0.000000  0.000000  0.000000  0.000000  0.000000  0.000000  0.000000  0.000000  0.000000  0.000000  0.000000  0.000000  0.000000  0.000000  
0.000000  8.000000  0.000000  2066.000000  272.000000  0.000000  233.000000  66.000000  162.000000  21.000000  15.000000  21.000000  522.000000  431.000000  905.000000  0.000000  0.000000  0.000000  0.000000  0.000000  103.000000  0.000000  17.000000  185.000000  607.000000  18.000000  20.000000  0.000000  218.000000  0.000000  1.000000  22.000000  0.000000  150.000000  1025.000000  0.000000  0.000000  0.000000  0.000000  0.000000  0.000000  0.000000  0.000000  0.000000  
10200.000000  0.000000  0.000000  178600.000000  20300.000000  0.000000  600.000000  1700.000000  1000.000000  200.000000  2400.000000  100.000000  4300.000000  100.000000  69500.000000  2100.000000  2400.000000  8400.000000  3700.000000  0.000000  3500.000000  0.000000  100.000000  4200.000000  1300.000000  600.000000  2400.000000  0.000000  4100.000000  0.000000  200.000000  0.000000  0.000000  6100.000000  1112200.000000  0.000000  0.000000  0.000000  0.000000  0.000000  0.000000  0.000000  0.000000  0.000000  
0.000000  0.000000  0.000000  0.000000  0.000000  0.000000  0.000000  0.000000  0.000000  0.000000  0.000000  0.000000  0.000000  0.000000  0.000000  0.000000  0.000000  0.000000  0.000000  0.000000  0.000000  0.000000  0.000000  0.000000  0.000000  0.000000  0.000000  0.000000  0.000000  0.000000  0.000000  0.000000  0.000000  0.000000  0.000000  0.000000  0.000000  0.000000  0.000000  0.000000  0.000000  0.000000  0.000000  0.000000  
0.000000  0.000000  0.000000  6600.000000  8400.000000  0.000000  18200.000000  1900.000000  0.000000  3000.000000  5100.000000  4300.000000  72500.000000  1100.000000  0.000000  0.000000  0.000000  0.000000  0.000000  0.000000  2800.000000  0.000000  1600.000000  11700.000000  600.000000  500.000000  5600.000000  0.000000  44600.000000  0.000000  27400.000000  39300.000000  0.000000  0.000000  80500.000000  0.000000  0.000000  0.000000  0.000000  0.000000  0.000000  0.000000  0.000000  0.000000  
0.038837  0.000468  0.000000  0.076471  0.099265  0.000000  0.005348  0.033422  0.094786  0.067112  0.015107  0.025535  0.095655  0.060561  0.001471  0.005348  0.006016  0.013703  0.051738  0.007620  0.074532  0.004679  0.040174  0.463168  0.065307  0.160094  0.042714  0.000000  0.014973  0.000000  0.007620  0.042714  0.000000  0.279880  1.000000  0.000000  0.000000  0.000000  0.000000  0.000000  0.000000  0.000000  0.000000  0.000000  
0.000000  0.000000  0.000000  0.000000  0.000000  0.000000  0.000000  0.000000  0.000000  0.000000  0.000000  0.000000  0.000000  0.000000  0.000000  0.000000  0.000000  0.000000  0.000000  0.000000  0.000000  0.000000  0.000000  0.000000  0.000000  0.000000  0.000000  0.000000  0.000000  0.000000  0.000000  0.000000  0.000000  0.000000  0.000000  0.000000  0.000000  0.000000  0.000000  0.000000  0.000000  0.000000  0.000000  0.000000  
0.000000  0.000000  0.000000  0.000000  0.000000  0.000000  0.000000  0.000000  0.000000  0.000000  0.000000  0.000000  0.000000  0.000000  0.000000  0.000000  0.000000  0.000000  0.000000  0.000000  0.000000  0.000000  0.000000  0.000000  0.000000  0.000000  0.000000  0.000000  0.000000  0.000000  0.000000  0.000000  0.000000  0.000000  0.000000  0.000000  0.000000  0.000000  0.000000  0.000000  0.000000  0.000000  0.000000  0.000000  
0.000000  0.000000  0.000000  0.000000  0.000000  0.000000  0.000000  0.000000  0.000000  0.000000  0.000000  0.000000  0.000000  0.000000  0.000000  0.000000  0.000000  0.000000  0.000000  0.000000  0.000000  0.000000  0.000000  0.000000  0.000000  0.000000  0.000000  0.000000  0.000000  0.000000  0.000000  0.000000  0.000000  0.000000  0.000000  0.000000  0.000000  0.000000  0.000000  0.000000  0.000000  0.000000  0.000000  0.000000  
0.000000  0.000000  0.000000  0.000000  0.000000  0.000000  0.000000  0.000000  0.000000  0.000000  0.000000  0.000000  0.000000  0.000000  0.000000  0.000000  0.000000  0.000000  0.000000  0.000000  0.000000  0.000000  0.000000  0.000000  0.000000  0.000000  0.000000  0.000000  0.000000  0.000000  0.000000  0.000000  0.000000  0.000000  0.000000  0.000000  0.000000  0.000000  0.000000  0.000000  0.000000  0.000000  0.000000  0.000000  
0.000000  0.000000  0.000000  0.000000  0.000000  0.000000  0.000000  0.000000  0.000000  0.000000  0.000000  0.000000  0.000000  0.000000  0.000000  0.000000  0.000000  0.000000  0.000000  0.000000  0.000000  0.000000  0.000000  0.000000  0.000000  0.000000  0.000000  0.000000  0.000000  0.000000  0.000000  0.000000  0.000000  0.000000  0.000000  0.000000  0.000000  0.000000  0.000000  0.000000  0.000000  0.000000  0.000000  0.000000  
73200.000000  35400.000000  16000.000000  82000.000000  132600.000000  0.000000  7600.000000  35600.000000  245100.000000  45300.000000  97500.000000  117800.000000  208600.000000  49800.000000  581700.000000  35900.000000  40200.000000  62500.000000  3700.000000  400.000000  56300.000000  4800.000000  31900.000000  139900.000000  7500.000000  17500.000000  250200.000000  0.000000  158300.000000  0.000000  40800.000000  32900.000000  0.000000  85900.000000  502500.000000  0.000000  0.000000  0.000000  0.000000  0.000000  0.000000  0.000000  0.000000  0.000000  
0.000000  0.000000  0.000000  0.000000  0.000000  0.000000  0.000000  0.000000  0.000000  0.000000  0.000000  0.000000  0.000000  0.000000  0.000000  0.000000  0.000000  0.000000  0.000000  0.000000  0.000000  0.000000  0.000000  0.000000  0.000000  0.000000  0.000000  0.000000  0.000000  0.000000  0.000000  0.000000  0.000000  0.000000  0.000000  0.000000  0.000000  0.000000  0.000000  0.000000  0.000000  0.000000  0.000000  0.000000  
0.000000  0.000000  0.000000  0.000000  0.000000  0.000000  0.000000  0.000000  0.000000  0.000000  0.000000  0.000000  0.000000  0.000000  0.000000  0.000000  0.000000  0.000000  0.000000  0.000000  0.000000  0.000000  0.000000  0.000000  0.000000  0.000000  0.000000  0.000000  0.000000  0.000000  0.000000  0.000000  0.000000  0.000000  0.000000  0.000000  0.000000  0.000000  0.000000  0.000000  0.000000  0.000000  0.000000  0.000000  
0.000000  0.000000  0.000000  0.000000  0.000000  0.000000  0.000000  0.000000  0.000000  0.000000  0.000000  0.000000  0.000000  0.000000  0.000000  0.000000  0.000000  0.000000  0.000000  0.000000  0.000000  0.000000  0.000000  0.000000  0.000000  0.000000  0.000000  0.000000  0.000000  0.000000  0.000000  0.000000  0.000000  0.000000  0.000000  0.000000  0.000000  0.000000  0.000000  0.000000  0.000000  0.000000  0.000000  0.000000  
0.000089  0.000194  0.001577  0.000035  0.000177  0.031548  0.000026  0.000085  0.000037  0.000090  0.000054  0.000166  0.000071  0.000198  0.000191  0.000425  0.000162  0.000042  0.000340  0.031548  0.000035  0.000128  0.000060  0.000038  0.000425  0.000198  0.031548  0.031548  0.031548  0.031548  0.003155  0.031548  0.031548  0.031548  0.000026  0.031548  0.031548  0.031548  0.031548  0.031548  0.031548  0.031548  0.031548  0.031548  