1.000000  0.000509  0.001024  0.078647  0.047479  0.000000  0.021470  0.025310  0.233456  0.022255  0.060575  0.000201  0.003796  0.001782  0.006839  0.001099  0.039443  0.603621  0.002372  0.000172  0.012167  0.002371  0.015003  0.008812  0.015066  0.000633  0.042304  0.034607  0.171291  0.003021  0.034631  0.002297  0.025136  0.008511  0.045580  0.021391  0.000213  0.000107  0.029453  0.002510  0.000502  0.000027  0.000000  0.000235  
0.083934  1.000000  0.029801  0.092826  0.497724  0.000000  0.383193  0.046826  0.194854  0.393566  0.625469  0.005782  0.157456  0.000724  0.010778  0.000000  0.000000  0.002455  0.004052  0.002702  0.036881  0.004991  0.181445  0.067010  0.062964  0.004860  0.413785  0.023957  0.134602  0.029143  0.210220  0.004823  0.010951  0.074785  0.060642  0.095041  0.012870  0.006017  0.000939  0.022053  0.000000  0.000000  0.000000  0.000017  
0.019685  72.073006  1.000000  0.993474  8.847929  0.000000  0.453185  0.134982  0.439701  1.972383  0.462307  0.070844  0.932725  0.010564  0.000000  0.000000  0.000000  0.008653  0.019685  0.000000  0.042290  0.026174  0.003461  0.553448  0.049032  0.058874  0.446984  0.273353  0.861629  0.044778  3.111151  0.064751  0.441612  0.122328  0.527707  0.932833  0.071673  0.087753  0.000000  0.128060  0.000000  0.000000  0.000000  0.000000  
0.000121  0.002788  0.000000  1.000000  0.026797  0.000000  0.004491  0.002035  0.054891  0.018060  0.010726  0.001443  0.002516  0.000233  0.000032  0.000374  0.000000  0.001091  0.000215  0.000186  0.000314  0.000027  0.000541  0.007885  0.005441  0.000435  0.009517  0.004559  0.010566  0.006524  0.048584  0.005178  0.015411  0.003490  0.015969  0.027654  0.001726  0.002457  0.000106  0.004104  0.000073  0.000000  0.000000  0.000002  
0.002581  1.919197  0.015728  1.305914  1.000000  0.046308  0.143103  0.095564  0.136866  0.201419  0.136703  0.030346  0.462335  0.003676  0.000997  0.000000  0.000000  0.000988  0.002599  0.002940  0.018774  0.002170  0.033381  0.117725  0.037032  0.023743  0.531912  0.046929  0.300586  0.021220  0.314513  0.010964  0.014654  0.073388  0.378551  0.195732  0.011389  0.014378  0.002410  0.038510  0.007460  0.000487  0.000000  0.000057  
0.000000  0.000000  0.000000  0.000000  0.033972  1.000000  0.024266  0.000000  0.000000  0.000000  0.000000  0.000000  0.000000  0.000000  0.000000  0.000000  0.000000  0.000000  0.000000  0.000000  0.000000  0.000000  0.000000  0.000000  0.000000  0.000000  0.000000  0.000000  0.000000  0.000000  0.000000  0.000000  0.000000  0.000000  0.000000  0.000000  0.000000  0.024266  0.000000  0.000000  0.000000  0.000000  0.000000  0.000000  
0.000344  0.008756  0.071412  0.028513  0.077477  0.000000  1.000000  0.032823  0.025892  0.049063  0.016167  0.000768  0.009111  0.001725  0.000805  0.000000  0.000000  0.000089  0.000222  0.000265  0.000442  0.000081  0.006409  0.007158  0.003022  0.000284  0.003631  0.115884  0.053926  0.004720  0.048409  0.002948  0.009471  0.004206  0.030824  0.011185  0.000877  0.000817  0.000011  0.001852  0.000002  0.000000  0.000000  0.000018  
0.004481  0.042409  0.020467  0.306482  0.280724  0.000000  0.124093  1.000000  0.177745  0.088849  0.100278  0.003276  0.014143  0.004125  0.000314  0.000076  0.000076  0.000541  0.000854  0.000881  0.027031  0.001017  0.054703  0.162179  0.049147  0.015770  0.040776  0.065669  0.201966  0.023179  0.290489  0.010723  0.078198  0.027403  0.122023  0.079879  0.012116  0.002695  0.000695  0.013641  0.001077  0.000000  0.000000  0.000168  
0.026823  0.018345  0.012742  0.177456  0.137082  0.000000  0.083938  0.080209  1.000000  0.079766  0.022683  0.003606  0.006799  0.000702  0.000080  0.007821  0.003668  0.058267  0.016812  0.000802  0.015882  0.000832  0.007434  0.143679  0.066568  0.002912  0.020677  0.014794  0.126679  0.009065  0.077558  0.010823  0.023466  0.023114  0.101081  0.094743  0.005383  0.009323  0.000377  0.011075  0.000222  0.000000  0.000000  0.000034  
0.000279  0.011642  0.026607  0.097439  0.167680  0.000001  2.795061  0.084524  0.195149  1.000000  0.196461  0.016300  0.096594  0.006580  0.001902  0.000000  0.000000  0.001355  0.000633  0.001033  0.016460  0.006431  0.074644  0.089870  0.089830  0.023064  0.067217  0.118376  0.306820  0.028364  0.151660  0.012136  0.027042  0.062393  0.164900  0.086080  0.008118  0.003736  0.000777  0.017212  0.000295  0.000079  0.000000  0.000068  
0.000207  0.008889  0.004299  0.076718  0.108197  0.000000  1.368151  0.031631  0.097227  1.179762  1.000000  0.066359  0.293190  0.128963  0.004346  0.000000  0.000000  0.000769  0.000826  0.001275  0.010758  0.003814  0.035309  0.088214  0.135426  0.014975  0.071550  0.047330  0.361037  0.032944  0.086975  0.014212  0.023351  0.058862  0.229940  0.123677  0.013412  0.001569  0.000552  0.013749  0.000679  0.000070  0.000000  0.000015  
0.000893  0.002154  0.000455  0.088860  0.144906  0.000000  0.770453  0.111923  0.131917  0.659606  0.249207  1.000000  1.140480  0.000491  0.000447  0.000000  0.000000  0.000465  0.000087  0.001363  0.038634  0.033814  0.056932  0.195450  0.319686  0.053791  0.031499  0.037820  0.415872  0.032988  0.072290  0.024968  0.030644  0.078808  0.280517  0.367637  0.033575  0.036215  0.002234  0.021533  0.000240  0.000000  0.000000  0.000247  
0.000519  0.003450  0.000824  0.041837  0.077173  0.000000  0.911392  0.103307  0.189719  0.452883  0.159261  0.052230  1.000000  0.001395  0.003342  0.000209  0.000000  0.002340  0.001267  0.001030  0.018516  0.001594  0.047399  0.112003  0.186244  0.011243  0.022078  0.021627  0.271199  0.038720  0.065311  0.011936  0.022518  0.043152  0.122271  0.134050  0.011287  0.005617  0.000772  0.014004  0.000277  0.000060  0.000000  0.000059  
0.000109  0.003327  0.000809  0.058178  0.071757  0.000000  0.657440  0.070690  0.133661  0.665209  0.162954  0.038661  0.222333  1.000000  0.018767  0.000000  0.000000  0.000490  0.000449  0.000493  0.048699  0.008591  0.033824  0.035160  0.363299  0.006593  0.017235  0.013036  0.251684  0.023108  0.056465  0.007752  0.016890  0.026980  0.066943  0.074030  0.005651  0.003003  0.000218  0.011669  0.000074  0.000000  0.000000  0.000060  
0.002589  0.006180  0.001772  0.070211  0.112648  0.000000  1.127744  0.045217  0.121152  0.761330  0.748081  0.110799  0.584142  0.059068  1.000000  0.000177  0.000000  0.000248  0.000150  0.000039  0.051158  0.002876  0.140236  0.041581  0.120410  0.023454  0.098643  0.047433  0.182161  0.014864  0.071407  0.016170  0.016698  0.042443  0.206196  0.235354  0.015162  0.086338  0.000000  0.013375  0.000638  0.000000  0.000000  0.000066  
8.344460  0.004130  0.000127  0.065623  0.043914  0.000000  0.012098  0.039184  0.064933  0.145516  0.021834  0.001777  0.003684  0.001408  0.000055  1.000000  0.062848  0.225922  0.002386  0.001163  0.003783  0.000329  0.038859  0.112612  0.048804  0.004791  0.021378  0.022698  0.591123  0.016542  0.114665  0.012848  0.036067  0.020024  0.107058  0.053075  0.004387  0.000806  0.001285  0.012460  0.001452  0.000000  0.000000  0.000399  
46.925747  0.030539  0.001118  0.579249  0.424307  0.000000  0.152840  0.262759  0.378723  0.880272  0.135477  0.011587  0.016617  0.017136  0.001772  0.511004  1.000000  1.450916  0.022282  0.003667  0.025649  0.000000  0.120272  1.349883  0.551785  0.018579  0.111386  0.173820  1.616896  0.072304  0.987386  0.085364  0.211540  0.201743  0.628544  0.624547  0.036687  0.006166  0.000000  0.066082  0.003587  0.000000  0.000000  0.001968  
1.362961  0.005623  0.000790  0.058095  0.043616  0.000000  0.008420  0.023753  0.059195  0.071837  0.013734  0.000974  0.002448  0.000707  0.000039  0.058397  0.138088  1.000000  0.010859  0.000360  0.004767  0.000192  0.010303  0.136370  0.036582  0.001771  0.015907  0.015818  0.177721  0.010930  0.067413  0.009538  0.020793  0.014561  0.070845  0.054696  0.006666  0.000886  0.000257  0.007503  0.000293  0.000000  0.000000  0.000114  
1.702547  0.029898  0.003758  0.268147  0.158131  0.000000  0.044365  0.393095  0.221234  0.297492  0.091355  0.006962  0.004983  0.005535  0.000042  0.007179  0.011876  0.912879  1.000000  0.003965  0.018318  0.001287  0.160439  0.412115  0.195036  0.009367  0.131117  0.073037  0.596852  0.092658  0.292556  0.038601  0.128976  0.093828  0.819064  0.400814  0.013485  0.001292  0.002573  0.047619  0.001151  0.000000  0.000000  0.000524  
28.175964  0.017381  0.010360  0.581612  0.527250  0.000000  0.354648  0.022161  1.227559  1.150669  0.318719  0.050566  0.034511  0.007318  0.000297  0.000000  0.000000  0.113528  0.026827  1.000000  0.099257  0.000000  0.180515  6.494226  0.367730  0.058433  0.752842  0.202882  2.331092  0.446815  0.787467  0.251984  0.455415  0.181750  4.320297  1.687273  0.034946  0.046861  0.006244  0.140903  0.005786  0.000000  0.000000  0.002790  
0.104719  0.002980  0.000943  0.019837  0.030803  0.000000  0.001844  0.002204  0.241411  0.021526  0.019038  0.000510  0.001178  0.000247  0.000104  0.001792  0.000103  0.001580  0.000084  0.000192  1.000000  0.026407  0.006458  0.035263  0.021421  0.002786  0.007127  0.022651  0.099105  0.006530  0.022085  0.004516  0.006965  0.013348  0.047368  0.028356  0.005335  0.000413  0.000130  0.003961  0.000071  0.000019  0.000000  0.000060  
0.060484  0.007192  0.000197  0.028587  0.044471  0.000000  0.005177  0.005439  0.200313  0.113379  0.015533  0.001752  0.002797  0.000420  0.000178  0.423104  0.000000  0.002695  0.001057  0.000820  0.301243  1.000000  0.031891  0.118564  0.225995  0.009993  0.010250  0.019401  0.274407  0.013919  0.043080  0.007506  0.014620  0.031652  0.066567  0.065720  0.020246  0.001610  0.000405  0.007237  0.000099  0.000000  0.000000  0.000142  
0.382104  0.002492  0.000634  0.038213  0.052749  0.000000  0.061369  0.033962  0.138191  0.173813  0.026544  0.001484  0.007882  0.000634  0.000231  0.007672  0.000000  0.001428  0.000805  0.000580  0.170255  0.007832  1.000000  0.053548  0.108550  0.014701  0.006970  0.015643  0.181126  0.016688  0.049827  0.007960  0.018124  0.027689  0.071158  0.046798  0.010307  0.000765  0.000499  0.005936  0.000236  0.000063  0.000000  0.000066  
0.045760  0.007464  0.000628  0.035250  0.046267  0.000000  0.011431  0.007695  0.137854  0.023158  0.019155  0.002773  0.005396  0.000391  0.000009  0.000592  0.000837  0.005296  0.000870  0.000670  0.016784  0.002420  0.029494  1.000000  0.014557  0.001792  0.009255  0.040432  0.096816  0.016238  0.051283  0.005033  0.053937  0.030938  0.064941  0.065356  0.005405  0.001418  0.000289  0.011904  0.000373  0.000000  0.000000  0.000044  
0.297443  0.021681  0.003458  0.150874  0.363311  0.000000  0.245165  0.121449  4.553278  0.350787  0.167910  0.007285  0.030931  0.024834  0.000036  0.000000  0.001528  0.014222  0.000948  0.002572  0.682821  0.011102  0.098037  0.254596  1.000000  0.011704  0.050147  0.067645  0.591475  0.060463  0.186652  0.024808  0.049615  0.085792  0.301350  0.275213  0.021318  0.037066  0.001439  0.027593  0.000562  0.000000  0.000000  0.000097  
0.050066  0.006545  0.002639  0.177506  0.116019  0.000000  1.528817  0.230374  0.393986  0.445288  0.102934  0.057705  0.113258  0.002718  0.012768  0.024202  0.001230  0.006867  0.000207  0.000684  0.132704  0.015362  0.164588  0.238885  0.273025  1.000000  0.017340  0.021973  0.248797  0.029586  0.094346  0.019451  0.059768  0.045119  0.180832  0.155831  0.027104  0.001912  0.001302  0.014997  0.002420  0.000000  0.000000  0.000091  
0.179240  0.096807  0.082505  5.209883  0.911224  0.000000  15.218302  47.037041  4.010551  18.303568  7.447170  0.202964  8.164497  0.124433  0.052513  0.000000  0.000000  0.014442  0.015768  0.026533  0.936597  0.024933  19.469059  1.830463  4.027822  0.224039  1.000000  1.086923  9.115408  0.340381  6.391520  0.123307  0.779705  1.022062  3.699615  12.377668  0.345402  0.058691  0.013380  1.008306  0.015779  0.001040  0.000000  0.008053  
0.008974  0.020672  0.005669  1.491081  1.251631  0.000000  4.157080  0.296225  1.787350  4.354640  4.145426  0.452911  5.400230  28.165234  0.775498  0.000000  0.000000  0.005975  0.045218  0.039746  0.760287  0.424776  0.618418  0.859685  4.490589  0.173462  0.496673  1.000000  6.058743  0.819184  1.102265  0.105143  0.165364  1.333038  1.090096  2.142635  0.972478  0.009039  0.002988  0.279076  0.006708  0.000000  0.000000  0.006227  
0.009184  0.009716  0.020074  0.959772  0.955595  0.000000  0.008545  0.064908  0.433323  0.380264  0.133604  0.078483  0.221609  0.058968  0.000628  0.002383  0.002648  0.029102  0.037478  0.031757  0.272356  0.027808  0.221447  1.866042  0.385767  0.081843  0.360487  0.566657  1.000000  1.195754  2.615639  0.077144  0.490515  1.032372  0.751003  1.608856  0.407575  0.008070  0.018992  0.230755  0.006249  0.000000  0.000000  0.005741  
10.199090  0.069662  0.082255  2.173032  2.803244  0.000000  0.003099  0.831460  1.826223  1.800341  0.392688  0.072663  0.681299  0.010984  0.002844  12.611912  4.398297  21.136675  30.107145  6.298399  0.769036  0.058952  0.474628  1.429220  0.302754  0.112079  1.155859  0.651789  13.956514  1.000000  1.190106  0.094965  0.164656  1.784659  0.544457  2.764240  1.669148  0.056363  0.010719  0.781256  0.018624  0.000000  0.000000  0.031256  
0.001671  0.131548  0.010531  3.336396  0.621237  0.000017  0.313098  0.064802  0.154407  0.169679  0.124835  0.019431  0.414517  0.352991  0.678377  0.001671  0.001254  0.007677  0.006245  0.003881  0.118449  0.016695  0.062853  0.279895  0.601523  0.038519  0.599183  1.374637  0.884739  0.156364  1.000000  0.159732  1.280071  0.279811  0.730547  0.352967  0.064435  0.017078  0.008547  0.038761  0.017194  0.000000  0.000000  0.000070  
0.050548  0.001420  0.000000  1.645584  0.109857  0.000000  0.012951  0.009027  0.034775  0.047160  0.034765  0.010930  0.030599  0.024551  0.973187  0.062495  0.043242  0.107330  0.046597  0.016557  0.039298  0.001170  0.004392  0.089998  0.071452  0.009389  0.039058  0.044138  0.277003  0.066001  0.226414  1.000000  1.394984  0.143726  3.802812  0.183851  0.009073  0.000993  0.001116  0.017388  0.004164  0.000000  0.000000  0.000193  
0.003560  0.014928  0.000601  0.335390  0.077798  0.000000  0.002970  0.005120  0.055697  0.073466  0.052377  0.007619  0.079800  0.006130  0.052544  0.001804  0.001804  0.008416  0.005089  0.001465  0.035047  0.008686  0.054219  0.188299  0.039762  0.005542  0.176874  0.145638  0.195415  0.131608  0.896236  0.319854  1.000000  0.227848  0.130281  0.275393  0.105063  0.001811  0.006011  0.033918  0.018844  0.000000  0.000000  0.004172  
0.004780  0.008294  0.006773  0.337950  0.276821  0.000000  0.176630  0.015874  0.065621  0.103139  0.062851  0.069417  1.527435  0.052712  0.001110  0.000000  0.000000  0.000042  0.000647  0.000217  0.105191  0.028489  0.039783  0.453270  0.042955  0.037563  0.522445  0.254507  0.511050  0.073120  0.698001  0.499982  0.033421  1.000000  0.693894  0.427594  0.093197  0.062773  0.002977  0.032304  0.016592  0.000000  0.000000  0.001537  
0.008161  0.000182  0.000154  0.020709  0.027605  0.000000  0.001127  0.007004  0.022692  0.016283  0.004309  0.005966  0.025001  0.012853  0.000310  0.001119  0.001259  0.002982  0.011036  0.001847  0.016535  0.001114  0.008848  0.122496  0.014029  0.034784  0.024249  0.004733  0.015912  0.005063  0.007604  0.010350  0.000576  0.087123  1.000000  0.158858  0.005964  0.001753  0.000894  0.015070  0.000450  0.000000  0.000000  0.000031  
0.009287  0.004450  0.003158  0.274348  0.110122  0.000000  0.000026  0.004915  0.179958  0.040040  0.014252  0.053701  0.119585  0.004813  0.007604  0.000117  0.000000  0.034191  0.002194  0.002168  0.019110  0.005595  0.023236  0.783209  0.035749  0.013098  0.255719  0.138290  0.179660  0.160700  0.107840  0.053174  0.021101  0.271885  0.077341  1.000000  0.254054  0.009749  0.002845  0.218450  0.006206  0.000000  0.000000  0.000000  
1039.766724  0.000000  4.555555  152.250000  813.172241  0.000000  12.400000  40.416668  344.094452  737.777771  26.766666  1.444444  175.233337  4.555555  0.000000  0.000000  0.000000  3.033333  6.183333  8.033334  15.922222  6.072222  344.861115  289.244446  14.377778  14.883333  15189.705078  775.194458  448.538879  240.566666  84.027779  15.994445  3.594445  82.516670  1890.377808  9103.116211  1.000000  4.555555  12.144444  1673.127808  25.305555  9.205556  0.000000  0.000000  
0.141695  0.261688  0.000000  4.003829  2.130525  0.005425  0.074517  1.140897  2.187330  1.132759  0.054731  0.745014  1.728738  0.000000  0.000000  0.000000  0.000000  0.086166  0.047870  0.002074  0.218127  0.000000  0.064784  26.475985  0.554173  1.570768  2.079304  2.461624  4.459710  1.604117  1.946386  0.804213  0.048348  4.308920  2.082974  19.029999  3.564544  1.000000  0.087123  0.640179  0.323440  0.088080  0.000000  0.000000  
17.623260  0.190593  0.264420  33.008659  12.728326  0.000000  2.528958  5.690300  83.503448  2.959635  0.417222  10.050427  2.774892  0.353223  0.001521  18.080496  8.540306  15.950041  1.780625  0.004680  11.762958  1.624898  4.038493  38.591553  11.297882  3.416404  13.881128  22.774073  43.279045  4.179010  7.539136  3.568621  0.147888  10.500175  7.797941  18.883585  12.463672  0.481923  1.000000  4.953317  0.365274  0.064584  0.000000  0.000000  
0.034947  0.006969  0.004157  0.266788  0.230083  0.000000  0.000537  0.007777  0.925236  0.083823  0.081991  0.048532  0.143066  0.006734  0.012566  0.044128  0.035660  0.117006  0.008924  0.002577  0.181514  0.051824  0.030306  0.607906  0.061442  0.126864  0.151634  0.274298  0.324949  0.157674  0.169499  0.036294  0.015943  0.308182  0.146495  1.176661  0.412392  0.017740  0.005343  1.000000  0.010526  0.000000  0.000000  0.000756  
17.914715  6.378916  2.528178  37.605747  40.521217  0.000000  4.580534  10.698420  40.238968  32.470787  64.932495  18.682566  42.355961  47.723774  129.132324  11.847963  8.511807  16.001318  2.440681  0.518111  21.253176  8.266535  13.440869  55.063271  8.216953  6.446985  125.934662  10.924405  52.500751  5.583357  25.187788  7.985982  5.331452  41.468952  65.745461  87.480476  9.898438  21.813906  13.682472  25.136608  1.000000  0.000000  0.000000  -0.259902  
9.928313  8.453295  1.803403  65.919983  89.247284  12.317885  11.582911  14.555757  62.067341  24.169081  9.324764  16.926865  26.208183  0.651702  1.829834  15.483707  2.999638  10.056119  3.049602  0.007241  27.933382  7.591600  25.641563  105.962708  30.315351  17.148443  99.679581  6.736785  205.494934  5.892107  30.801954  3.311731  1.942071  42.674149  20.484070  107.271179  26.040913  51.283852  24.764664  28.565895  0.000000  1.000000  0.000000  0.300145  
31589.000000  3481.000000  4300.000000  63645.000000  82383.000000  0.000000  0.000000  28924.000000  256882.000000  12031.000000  546.000000  26150.000000  12837.000000  1639.000000  0.000000  35240.000000  43427.000000  86080.000000  726.000000  0.000000  36322.000000  15847.000000  17498.000000  47553.000000  46478.000000  2211.000000  54088.000000  24753.000000  165730.000000  2554.000000  24924.000000  1062.000000  974.000000  29397.000000  16131.000000  93561.000000  16483.000000  1093.000000  7848.000000  34233.000000  0.000000  0.000000  0.000000  1349.000000  
40.398235  1.399840  0.657051  37.491985  32.231571  0.000000  0.930288  16.481571  28.991987  7.101763  3.270833  1.863782  4.116987  0.437500  7.040064  34.144230  27.010416  45.968750  6.838141  0.262821  25.250801  5.798878  13.067307  86.991188  3.272436  16.478365  93.690704  4.655449  81.077721  51.300480  33.254005  4.331731  5.533654  28.790064  12.717148  62.647434  9.865385  0.437500  2.741186  15.012820  0.032051  0.000000  0.000000  1.000000  
0.000010  0.000050  0.000189  0.000010  0.000030  0.000164  0.000006  0.000018  0.000010  0.000017  0.000016  0.000040  0.000015  0.000014  0.000031  0.000024  0.000078  0.000011  0.000040  0.000151  0.000008  0.000027  0.000015  0.000011  0.000036  0.000049  0.000061  0.000104  0.000023  0.000099  0.000039  0.000037  0.000047  0.000057  0.000008  0.000025  0.002351  0.000399  0.000341  0.000047  0.000216  0.000600  0.031548  0.000893  