1.000000  0.000000  0.000113  0.130229  0.056054  0.000000  0.001298  0.024555  0.117189  0.051087  0.040644  0.001411  0.005419  0.005588  0.006322  0.001750  0.043184  0.362856  0.005137  0.000339  0.008863  0.004121  0.008411  0.016540  0.017556  0.000282  0.037482  0.008693  0.165848  0.004629  0.060062  0.005588  0.050579  0.013491  0.029692  0.063901  0.000903  0.000056  0.023652  0.001185  0.007226  0.000000  0.000508  0.001524  
2.484375  1.000000  0.781250  0.406250  8.812500  0.000000  4.984375  0.968750  6.046875  10.078125  8.046875  0.234375  2.406250  0.015625  0.000000  0.000000  0.000000  0.093750  0.328125  0.125000  0.250000  0.187500  3.875000  2.531250  1.093750  0.000000  13.078125  0.671875  2.609375  1.234375  4.546875  0.640625  0.453125  3.093750  0.875000  12.062500  0.484375  0.046875  0.031250  0.234375  0.734375  0.000000  0.000000  0.000000  
0.225806  200.322586  1.000000  8.774194  51.451614  0.000000  1.129032  0.677419  0.677419  1.806452  0.580645  1.032258  0.645161  0.000000  0.000000  0.000000  0.000000  0.000000  0.258065  0.000000  0.322581  0.193548  0.000000  0.741935  0.161290  0.193548  0.806452  0.354839  3.419355  0.193548  25.322580  5.032258  0.193548  0.193548  0.516129  1.354839  0.193548  0.451613  0.000000  0.193548  0.354839  0.000000  0.000000  0.000000  
0.000000  0.001335  0.000000  1.000000  0.025445  0.000000  0.007381  0.000000  0.015542  0.011053  0.007455  0.000297  0.001001  0.000037  0.000000  0.000000  0.000000  0.000853  0.000111  0.000074  0.000000  0.000000  0.000037  0.001706  0.001780  0.000000  0.001818  0.000334  0.008568  0.001818  0.006862  0.015208  0.000556  0.000371  0.000890  0.004266  0.000111  0.000000  0.000037  0.000037  0.000519  0.000000  0.000000  0.000000  
0.000000  1.347642  0.589480  1.635127  1.000000  0.000000  0.391778  0.011487  0.084643  0.384220  0.067412  0.040508  0.153265  0.000907  0.000000  0.000000  0.000000  0.001209  0.010278  0.006046  0.009371  0.000000  0.020556  0.067715  0.026602  0.001511  0.032044  0.039601  0.275695  0.003930  0.107618  0.015719  0.000000  0.025695  0.033857  0.115780  0.006046  0.001209  0.003930  0.002721  0.029323  0.000000  0.000000  0.000000  
0.000000  0.000000  0.000000  0.000000  0.000000  0.000000  0.000000  0.000000  0.000000  0.000000  0.000000  0.000000  0.000000  0.000000  0.000000  0.000000  0.000000  0.000000  0.000000  0.000000  0.000000  0.000000  0.000000  0.000000  0.000000  0.000000  0.000000  0.000000  0.000000  0.000000  0.000000  0.000000  0.000000  0.000000  0.000000  0.000000  0.000000  0.000000  0.000000  0.000000  0.000000  0.000000  0.000000  0.000000  
0.000114  0.003384  0.057439  0.022963  0.057325  0.000000  1.000000  0.017162  0.023408  0.027505  0.006654  0.001692  0.009694  0.000471  0.000000  0.000000  0.000000  0.000242  0.000916  0.000674  0.000267  0.000153  0.005407  0.007480  0.000967  0.000000  0.000483  0.115756  0.035532  0.008651  0.031563  0.001641  0.006501  0.003193  0.003944  0.018676  0.000687  0.000204  0.000013  0.000611  0.003448  0.000000  0.000000  0.000000  
0.001057  0.014397  0.026152  0.281073  0.228636  0.000000  0.117818  1.000000  0.121648  0.066702  0.029058  0.005944  0.006208  0.001189  0.000000  0.000000  0.000000  0.000396  0.004887  0.001981  0.007265  0.000925  0.074495  0.226654  0.052569  0.000000  0.005944  0.029851  0.183595  0.036587  0.203804  0.030643  0.056399  0.032492  0.023247  0.141197  0.006208  0.001057  0.001453  0.002377  0.012944  0.000000  0.000000  0.000000  
0.017101  0.011480  0.020878  0.156852  0.102367  0.000000  0.064478  0.044105  1.000000  0.093267  0.011391  0.006721  0.008268  0.000595  0.000000  0.002439  0.002171  0.044700  0.019599  0.001636  0.007941  0.000446  0.005205  0.093475  0.064002  0.000000  0.004283  0.005889  0.093505  0.003390  0.056002  0.007078  0.017696  0.012491  0.010261  0.066113  0.001338  0.000089  0.000535  0.002944  0.008922  0.000000  0.000000  0.000387  
0.000475  0.005814  0.029307  0.083531  0.140603  0.000000  2.621025  0.084599  0.172164  1.000000  0.230541  0.026341  0.076887  0.007119  0.000000  0.000000  0.000000  0.001661  0.003085  0.003085  0.015306  0.009018  0.061343  0.110465  0.106075  0.002848  0.007475  0.107499  0.342549  0.049122  0.163621  0.009018  0.014357  0.059207  0.025629  0.225083  0.010204  0.001187  0.002373  0.005577  0.026815  0.000000  0.000000  0.000000  
0.000150  0.001201  0.003303  0.051426  0.066441  0.000000  0.528078  0.014264  0.061787  0.630856  1.000000  0.028529  0.288664  0.103228  0.000000  0.000000  0.000000  0.001426  0.002553  0.002477  0.005180  0.003829  0.047898  0.068318  0.136787  0.000300  0.003754  0.011411  0.148799  0.037913  0.062988  0.013889  0.006306  0.047598  0.019595  0.192868  0.006907  0.000901  0.000826  0.004204  0.018544  0.000000  0.000000  0.000000  
0.000435  0.002611  0.000435  0.049173  0.059182  0.000000  0.463446  0.067450  0.105309  0.344648  0.127067  1.000000  0.443864  0.000435  0.000000  0.000000  0.000000  0.000435  0.000000  0.001741  0.009574  0.024804  0.027415  0.120975  0.316797  0.009574  0.022193  0.013925  0.172324  0.028721  0.098782  0.025674  0.012185  0.045257  0.013925  0.221497  0.010444  0.001741  0.003481  0.004787  0.023499  0.000000  0.000000  0.000000  
0.000724  0.001146  0.000905  0.031855  0.047783  0.000000  0.393424  0.073484  0.096410  0.257195  0.071916  0.025943  1.000000  0.000845  0.000000  0.000000  0.000000  0.001327  0.003560  0.001870  0.009955  0.000422  0.035415  0.090256  0.160181  0.001327  0.004947  0.011161  0.083017  0.052549  0.048265  0.007360  0.008688  0.016109  0.009653  0.121146  0.006033  0.001810  0.001267  0.003680  0.013454  0.000000  0.000000  0.000000  
0.000359  0.005474  0.000538  0.050431  0.061468  0.000000  0.458632  0.073582  0.148510  0.560481  0.190237  0.046393  0.345477  1.000000  0.000000  0.000000  0.000000  0.001615  0.002154  0.001525  0.038945  0.003769  0.048277  0.045944  0.323223  0.000000  0.003948  0.011037  0.166457  0.039483  0.086863  0.008435  0.006820  0.030420  0.020011  0.173008  0.004756  0.000538  0.000538  0.002872  0.014896  0.000000  0.000000  0.000000  
0.001838  0.000000  0.001838  0.141544  0.229779  0.000000  3.810662  0.033088  0.501838  1.825368  1.794118  0.226103  0.840074  0.095588  1.000000  0.000000  0.000000  0.000000  0.000000  0.000000  0.051471  0.009191  0.125000  0.042279  0.257353  0.000000  0.075368  0.082721  0.455882  0.044118  0.204044  0.005515  0.000000  0.095588  0.033088  0.143382  0.012868  0.000000  0.000000  0.001838  0.068015  0.000000  0.000000  0.000000  
4.870615  0.007611  0.000993  0.118795  0.046989  0.000000  0.001324  0.045996  0.098610  0.184646  0.012905  0.007280  0.003309  0.000662  0.000000  1.000000  0.000000  0.160159  0.003640  0.003309  0.008604  0.000662  0.002978  0.117803  0.069160  0.000000  0.008273  0.016876  0.423891  0.023494  0.136334  0.021509  0.060556  0.019854  0.014891  0.063534  0.004302  0.000662  0.002978  0.001655  0.027134  0.000000  0.000000  0.000000  
5.802288  0.003813  0.000545  0.090414  0.076797  0.000000  0.000000  0.047930  0.049020  0.151961  0.007625  0.001634  0.000000  0.000545  0.000000  0.000000  1.000000  0.024510  0.005447  0.001089  0.002723  0.000000  0.010349  0.225490  0.091503  0.000000  0.005991  0.009259  0.477669  0.007625  0.167211  0.014706  0.104030  0.025599  0.012527  0.116013  0.001089  0.000000  0.000000  0.001089  0.030501  0.000000  0.000000  0.000000  
1.004005  0.003884  0.001274  0.041932  0.033558  0.000000  0.000000  0.029795  0.025062  0.048122  0.004915  0.001820  0.000668  0.000303  0.000000  0.053037  0.111536  1.000000  0.029553  0.001274  0.003034  0.000121  0.002306  0.111536  0.039626  0.000000  0.004369  0.006068  0.147946  0.014139  0.070939  0.006068  0.025244  0.009042  0.006736  0.037077  0.004491  0.000303  0.000485  0.001274  0.010923  0.000000  0.000000  0.000000  
0.594297  0.008245  0.001718  0.117829  0.086225  0.000000  0.000000  0.224322  0.078667  0.143250  0.011680  0.007214  0.001374  0.001374  0.000000  0.000000  0.002405  0.390931  1.000000  0.003435  0.015459  0.001718  0.017863  0.189969  0.052559  0.000000  0.016489  0.026795  0.279285  0.079354  0.091378  0.008588  0.082446  0.031948  0.032291  0.166953  0.004122  0.001031  0.003092  0.003435  0.026451  0.000000  0.000000  0.000000  
2.634715  0.000000  0.000000  0.181347  0.075130  0.000000  0.031088  0.000000  0.391192  0.290155  0.036269  0.012953  0.005181  0.002591  0.000000  0.000000  0.000000  0.038860  0.023316  1.000000  0.002591  0.000000  0.033679  0.696891  0.088083  0.000000  0.080311  0.044041  0.222798  0.139896  0.142487  0.028497  0.129534  0.023316  0.072539  0.235751  0.005181  0.002591  0.002591  0.010363  0.082902  0.000000  0.000000  0.000000  
0.120958  0.003545  0.000498  0.061505  0.052861  0.000000  0.002177  0.000000  0.476741  0.027985  0.017848  0.001803  0.000435  0.000187  0.000000  0.012500  0.000000  0.000311  0.000435  0.000560  1.000000  0.015920  0.009204  0.034639  0.023072  0.001182  0.000933  0.003420  0.099067  0.008769  0.036443  0.006157  0.005659  0.018719  0.005100  0.040796  0.002052  0.000124  0.000435  0.000808  0.006903  0.000000  0.000000  0.000000  
0.054471  0.015416  0.000000  0.171634  0.058582  0.000000  0.023638  0.012333  0.159301  0.283659  0.033916  0.005139  0.005139  0.001028  0.000000  0.277492  0.000000  0.005139  0.006166  0.002055  0.323741  1.000000  0.078109  0.188078  0.628983  0.001028  0.003083  0.020555  0.256937  0.039054  0.053443  0.015416  0.029805  0.095581  0.023638  0.127441  0.012333  0.000000  0.001028  0.004111  0.023638  0.000000  0.000000  0.000000  
0.283842  0.003077  0.000570  0.059822  0.066887  0.000000  0.012420  0.036121  0.126595  0.193254  0.007293  0.004216  0.011167  0.000798  0.000000  0.000456  0.000000  0.000342  0.001367  0.001367  0.082726  0.006951  1.000000  0.055948  0.183569  0.000114  0.001823  0.008774  0.262648  0.024157  0.159184  0.006039  0.017434  0.036805  0.014243  0.083637  0.003304  0.000798  0.001026  0.001595  0.011167  0.000000  0.000000  0.000000  
0.049288  0.006347  0.000324  0.048316  0.068588  0.000000  0.004598  0.007837  0.167163  0.048769  0.018135  0.013925  0.003497  0.000648  0.000000  0.000000  0.000518  0.001490  0.005440  0.002915  0.025259  0.001360  0.049935  1.000000  0.020984  0.000000  0.005376  0.025907  0.110168  0.055635  0.114637  0.006606  0.007513  0.025194  0.018135  0.203951  0.003692  0.000907  0.000972  0.005699  0.009715  0.000000  0.000000  0.000000  
0.201418  0.007801  0.001064  0.104965  0.187234  0.000000  0.089362  0.067021  2.897518  0.189007  0.115248  0.010638  0.008511  0.024823  0.000000  0.000000  0.000000  0.034043  0.002128  0.004255  0.520567  0.003901  0.136879  0.164184  1.000000  0.000000  0.006383  0.053546  0.357447  0.056028  0.185106  0.019858  0.032979  0.044681  0.026596  0.218794  0.009574  0.001773  0.002128  0.004965  0.021277  0.000000  0.000000  0.000000  
0.116034  0.002110  0.000000  0.067511  0.065401  0.000000  1.696203  0.398734  0.276371  0.221519  0.010549  0.031646  0.080169  0.000000  0.000000  0.010549  0.000000  0.000000  0.000000  0.000000  0.080169  0.016878  0.122363  0.141350  0.215190  1.000000  0.000000  0.008439  0.345992  0.044304  0.158228  0.023207  0.018987  0.014768  0.006329  0.048523  0.010549  0.000000  0.002110  0.002110  0.029536  0.000000  0.000000  0.000000  
0.218076  0.013267  0.034826  2.188226  0.875622  0.000000  3.249585  18.369818  0.356551  15.825871  0.985075  0.021559  3.208955  0.024046  0.014096  0.000000  0.000000  0.013267  0.021559  0.030680  0.070481  0.009950  9.264511  0.598673  2.379768  0.009121  1.000000  0.165008  4.177446  0.091211  2.551410  0.112769  0.036484  0.395522  0.557214  7.311774  0.105307  0.004975  0.012438  0.034826  0.232172  0.000000  0.000000  0.000000  
0.058824  0.068627  0.039216  2.078431  2.254902  0.000000  3.774510  1.362745  1.323529  6.637255  1.000000  0.735294  6.049020  22.578432  0.833333  0.000000  0.000000  0.098039  0.323529  0.196078  2.950980  1.049020  6.460784  2.343137  3.578431  0.186275  0.107843  1.000000  6.431373  1.696078  1.225490  0.441176  0.058824  0.862745  0.803922  8.078431  0.480392  0.058824  0.049020  0.215686  0.294118  0.000000  0.000000  0.000000  
0.014302  0.007151  0.019165  0.832094  0.558066  0.000000  0.000858  0.002002  0.419622  0.112700  0.088387  0.230263  0.376716  0.079233  0.000000  0.000000  0.000000  0.032895  0.143021  0.088959  0.178776  0.006579  0.023169  1.665046  0.353833  0.054920  0.249714  0.360698  1.000000  1.227403  0.218249  0.016018  0.060927  0.862700  0.725973  4.145309  1.211384  0.006579  0.030034  0.085812  0.153318  0.000000  0.000000  0.000000  
22.299999  0.062500  0.175000  6.425000  5.062500  0.000000  0.000000  3.287500  2.962500  2.125000  0.400000  0.650000  1.150000  0.037500  0.000000  21.049999  9.762500  45.000000  69.287498  13.400000  2.500000  0.000000  0.187500  3.700000  0.787500  0.112500  0.200000  0.975000  30.812500  1.000000  5.537500  0.275000  0.000000  2.775000  1.000000  15.837500  0.412500  0.075000  0.037500  0.150000  0.887500  0.000000  0.000000  0.000000  
0.031128  0.256809  0.155642  11.361868  2.805448  0.000000  1.583658  0.311284  1.556420  3.945525  0.614786  0.221790  1.704280  11.556420  0.000000  0.000000  0.000000  0.000000  0.159533  0.120623  0.560311  0.147860  0.237354  2.704280  2.311284  0.494163  3.221790  3.891051  3.163424  3.019455  1.000000  0.163424  1.626459  3.342412  6.182879  4.272374  0.400778  0.132296  0.175097  0.143969  0.638132  0.000000  0.000000  0.000000  
0.006082  0.000434  0.000000  0.769765  0.029540  0.000000  0.008688  0.000000  0.012598  0.046916  0.006082  0.002606  0.021286  0.039096  0.439183  0.035621  0.054735  0.164639  0.061251  0.009123  0.020417  0.003041  0.001303  0.044309  0.012598  0.003910  0.006516  0.005213  0.089487  0.020417  0.035187  1.000000  0.018679  0.024761  0.031712  0.044744  0.003475  0.000434  0.002606  0.002172  0.016507  0.000000  0.000000  0.000000  
0.007407  0.000000  0.022222  4.525926  0.577778  0.000000  0.029630  0.000000  0.237037  0.362963  0.096296  0.051852  0.148148  0.037037  0.000000  0.000000  0.000000  0.000000  0.000000  0.007407  0.125926  0.103704  0.340741  0.970370  0.140741  0.000000  0.177778  0.200000  0.481481  0.933333  0.318519  4.622222  1.000000  0.348148  1.511111  1.622222  0.081481  0.007407  0.066667  0.051852  0.244444  0.000000  0.000000  0.000000  
0.017143  0.011429  0.051429  2.280000  1.040000  0.000000  0.205714  0.011429  0.520000  0.451429  0.080000  0.331429  3.302857  0.308571  0.000000  0.000000  0.000000  0.000000  0.000000  0.000000  0.434286  0.377143  0.017143  1.794286  0.085714  0.005714  0.314286  0.325714  0.428571  0.268571  0.474286  0.034286  0.005714  1.000000  0.771429  2.348572  0.177143  0.022857  0.040000  0.051429  0.360000  0.000000  0.000000  0.000000  
0.000123  0.000062  0.000339  0.006939  0.009252  0.000000  0.000000  0.000000  0.008697  0.005829  0.001912  0.004318  0.015112  0.000524  0.000000  0.000000  0.000000  0.000432  0.001511  0.001079  0.004410  0.000000  0.001264  0.025074  0.000709  0.000740  0.004040  0.005767  0.006723  0.006600  0.004842  0.002313  0.000123  0.033925  1.000000  0.260054  0.001665  0.000586  0.003423  0.002776  0.005151  0.000000  0.000000  0.000000  
0.083204  0.003706  0.002869  0.124925  0.079976  0.000000  0.000000  0.001076  0.307233  0.064674  0.014226  0.018171  0.179319  0.005858  0.000000  0.000000  0.000000  0.079976  0.079857  0.004543  0.081530  0.005140  0.004662  0.192947  0.031321  0.006216  0.010281  0.151464  0.220681  0.185057  0.046742  0.007053  0.012552  0.054035  0.077227  1.000000  0.053437  0.004662  0.003825  0.036103  0.040885  0.000000  0.000000  0.008129  
138.333328  0.166667  0.166667  3.833333  348.666656  0.000000  0.000000  1.666667  18.500000  17.833334  3.500000  0.000000  11.833333  0.666667  0.000000  0.000000  0.000000  0.500000  1.666667  1.666667  4.333333  0.000000  1.166667  16.166666  1.333333  1.333333  340.833344  22.833334  34.666668  13.000000  10.666667  4.666667  0.000000  1.833333  132.333328  1148.333374  1.000000  1.166667  1.833333  29.833334  244.833328  0.000000  0.000000  0.000000  
0.000000  0.000000  1.000000  14.000000  21.000000  0.000000  0.000000  0.000000  12.000000  8.000000  0.000000  2.000000  3.000000  0.000000  0.000000  0.000000  0.000000  0.000000  8.000000  0.000000  4.000000  0.000000  0.000000  18.000000  2.000000  0.000000  3.000000  2.000000  9.000000  7.000000  4.000000  1.000000  0.000000  10.000000  4.000000  28.000000  3.000000  0.000000  2.000000  0.000000  9.000000  0.000000  0.000000  32.000000  
8.222222  0.015873  0.079365  4.507936  2.555556  0.000000  0.000000  3.698413  12.888889  0.746032  0.031746  3.619048  0.888889  0.222222  0.000000  0.793651  1.063492  3.111111  0.142857  0.000000  2.523809  0.936508  0.174603  3.269841  4.111111  0.047619  1.523810  1.460317  8.492064  0.063492  1.746032  0.174603  0.000000  3.492064  2.968254  16.793652  0.428571  0.174603  1.000000  0.253968  1.000000  0.000000  0.000000  1.619048  
0.000000  1.000000  1.000000  33.000000  43.000000  0.000000  0.000000  9.000000  122.000000  0.000000  0.000000  0.000000  23.000000  3.000000  0.000000  46.000000  157.000000  61.000000  0.000000  0.000000  100.000000  0.000000  0.000000  42.000000  4.000000  0.000000  1.000000  10.000000  81.000000  84.000000  15.000000  3.000000  0.000000  21.000000  12.000000  231.000000  0.000000  0.000000  0.000000  0.000000  5.000000  0.000000  0.000000  0.000000  
0.900578  0.191908  0.105202  2.506358  1.279769  0.000000  0.131792  0.749133  7.765318  3.141041  1.150289  1.860116  0.838150  3.700578  2.339884  0.789595  0.180347  1.186127  0.110983  0.026590  2.033526  0.716763  0.226590  3.838150  1.150289  0.108671  2.564162  0.524855  3.815029  1.513295  1.034682  0.395376  0.015029  2.427746  1.455491  2.159538  1.647399  0.374566  21.901733  0.000000  1.000000  0.156069  19.368786  4.070520  
77.000000  3.000000  12.000000  242.000000  485.000000  0.000000  153.000000  163.000000  867.000000  170.000000  28.000000  254.000000  76.000000  12.000000  0.000000  185.000000  25.000000  137.000000  291.000000  0.000000  384.000000  42.000000  42.000000  1071.000000  603.000000  117.000000  699.000000  176.000000  513.000000  6.000000  211.000000  37.000000  1.000000  507.000000  308.000000  1262.000000  100.000000  167.000000  41.000000  0.000000  201.000000  0.000000  0.000000  0.000000  
324.000000  4.000000  8.000000  215.000000  342.000000  0.000000  0.000000  237.000000  1586.000000  78.000000  3.000000  183.000000  104.000000  9.000000  0.000000  396.000000  355.000000  644.000000  17.000000  0.000000  378.000000  45.000000  5.000000  171.000000  305.000000  5.000000  96.000000  122.000000  587.000000  11.000000  142.000000  30.000000  0.000000  138.000000  65.000000  697.000000  60.000000  10.000000  10.000000  6.000000  101.000000  0.000000  0.000000  17.000000  
71.000000  1.000000  5.000000  103.000000  178.000000  0.000000  1.000000  64.000000  63.000000  27.000000  1.000000  9.000000  27.000000  2.000000  44.000000  94.000000  163.000000  229.000000  886.000000  1.000000  143.000000  7.000000  24.000000  139.000000  18.000000  5.000000  2.000000  8.000000  238.000000  117.000000  75.000000  8.000000  24.000000  73.000000  60.000000  58.000000  27.000000  1.000000  0.000000  1.000000  21.000000  0.000000  0.000000  0.000000  
0.000237  0.003943  0.005666  0.000192  0.000549  0.031548  0.000113  0.000363  0.000172  0.000344  0.000273  0.000658  0.000245  0.000299  0.001353  0.000574  0.000736  0.000246  0.000585  0.001606  0.000249  0.001011  0.000337  0.000254  0.000594  0.001449  0.000908  0.003124  0.000534  0.003527  0.001968  0.000658  0.002715  0.002385  0.000175  0.000345  0.012879  0.031548  0.003975  0.031548  0.001073  0.031548  0.031548  0.031548  