1.000000  0.000098  0.000049  0.102702  0.032211  0.000000  0.000930  0.023938  0.117045  0.049980  0.038868  0.001420  0.005189  0.004602  0.003329  0.001420  0.044694  0.301596  0.004797  0.000294  0.007441  0.003280  0.007930  0.015616  0.017329  0.000245  0.030497  0.020756  0.169522  0.005630  0.046113  0.006804  0.086548  0.014049  0.026973  0.063491  0.000636  0.000000  0.025162  0.001273  0.008224  0.000000  0.000392  0.001371  
0.216216  1.000000  0.017070  0.024182  0.927454  0.000000  0.472262  0.096728  0.913229  1.165007  0.689900  0.024182  0.236131  0.132290  0.147937  0.000000  0.000000  0.007112  0.034139  0.014225  0.025605  0.019915  0.351351  0.266003  0.113798  0.000000  0.825036  0.064011  0.240398  0.165007  0.294452  0.072546  0.403983  0.359886  0.096728  1.455192  0.051209  0.004267  0.002845  0.028450  0.091038  0.000000  0.000000  0.000000  
0.184211  94.302635  1.000000  1.671053  6.592105  0.000000  0.578947  0.394737  0.368421  3.500000  0.394737  0.671053  0.394737  0.000000  0.000000  0.000000  0.000000  0.000000  0.210526  0.000000  0.171053  0.131579  0.000000  0.513158  0.065789  0.118421  8.934211  0.250000  0.447368  0.197368  6.026316  2.618421  0.184211  0.144737  0.368421  0.960526  0.118421  0.276316  0.000000  0.144737  0.289474  0.000000  0.000000  0.000000  
0.000000  0.000120  0.000000  1.000000  0.051148  0.000000  0.005247  0.000000  0.029279  0.010734  0.006689  0.000280  0.000801  0.000000  0.000000  0.000000  0.000000  0.000240  0.000200  0.000040  0.000080  0.000080  0.000000  0.001362  0.000761  0.000000  0.000481  0.000360  0.014459  0.001001  0.020507  0.002083  0.000641  0.000320  0.000721  0.005047  0.000040  0.000000  0.000000  0.000000  0.000441  0.000000  0.000000  0.000000  
0.000439  1.083754  0.244025  1.545494  1.000000  0.000000  0.265512  0.006139  0.124753  0.244025  0.055690  0.032230  0.033326  0.000439  0.000000  0.000000  0.000000  0.000439  0.007235  0.003727  0.004604  0.000000  0.009647  0.036396  0.013374  0.000658  0.074107  0.020171  0.233501  0.003508  0.116203  0.029160  0.000000  0.013813  0.017540  0.056567  0.003508  0.000439  0.001754  0.001316  0.021048  0.000000  0.000000  0.000000  
0.000000  0.000000  0.000000  0.000000  0.000000  0.000000  0.000000  0.000000  0.000000  0.000000  0.000000  0.000000  0.000000  0.000000  0.000000  0.000000  0.000000  0.000000  0.000000  0.000000  0.000000  0.000000  0.000000  0.000000  0.000000  0.000000  0.000000  0.000000  0.000000  0.000000  0.000000  0.000000  0.000000  0.000000  0.000000  0.000000  0.000000  0.000000  0.000000  0.000000  0.000000  0.000000  0.000000  0.000000  
0.000083  0.001102  0.095144  0.011969  0.060987  0.000000  1.000000  0.010894  0.023125  0.017753  0.004628  0.001405  0.007492  0.000331  0.000000  0.000000  0.000000  0.000152  0.000730  0.000551  0.000193  0.000138  0.003388  0.005358  0.000744  0.000000  0.000344  0.063425  0.022560  0.007548  0.021238  0.002231  0.006570  0.002190  0.003071  0.014971  0.000510  0.000124  0.000000  0.000482  0.002989  0.000000  0.000000  0.000000  
0.001025  0.004996  0.029977  0.197540  0.237253  0.000000  0.112349  1.000000  0.115296  0.066359  0.028055  0.006021  0.005509  0.000641  0.000000  0.000000  0.000000  0.000128  0.004996  0.001922  0.008199  0.000769  0.066231  0.205995  0.054830  0.000000  0.006149  0.032027  0.162439  0.045478  0.169485  0.033820  0.080067  0.036126  0.022675  0.148091  0.006277  0.000641  0.001537  0.002306  0.015245  0.000000  0.000000  0.000000  
0.020268  0.004876  0.012190  0.088474  0.106715  0.000000  0.055105  0.054870  1.000000  0.088738  0.011896  0.007050  0.007990  0.000441  0.000000  0.002262  0.002262  0.020620  0.022295  0.001762  0.006521  0.000411  0.004112  0.075050  0.056427  0.000000  0.004259  0.006492  0.068940  0.004112  0.056691  0.009341  0.026936  0.013218  0.010604  0.068940  0.001381  0.000000  0.000587  0.003260  0.009664  0.000000  0.000000  0.000411  
0.000395  0.001086  0.022020  0.060136  0.121556  0.000000  2.246865  0.073664  0.150193  1.000000  0.194826  0.025773  0.068233  0.006122  0.000000  0.000000  0.000000  0.001185  0.002864  0.002962  0.011948  0.007307  0.048287  0.096672  0.093019  0.002271  0.006813  0.119384  0.248346  0.054903  0.135578  0.010171  0.019552  0.057075  0.023897  0.233830  0.009085  0.000987  0.002370  0.005530  0.029229  0.000000  0.000000  0.000000  
0.000130  0.000650  0.005006  0.042257  0.058315  0.000000  0.182681  0.013847  0.061175  0.780978  1.000000  0.032115  0.295280  0.102327  0.000000  0.000000  0.000000  0.001430  0.002535  0.002860  0.004616  0.003381  0.040762  0.064946  0.137368  0.000065  0.003836  0.013587  0.146145  0.024444  0.055259  0.017488  0.009362  0.054349  0.020999  0.209986  0.007281  0.000780  0.000910  0.004941  0.023079  0.000000  0.000000  0.000000  
0.000406  0.000406  0.002029  0.043019  0.071023  0.000000  0.297890  0.073052  0.110390  0.320211  0.121753  1.000000  0.433847  0.000406  0.000000  0.000000  0.000000  0.000000  0.001218  0.001623  0.009334  0.024756  0.021916  0.103084  0.301948  0.004464  0.021104  0.015422  0.180601  0.035714  0.080357  0.030844  0.017045  0.051542  0.015016  0.255276  0.010552  0.001623  0.003653  0.004464  0.029221  0.000000  0.000000  0.000000  
0.000928  0.000309  0.002906  0.035867  0.055284  0.000000  0.341414  0.071424  0.088368  0.252304  0.070991  0.027704  1.000000  0.000804  0.000000  0.000000  0.000000  0.001360  0.003649  0.002164  0.008596  0.000495  0.032527  0.080329  0.156762  0.001237  0.005566  0.013852  0.086822  0.065055  0.043040  0.009461  0.012615  0.017871  0.011131  0.131099  0.006246  0.001608  0.001422  0.004205  0.016326  0.000000  0.000000  0.000000  
0.000513  0.000807  0.000660  0.032852  0.063650  0.000000  0.260028  0.063357  0.137567  0.530175  0.167706  0.044585  0.312165  1.000000  0.000000  0.000000  0.000000  0.001540  0.001760  0.001467  0.029552  0.003373  0.036225  0.040625  0.269121  0.000000  0.003593  0.067757  0.150253  0.018626  0.067390  0.009166  0.008726  0.029845  0.018112  0.164112  0.004326  0.000367  0.000513  0.002860  0.015913  0.000000  0.000000  0.000000  
0.000000  0.000708  0.000000  0.053116  0.069405  0.000000  1.066572  0.009207  0.155807  0.894476  0.757790  0.097025  0.344901  0.047450  1.000000  0.000000  0.000000  0.000000  0.002125  0.000000  0.021246  0.003541  0.040368  0.016289  0.106232  0.000000  0.030453  0.027620  0.220963  0.022663  0.079320  0.002125  0.000000  0.044618  0.014873  0.063739  0.004958  0.000000  0.000000  0.000708  0.031161  0.000000  0.000000  0.000000  
9.155074  0.003421  0.003421  0.181870  0.151653  0.000000  0.001710  0.074116  0.121437  0.269099  0.021665  0.011973  0.005131  0.001140  0.000000  1.000000  0.000000  0.241733  0.006842  0.005701  0.011403  0.001710  0.004561  0.173888  0.093501  0.000000  0.014253  0.031927  0.872862  0.043900  0.199544  0.045610  0.133409  0.033067  0.023375  0.105473  0.006271  0.000570  0.005131  0.002851  0.049601  0.000000  0.000000  0.000000  
7.847592  0.000719  0.001438  0.135873  0.170381  0.000000  0.000000  0.049605  0.035226  0.158160  0.011503  0.002157  0.000000  0.000719  0.000000  0.000000  1.000000  0.024443  0.006470  0.001438  0.002157  0.000000  0.009346  0.234364  0.094896  0.000000  0.005751  0.012940  0.706686  0.009346  0.173257  0.023005  0.158879  0.029475  0.012940  0.132279  0.001438  0.000000  0.000000  0.001438  0.038102  0.000000  0.000000  0.000000  
1.152264  0.001563  0.003002  0.042459  0.048024  0.000000  0.000000  0.031016  0.028452  0.046961  0.005253  0.001688  0.000500  0.000125  0.000000  0.029390  0.121811  1.000000  0.030828  0.001063  0.002376  0.000063  0.002001  0.098237  0.036518  0.000000  0.004690  0.006503  0.188032  0.015633  0.059780  0.007691  0.034267  0.008942  0.005878  0.037144  0.003752  0.000125  0.000500  0.001063  0.012131  0.000000  0.000000  0.000000  
0.924096  0.004296  0.001790  0.109918  0.107411  0.000000  0.000000  0.248836  0.069459  0.134980  0.012173  0.007519  0.001432  0.001074  0.000000  0.000000  0.003222  0.490512  1.000000  0.003222  0.012889  0.001432  0.017544  0.189044  0.050483  0.000000  0.018618  0.035446  0.375224  0.093806  0.092374  0.011099  0.120659  0.034730  0.031865  0.175439  0.003580  0.000716  0.003580  0.003222  0.031149  0.000000  0.000000  0.000000  
3.857939  0.008357  0.002786  0.097493  0.097493  0.000000  0.019499  0.000000  0.164345  0.217270  0.033426  0.011142  0.002786  0.000000  0.000000  0.000000  0.000000  0.030641  0.022284  1.000000  0.002786  0.000000  0.025070  0.481894  0.050139  0.000000  0.075209  0.047354  0.337047  0.139276  0.130919  0.033426  0.153203  0.019499  0.058496  0.217270  0.002786  0.000000  0.002786  0.008357  0.080780  0.000000  0.000000  0.000000  
0.151856  0.001021  0.001475  0.040801  0.044603  0.000000  0.002270  0.000000  0.265918  0.030190  0.018216  0.001759  0.000624  0.000170  0.000000  0.014754  0.000000  0.000057  0.000511  0.000567  1.000000  0.020883  0.009477  0.027579  0.018613  0.003859  0.000851  0.004370  0.101918  0.011179  0.033140  0.008569  0.008512  0.022869  0.005561  0.072296  0.002156  0.000057  0.000511  0.001589  0.012655  0.000000  0.000000  0.000000  
0.042179  0.000879  0.003515  0.088752  0.028120  0.000000  0.023726  0.011424  0.182777  0.261863  0.035149  0.005272  0.003515  0.000879  0.000000  0.247803  0.000000  0.004394  0.007909  0.001757  0.324253  1.000000  0.063269  0.145870  0.445518  0.000879  0.002636  0.022847  0.239016  0.045694  0.044815  0.017575  0.041301  0.099297  0.021090  0.128295  0.010545  0.000000  0.000879  0.003515  0.026362  0.000000  0.000000  0.000000  
0.265982  0.000400  0.001601  0.063526  0.074870  0.000000  0.013479  0.039637  0.120379  0.217269  0.008541  0.004938  0.012545  0.000801  0.000000  0.000534  0.000000  0.000133  0.001335  0.001735  0.086881  0.008408  1.000000  0.055385  0.190578  0.000000  0.002269  0.013346  0.297878  0.033231  0.145736  0.008408  0.027893  0.047111  0.016015  0.098092  0.003603  0.000534  0.001335  0.001868  0.014814  0.000000  0.000000  0.000000  
0.041446  0.001805  0.000962  0.033145  0.070561  0.000000  0.002707  0.005474  0.142144  0.038378  0.015941  0.013715  0.002887  0.000481  0.000000  0.000000  0.000361  0.001143  0.005534  0.002827  0.016362  0.001143  0.037656  1.000000  0.012332  0.000000  0.004993  0.023159  0.105209  0.067312  0.081990  0.006376  0.007339  0.025265  0.017866  0.201817  0.003128  0.000722  0.000902  0.005835  0.010106  0.000000  0.000000  0.000000  
0.130960  0.003319  0.002414  0.073929  0.197043  0.000000  0.036210  0.056427  2.411889  0.140314  0.083887  0.008751  0.006035  0.025045  0.000000  0.000000  0.000000  0.010863  0.001509  0.003319  0.358479  0.002716  0.089922  0.103802  1.000000  0.000000  0.004828  0.045564  0.205492  0.053108  0.129149  0.020217  0.035607  0.040133  0.021424  0.162945  0.008147  0.001207  0.001811  0.004225  0.020217  0.000000  0.000000  0.000000  
0.076070  0.000000  0.003170  0.041204  0.039620  0.000000  0.795563  0.220285  0.142631  0.142631  0.006339  0.020602  0.049128  0.000000  0.000000  0.011094  0.000000  0.000000  0.001585  0.000000  0.044374  0.011094  0.069731  0.060222  0.120444  1.000000  0.000000  0.004754  0.297940  0.036450  0.095087  0.020602  0.017433  0.009509  0.001585  0.038035  0.006339  0.000000  0.001585  0.000000  0.022187  0.000000  0.000000  0.000000  
0.070834  0.002146  0.012879  0.611215  0.338342  0.000000  0.810035  5.625168  0.115374  4.908237  0.251677  0.006976  1.038637  0.006708  0.000000  0.000000  0.000000  0.003488  0.007781  0.011269  0.022538  0.002415  2.290582  0.205796  0.771935  0.002951  1.000000  0.103300  1.243896  0.038637  0.712906  0.055004  0.017709  0.142474  0.179769  2.471961  0.035686  0.001342  0.004561  0.013684  0.092568  0.000000  0.000000  0.000000  
0.077922  0.077922  0.142857  4.597403  5.103896  0.000000  6.935065  1.584416  5.493506  14.545455  1.363636  1.623377  7.857143  40.727272  2.129870  0.000000  0.000000  0.116883  0.233766  0.220779  3.012987  1.441558  8.090909  2.935065  7.064935  0.168831  0.051948  1.000000  13.922078  1.675325  3.000000  0.714286  0.000000  1.506493  1.259740  11.662337  0.649351  0.064935  0.064935  0.337662  0.766234  0.000000  0.000000  0.000000  
0.021593  0.006730  0.022995  0.871004  0.624229  0.000000  0.000280  0.002804  0.431856  0.111049  0.087213  0.253505  0.379136  0.069265  0.000000  0.000000  0.000000  0.027201  0.138811  0.097869  0.171060  0.006169  0.020471  1.514021  0.329220  0.054683  0.244532  0.529164  1.000000  1.309591  0.183118  0.021593  0.147224  0.890634  0.745093  4.134044  1.286315  0.007291  0.031688  0.096467  0.170780  0.000000  0.000000  0.000000  
28.744680  0.106383  0.117021  4.382979  5.702127  0.000000  0.000000  2.957447  2.478723  1.819149  0.329787  0.595745  1.063830  0.031915  0.000000  14.021276  8.840425  45.340427  52.521278  12.829787  2.095745  0.000000  0.202128  3.074468  0.563830  0.106383  0.170213  0.765957  31.861702  1.000000  4.340425  0.340426  0.000000  2.553191  0.893617  14.138298  0.351064  0.063830  0.031915  0.138298  0.893617  0.000000  0.000000  0.000000  
0.028436  0.236967  0.113744  13.265403  3.886256  0.000000  1.436019  0.407583  1.701422  5.042654  0.682464  0.464455  1.952607  11.421801  0.398104  0.000000  0.000000  0.000000  0.146919  0.146919  0.545024  0.175355  0.241706  2.895735  2.511848  0.530806  3.251185  5.421801  4.559242  2.938389  1.000000  0.213270  2.469194  2.535545  5.094787  4.867299  0.454976  0.151659  0.213270  0.170616  0.843602  0.000000  0.000000  0.000000  
0.009978  0.000000  0.000000  0.913232  0.019089  0.000000  0.009111  0.000000  0.012148  0.049458  0.006074  0.013449  0.020824  0.037310  0.435575  0.029935  0.059870  0.199132  0.062907  0.009978  0.018655  0.002603  0.000868  0.038178  0.011280  0.003905  0.006074  0.003905  0.126247  0.024295  0.035575  1.000000  0.037744  0.020824  0.030803  0.046855  0.003037  0.000000  0.002603  0.002169  0.019089  0.000000  0.000000  0.000000  
0.003663  0.003663  0.014652  0.974359  0.260073  0.000000  0.021978  0.000000  0.161172  0.263736  0.058608  0.025641  0.102564  0.025641  0.000000  0.000000  0.000000  0.000000  0.000000  0.003663  0.058608  0.073260  0.201465  0.684982  0.084249  0.000000  0.483516  0.190476  0.391941  1.600733  0.146520  3.080586  1.000000  1.417582  2.069597  1.197802  0.058608  0.003663  0.051282  0.040293  0.201465  0.000000  0.000000  0.000000  
0.025000  0.050000  0.137500  5.012500  8.487500  0.000000  0.312500  0.012500  0.875000  0.762500  0.125000  0.600000  4.337500  0.412500  0.000000  0.000000  0.000000  0.000000  0.012500  0.000000  0.800000  0.650000  0.037500  3.062500  0.175000  0.000000  0.575000  0.600000  0.975000  0.512500  0.637500  0.062500  0.012500  1.000000  23.112499  2.350000  0.287500  0.025000  0.075000  0.087500  0.687500  0.000000  0.000000  0.000000  
0.000140  0.000000  0.000364  0.006830  0.010609  0.000000  0.000000  0.000000  0.007950  0.005151  0.001708  0.004255  0.013465  0.000420  0.000000  0.000000  0.000000  0.000336  0.001344  0.001064  0.003807  0.000000  0.001120  0.023878  0.000644  0.000672  0.003835  0.005627  0.006242  0.007782  0.003527  0.002295  0.000140  0.034012  1.000000  0.254962  0.001540  0.000504  0.003527  0.002855  0.005655  0.000000  0.000000  0.000000  
0.085585  0.000317  0.001900  0.086745  0.080625  0.000000  0.000000  0.000844  0.303820  0.062157  0.014035  0.019734  0.175074  0.005276  0.000106  0.000000  0.000000  0.068278  0.075348  0.005065  0.074504  0.004854  0.004116  0.193331  0.029548  0.004854  0.012875  0.153229  0.236281  0.221190  0.039574  0.008231  0.017940  0.058463  0.076404  1.000000  0.054453  0.004327  0.004221  0.039046  0.048333  0.000000  0.000000  0.009076  
169.000000  0.166667  0.166667  5.500000  451.833344  0.000000  0.000000  1.833333  17.333334  21.333334  3.333333  0.000000  11.500000  0.500000  0.000000  0.000000  0.000000  0.333333  1.666667  1.833333  3.833333  0.000000  1.000000  16.166666  1.166667  1.333333  365.333344  21.000000  40.333332  15.333333  9.166667  5.166667  0.000000  2.000000  145.500000  1220.333374  1.000000  1.000000  2.166667  34.000000  294.166656  0.000000  0.000000  0.000000  
0.000000  0.000000  1.000000  19.000000  29.000000  0.000000  0.000000  0.000000  13.000000  7.000000  0.000000  2.000000  3.000000  0.000000  0.000000  0.000000  0.000000  0.000000  13.000000  0.000000  4.000000  0.000000  0.000000  20.000000  4.000000  0.000000  3.000000  2.000000  10.000000  9.000000  3.000000  1.000000  0.000000  12.000000  4.000000  33.000000  3.000000  0.000000  2.000000  0.000000  44.000000  0.000000  0.000000  42.000000  
7.156250  0.020833  0.062500  2.739583  2.135417  0.000000  0.000000  3.062500  12.000000  0.625000  0.031250  3.343750  0.833333  0.166667  0.000000  0.531250  0.989583  2.937500  0.135417  0.000000  1.968750  0.781250  0.135417  3.552083  3.375000  0.031250  1.281250  1.583333  7.645833  0.083333  1.406250  0.197917  0.000000  3.333333  2.468750  20.020834  0.375000  0.135417  1.000000  0.250000  2.250000  0.000000  0.000000  1.572917  
0.000000  1.000000  2.000000  30.000000  60.000000  0.000000  0.000000  13.000000  121.000000  0.000000  0.000000  0.000000  26.000000  3.000000  0.000000  37.000000  191.000000  80.000000  1.000000  0.000000  88.000000  0.000000  0.000000  48.000000  5.000000  0.000000  1.000000  15.000000  100.000000  113.000000  14.000000  3.000000  0.000000  26.000000  14.000000  274.000000  0.000000  0.000000  0.000000  0.000000  7.000000  0.000000  0.000000  0.000000  
1.265709  0.197487  0.131059  1.572711  0.849192  0.000000  0.113106  0.637343  6.323160  3.076302  0.938959  1.770198  0.692998  2.999102  1.519749  0.566427  0.162478  1.075404  0.093357  0.025135  1.509874  0.614901  0.167864  3.262119  0.889587  0.109515  1.570018  0.703770  3.742370  1.529623  0.744165  0.377020  0.418312  2.236086  1.269300  2.102334  1.416517  0.322262  21.845602  0.000000  1.000000  0.087971  16.469479  3.814183  
100.000000  4.000000  12.000000  247.000000  1232.000000  0.000000  170.000000  189.000000  895.000000  189.000000  30.000000  299.000000  80.000000  12.000000  0.000000  171.000000  25.000000  136.000000  336.000000  0.000000  364.000000  43.000000  42.000000  1194.000000  628.000000  109.000000  616.000000  170.000000  559.000000  10.000000  186.000000  46.000000  1.000000  598.000000  375.000000  1423.000000  108.000000  169.000000  49.000000  0.000000  259.000000  0.000000  0.000000  0.000000  
400.000000  3.000000  6.000000  231.000000  786.000000  0.000000  0.000000  267.000000  1652.000000  89.000000  3.000000  217.000000  120.000000  7.000000  0.000000  367.000000  411.000000  778.000000  21.000000  0.000000  409.000000  44.000000  5.000000  181.000000  311.000000  6.000000  91.000000  160.000000  766.000000  23.000000  133.000000  38.000000  0.000000  158.000000  91.000000  912.000000  70.000000  10.000000  11.000000  8.000000  219.000000  0.000000  0.000000  18.000000  
87.000000  2.000000  4.000000  93.000000  106.000000  0.000000  0.000000  65.000000  58.000000  28.000000  1.000000  8.000000  27.000000  2.000000  198.000000  81.000000  183.000000  255.000000  796.000000  1.000000  158.000000  7.000000  25.000000  146.000000  19.000000  5.000000  4.000000  9.000000  269.000000  144.000000  65.000000  8.000000  34.000000  81.000000  63.000000  62.000000  27.000000  0.000000  0.000000  1.000000  25.000000  0.000000  0.000000  0.000000  
0.000221  0.001190  0.003619  0.000200  0.000467  0.031548  0.000117  0.000357  0.000171  0.000313  0.000254  0.000636  0.000248  0.000270  0.000840  0.000753  0.000846  0.000249  0.000597  0.001665  0.000238  0.000935  0.000364  0.000245  0.000548  0.001256  0.000517  0.003595  0.000528  0.003254  0.002172  0.000657  0.001909  0.003527  0.000167  0.000324  0.012879  0.031548  0.003220  0.031548  0.000945  0.031548  0.031548  0.031548  