1.000000  0.000362  0.000000  0.227177  0.039021  0.000000  0.000348  0.006877  0.233645  0.018417  0.028106  0.000079  0.000376  0.000028  0.003336  0.000014  0.044413  0.465332  0.000241  0.000000  0.017127  0.001253  0.012784  0.006506  0.013540  0.000283  0.018960  0.001248  0.081015  0.001253  0.049155  0.002858  0.012529  0.002237  0.016056  0.022376  0.000000  0.000000  0.003689  0.000367  0.006181  0.000000  0.000000  0.002961  
0.044568  1.000000  0.000000  0.300836  3.286908  0.000000  0.760446  0.091922  1.125348  1.064067  1.161560  0.000000  0.197772  0.016713  0.323120  0.000000  0.000000  0.000000  0.005571  0.000000  0.047354  0.058496  0.370474  0.116992  0.052925  0.030641  0.142061  0.050139  0.618384  0.013928  0.289694  0.077994  0.155989  0.091922  0.857939  0.387187  0.000000  0.000000  0.000000  0.000000  0.281337  0.000000  0.000000  0.345404  
0.222222  1236.611084  1.000000  2.888889  73.611115  0.000000  0.000000  0.000000  40.166668  3.777778  2.000000  0.111111  0.444444  0.000000  0.000000  0.000000  0.000000  0.000000  0.055556  0.000000  0.277778  0.055556  0.277778  1.111111  0.611111  0.166667  1.333333  0.388889  7.833333  0.500000  36.166668  29.333334  3.833333  1.111111  6.944445  4.000000  0.000000  0.000000  0.000000  0.000000  0.500000  0.000000  0.000000  1.111111  
0.000027  0.000354  0.000127  1.000000  0.003608  0.000000  0.003227  0.000340  0.011631  0.003676  0.001265  0.000009  0.000993  0.000000  0.000000  0.000000  0.000000  0.000054  0.000018  0.000000  0.000109  0.000054  0.000091  0.000349  0.000326  0.000018  0.001070  0.000073  0.003826  0.000227  0.006351  0.003078  0.000830  0.000589  0.004220  0.004052  0.000000  0.000000  0.000000  0.000000  0.000603  0.000000  0.000000  0.000467  
0.001112  0.812635  0.004755  1.994010  1.000000  0.027234  0.024393  0.059285  0.044834  0.033965  0.006917  0.006052  0.046378  0.000000  0.000000  0.000000  0.000000  0.000432  0.000494  0.000000  0.000741  0.003458  0.005867  0.044155  0.003150  0.002841  0.037671  0.013710  0.161798  0.020503  0.212314  0.096523  0.007411  0.018712  0.078614  0.095659  0.000000  0.000000  0.000000  0.000000  0.051936  0.000000  0.000000  0.014698  
0.000000  0.000000  0.000000  0.125000  0.145833  1.000000  0.000000  0.000000  0.625000  0.041667  0.041667  0.000000  0.041667  0.000000  0.000000  0.000000  0.000000  0.000000  0.000000  0.000000  0.000000  0.000000  0.020833  0.020833  0.000000  0.000000  0.000000  0.000000  0.083333  0.020833  0.104167  0.000000  0.000000  0.020833  0.062500  0.104167  0.000000  0.000000  0.000000  0.000000  0.062500  0.000000  0.000000  0.000000  
0.000254  0.011973  0.196577  0.041925  0.136087  0.000000  1.000000  0.031605  0.035391  0.022213  0.012046  0.000174  0.003539  0.000000  0.000131  0.000000  0.000000  0.000051  0.000145  0.000000  0.000986  0.000921  0.001059  0.003300  0.002110  0.001153  0.004881  0.275807  0.029364  0.003271  0.048495  0.015396  0.011016  0.003162  0.013852  0.022815  0.000000  0.000000  0.000000  0.000000  0.005744  0.000000  0.000000  0.001922  
0.025390  0.052512  0.000962  0.627606  0.366469  0.000000  0.119181  1.000000  0.218166  0.037663  0.031815  0.000808  0.027814  0.000000  0.000000  0.000000  0.000000  0.009925  0.004347  0.000000  0.012349  0.002924  0.022505  0.178541  0.009541  0.003847  0.027583  0.016619  0.167769  0.016388  0.426483  0.072055  0.019389  0.017273  0.101408  0.078480  0.000000  0.000000  0.000000  0.000000  0.026891  0.000000  0.000000  0.014349  
0.031901  0.012821  0.011715  0.148534  0.078186  0.000000  0.028742  0.124623  1.000000  0.018003  0.004881  0.001342  0.002943  0.000000  0.000000  0.020315  0.004565  0.038088  0.017565  0.000000  0.007430  0.000632  0.004364  0.068776  0.038418  0.001701  0.007257  0.005872  0.053766  0.009475  0.072989  0.011335  0.006231  0.006396  0.018944  0.115169  0.000000  0.000000  0.000000  0.000000  0.004989  0.000000  0.000000  0.002204  
0.001193  0.006134  0.016657  0.083156  0.330621  0.000000  3.429454  0.045881  0.137940  1.000000  0.087757  0.001150  0.053591  0.000000  0.000000  0.000000  0.000000  0.000639  0.000426  0.000000  0.015592  0.003238  0.073443  0.061046  0.034847  0.018446  0.023004  0.208316  0.242864  0.014399  0.223992  0.036381  0.023899  0.028287  0.102241  0.089844  0.000000  0.000000  0.000000  0.000000  0.017338  0.000000  0.000000  0.011161  
0.000191  0.001606  0.002257  0.013845  0.054157  0.000000  0.638951  0.005087  0.031439  0.875660  1.000000  0.010365  0.193873  0.000000  0.000000  0.000000  0.000000  0.000229  0.000153  0.000000  0.041804  0.001147  0.038476  0.013310  0.104299  0.018167  0.010594  0.006119  0.106479  0.012239  0.061577  0.004054  0.004475  0.005737  0.035990  0.070527  0.000000  0.000000  0.000000  0.000000  0.007152  0.000000  0.000000  0.004781  
0.000129  0.000386  0.000257  0.003988  0.016594  0.000000  0.131978  0.069462  0.021225  0.175071  0.036017  1.000000  0.111783  0.000000  0.000000  0.000000  0.000000  0.000129  0.000643  0.000000  0.011191  0.001801  0.021739  0.039491  0.076923  0.013249  0.003473  0.005403  0.078981  0.021996  0.026370  0.002573  0.001029  0.006046  0.028685  0.138410  0.000000  0.000000  0.000000  0.000000  0.010033  0.000000  0.000000  0.005917  
0.000118  0.000798  0.001626  0.028256  0.072976  0.000000  0.834245  0.061892  0.123430  0.474566  0.095617  0.021517  1.000000  0.000000  0.000000  0.000000  0.000000  0.000502  0.000177  0.000000  0.005113  0.000680  0.053557  0.055804  0.164396  0.017971  0.008926  0.005527  0.171164  0.014099  0.094316  0.005941  0.004020  0.012946  0.047764  0.133804  0.000000  0.000000  0.000000  0.000000  0.010079  0.000000  0.000000  0.008306  
0.000090  0.004663  0.000473  0.022076  0.046157  0.000000  0.549761  0.033069  0.047599  0.460128  0.156965  0.027370  0.147707  1.000000  0.000000  0.000000  0.000000  0.000090  0.000135  0.000000  0.044467  0.001194  0.026626  0.013426  0.209745  0.006307  0.006645  0.007637  0.064516  0.006105  0.058772  0.005722  0.003356  0.005474  0.023180  0.094386  0.000000  0.000000  0.000000  0.000000  0.008515  0.000000  0.000000  0.004167  
0.001157  0.010414  0.005786  0.085628  0.244156  0.000000  5.099051  0.099283  0.287433  2.875029  1.471187  0.207128  0.747512  0.000000  1.000000  0.000000  0.000000  0.001389  0.001389  0.000000  0.167785  0.016894  0.445730  0.055543  0.445267  0.017820  0.030780  0.038417  0.436242  0.056931  0.269845  0.067346  0.039111  0.062486  0.317056  0.281879  0.000000  0.000000  0.000000  0.000000  0.096505  0.000000  0.000000  0.044666  
166.036774  0.029772  0.000000  0.406305  0.386165  0.000000  0.494746  0.089317  0.161121  0.379159  0.064799  0.003503  0.028021  0.000000  0.000000  1.000000  0.000000  0.564799  0.010508  0.000000  0.074431  0.013135  0.073555  0.248687  0.176883  0.020140  0.134851  0.061296  2.978984  0.057793  1.843257  0.031524  0.236427  0.112084  0.274081  0.169877  0.000000  0.000000  0.133100  0.000000  0.218039  0.000000  0.000000  0.050788  
82.369591  0.070773  0.000000  0.720839  0.549148  0.000000  1.127130  0.517693  0.315858  0.532110  0.102228  0.018349  0.052425  0.000000  0.000000  0.000000  1.000000  2.825688  0.010485  0.000000  0.034076  0.007864  0.398427  1.002621  0.846658  0.010485  0.182176  0.060288  1.110092  0.027523  2.870249  0.043250  0.020970  0.053735  0.249017  0.554391  0.000000  0.000000  0.019659  0.000000  0.106160  0.000000  0.000000  0.040629  
2.415364  0.001531  0.000932  0.053266  0.037156  0.000000  0.040773  0.017752  0.068221  0.048118  0.005026  0.000344  0.002696  0.000000  0.000000  0.031709  0.043114  1.000000  0.002629  0.000000  0.013536  0.000721  0.012426  0.071195  0.013968  0.000666  0.006402  0.003794  0.067090  0.001808  0.127767  0.006379  0.007855  0.004737  0.024009  0.041128  0.000000  0.000000  0.000000  0.000000  0.007744  0.000000  0.000000  0.002674  
7.253720  0.014879  0.000000  0.400548  0.417385  0.000000  0.071261  2.097886  1.219264  0.745497  0.043853  0.004699  0.030540  0.000000  0.000000  0.000000  0.000000  2.371574  1.000000  0.000000  0.015270  0.003915  0.406030  0.331637  0.137431  0.007831  0.079875  0.115505  0.556774  0.046202  1.648786  0.050901  0.038763  0.041504  0.348473  2.059123  0.000000  0.000000  0.000000  0.000000  0.119029  0.000000  0.000000  0.037588  
114.681816  0.030303  0.000000  0.454545  1.333333  0.000000  0.151515  0.000000  2.712121  1.348485  0.303030  0.060606  0.469697  0.000000  0.000000  0.000000  0.000000  0.000000  0.045455  1.000000  0.363636  0.030303  2.500000  35.257576  0.303030  0.106061  0.621212  0.409091  0.712121  0.090909  9.712121  1.393939  0.606061  0.439394  4.378788  8.515152  0.000000  0.000000  0.000000  0.000000  0.954545  0.000000  0.000000  0.303030  
0.076399  0.001499  0.000000  0.008333  0.035563  0.000000  0.000233  0.001792  0.259979  0.007816  0.010849  0.000310  0.002870  0.000000  0.000000  0.003145  0.000000  0.002645  0.000164  0.000000  1.000000  0.064422  0.003016  0.015761  0.019121  0.015666  0.003611  0.001810  0.176401  0.004386  0.049988  0.002370  0.003499  0.004343  0.030246  0.039561  0.000000  0.000000  0.000000  0.000000  0.005282  0.000000  0.000000  0.003387  
0.035815  0.000474  0.000000  0.008222  0.022018  0.000000  0.003281  0.003083  0.264063  0.054117  0.007155  0.000198  0.001858  0.000000  0.000000  0.439973  0.000000  0.009369  0.000870  0.000000  0.121240  1.000000  0.033601  0.076491  0.182868  0.005376  0.003993  0.004269  0.234455  0.005099  0.088390  0.003874  0.013005  0.009487  0.055777  0.055975  0.000000  0.000000  0.000000  0.000000  0.009606  0.000000  0.000000  0.004625  
0.689799  0.001129  0.000000  0.015467  0.065223  0.000000  0.013346  0.057421  0.127400  0.098073  0.008726  0.000411  0.010882  0.000000  0.000000  0.003046  0.000000  0.000958  0.002669  0.000000  0.062006  0.006707  1.000000  0.019403  0.075968  0.001916  0.010505  0.008658  0.115799  0.005715  0.319406  0.042056  0.021319  0.009137  0.060124  0.058550  0.000000  0.000000  0.000000  0.000000  0.016117  0.000000  0.000000  0.008213  
0.105875  0.002106  0.000000  0.040071  0.047450  0.000000  0.004324  0.003498  0.102290  0.008253  0.005543  0.000135  0.001490  0.000000  0.000000  0.000000  0.000000  0.001035  0.000406  0.000000  0.003018  0.000850  0.001183  1.000000  0.006935  0.001885  0.001503  0.075202  0.040527  0.003178  0.073712  0.004336  0.004964  0.002488  0.019204  0.039738  0.000000  0.000000  0.000000  0.033062  0.005235  0.000000  0.000000  0.003486  
0.097767  0.011986  0.000000  0.294947  0.424677  0.000000  0.274031  0.055934  12.042068  0.714454  0.046533  0.005640  0.035018  0.000000  0.000000  0.000000  0.000000  0.036428  0.012926  0.000000  1.829847  0.005405  0.038073  0.379788  1.000000  0.008226  0.058754  0.116099  0.945476  0.117509  0.640423  0.045828  0.107873  0.047474  0.223032  1.451469  0.000000  0.000000  0.000000  0.000000  0.083196  0.000000  0.000000  0.036428  
0.202982  0.011869  0.000000  0.019172  0.181376  0.000000  2.814060  0.203287  1.752282  1.209373  0.026172  0.007912  0.169203  0.000000  0.000000  0.060256  0.000000  0.023433  0.002130  0.000000  0.330493  0.077906  0.430310  0.376446  0.371272  1.000000  0.030736  0.023128  0.426354  0.038344  0.251978  0.050517  0.035606  0.015825  0.156421  0.217590  0.000000  0.000000  0.000000  0.000000  0.037127  0.000000  0.000000  0.014607  
0.262994  0.100832  1.562370  8.193347  3.592516  0.000000  105.707901  141.647614  16.386694  68.370064  1.147609  0.028067  21.643452  0.000000  0.000000  0.000000  0.000000  0.290021  0.065489  0.000000  0.556133  0.140333  35.057171  3.601871  7.648649  0.195426  1.000000  2.221414  22.103951  0.861746  31.767151  3.290021  1.556133  1.149688  5.860707  21.255716  0.000000  0.000000  0.000000  0.470894  6.065488  0.000000  0.000000  0.271310  
0.097087  0.271845  0.000000  0.514563  6.708738  0.000000  4.864078  1.436893  3.184466  24.970873  2.543689  0.611650  36.524273  42.660194  3.776699  0.000000  0.000000  0.000000  0.029126  0.000000  1.922330  1.262136  2.058252  0.757282  5.174757  0.097087  3.543689  1.000000  33.184467  1.359223  6.611650  0.553398  1.106796  1.417476  3.737864  5.970874  0.000000  0.000000  0.000000  0.000000  5.834951  0.000000  0.000000  0.932039  
0.007088  0.005722  0.000000  0.018630  0.212635  0.000000  0.000000  0.005917  0.048022  0.037682  0.009104  0.002243  0.033163  0.000000  0.001235  0.000000  0.000000  0.000325  0.001008  0.000000  0.050883  0.002634  0.090256  0.448223  0.120558  0.021263  0.239393  0.149624  1.000000  0.130377  0.096954  0.023799  0.362682  0.239555  0.454433  0.394447  0.000000  0.000000  0.000000  0.008551  0.109243  0.000000  0.000000  0.029034  
53625.000000  315.000000  0.000000  1208.000000  11362.000000  0.000000  0.000000  2022.000000  2570.000000  1987.000000  156.000000  16.000000  318.000000  0.000000  0.000000  31881.000000  5885.000000  31158.000000  44231.000000  603.000000  4155.000000  36.000000  493.000000  1328.000000  1042.000000  133.000000  2964.000000  1579.000000  13852.000000  0.000000  4203.000000  108.000000  698.000000  2752.000000  2282.000000  3406.000000  0.000000  0.000000  0.000000  4898.000000  2947.000000  0.000000  0.000000  365.000000  
0.069012  0.036874  0.000000  16.486467  0.655277  0.000000  0.000000  0.056834  0.407645  0.168471  0.011164  0.008457  0.049053  2.854872  0.802097  0.000000  0.000000  0.005413  0.012517  0.000000  0.052097  0.008457  0.083559  0.152571  1.276387  0.014547  0.699594  11.585588  3.053789  0.179635  1.000000  0.333897  0.782476  0.519959  2.083559  1.771651  0.000000  0.000000  0.000000  0.053112  0.250338  0.000000  0.000000  0.120433  
0.346405  0.035294  0.000000  42.831371  0.128105  0.000000  0.000000  0.037908  0.904575  0.169935  0.129412  0.037908  0.067974  0.000000  10.884967  0.720261  0.209150  0.735948  1.126797  0.104575  0.428758  0.020915  0.082353  0.456209  0.464052  0.019608  0.261438  0.066667  3.325490  0.201307  1.671895  1.000000  29.483660  2.718954  4.309804  4.073203  0.000000  0.000000  0.000000  0.210458  0.597386  0.000000  0.000000  0.201307  
0.200855  0.401709  0.000000  0.743590  2.354701  0.000000  0.000000  0.106838  0.547009  0.358974  0.051282  0.017094  0.166667  0.000000  0.000000  0.000000  0.000000  0.012821  0.017094  0.000000  0.149573  0.012821  0.508547  1.076923  0.594017  0.034188  2.470085  0.269231  1.692308  0.243590  2.867521  0.128205  1.000000  1.901709  3.914530  2.743590  0.000000  0.000000  0.000000  0.000000  2.346154  0.000000  0.000000  0.799145  
0.003759  0.007519  0.000000  0.265038  0.310777  0.000000  0.000000  0.003133  0.032581  0.106516  0.017544  0.022556  0.488722  0.000000  0.000000  0.000000  0.000000  0.000000  0.001253  0.000000  0.012531  0.003759  0.010025  0.536967  0.008772  0.018170  0.258145  0.056391  0.080827  0.124060  0.958647  0.692982  0.017544  1.000000  0.120927  0.246867  0.000000  0.000000  0.000000  0.000000  0.054511  0.000000  0.000000  0.052005  
0.002863  0.007873  0.000000  0.051709  0.407855  0.000000  0.000000  0.001610  0.026928  0.011809  0.000626  0.009036  0.011809  0.000000  0.000000  0.000000  0.000000  0.000000  0.000268  0.000000  0.009036  0.001521  0.011272  1.159062  0.016819  0.008767  0.381285  0.007783  0.108964  0.093666  0.068706  0.034443  0.007246  0.466273  1.000000  0.757112  0.000000  0.000000  0.000000  0.021650  0.045625  0.000000  0.000000  0.029970  
0.007587  0.003486  0.000000  0.007997  0.037113  0.000000  0.000000  0.000513  0.011380  0.049108  0.010970  0.009740  0.015788  0.000000  0.000000  0.000000  0.000000  0.000000  0.000103  0.000000  0.002255  0.000308  0.001333  0.209658  0.007997  0.017121  0.047980  0.030757  0.061513  0.043469  0.034345  0.017941  0.005126  0.166291  0.124462  1.000000  0.000000  0.000000  0.000000  0.606725  0.031884  0.000000  0.000000  0.011893  
2.354286  4.342857  0.000000  10.691428  11.657143  0.000000  0.000000  0.394286  4.074286  1.400000  0.045714  0.000000  1.622857  0.000000  0.000000  0.000000  0.000000  0.000000  0.017143  0.000000  0.388571  0.000000  0.302857  0.497143  0.480000  0.285714  71.262856  0.331429  4.777143  0.000000  4.491428  0.217143  0.320000  1.405714  18.794285  12.137143  1.000000  0.000000  0.000000  0.662857  4.668571  0.000000  0.000000  0.828571  
73.000000  186.000000  0.000000  139.000000  1478.000000  0.000000  0.000000  18.000000  154.000000  21.000000  6.000000  23.000000  52.000000  0.000000  0.000000  231.000000  77.000000  281.000000  21.000000  0.000000  33.000000  1.000000  26.000000  740.000000  65.000000  22.000000  304.000000  65.000000  444.000000  158.000000  537.000000  6.000000  18.000000  136.000000  75.000000  411.000000  0.000000  0.000000  238.000000  180.000000  102.000000  0.000000  0.000000  62.000000  
666.000000  52.000000  0.000000  50.000000  291.000000  0.000000  0.000000  67.000000  1806.000000  34.000000  5.000000  15.000000  39.000000  0.000000  0.000000  244.000000  35.000000  132.000000  25.000000  0.000000  174.000000  1.000000  15.000000  97.000000  22.000000  9.000000  169.000000  48.000000  652.000000  45.000000  118.000000  15.000000  6.000000  38.000000  186.000000  384.000000  0.000000  0.000000  0.000000  225.000000  63.000000  0.000000  0.000000  32.000000  
0.360291  0.057766  0.000000  0.137356  0.549422  0.000000  0.041078  0.039367  2.617458  0.041078  0.011125  0.026530  0.150193  0.000000  0.000000  0.000000  0.000000  0.011981  0.002139  0.000000  0.083012  0.020111  0.071031  0.513051  0.224647  0.396234  1.101840  0.064613  0.406076  0.421908  0.249893  0.104835  0.045357  0.142062  0.361575  0.318785  0.000000  0.000000  0.000000  1.000000  0.241335  0.000000  0.000000  0.116816  
375.000000  177.000000  5.000000  3422.000000  6095.000000  0.000000  423.000000  494.000000  1328.000000  1001.000000  115.000000  776.000000  1280.000000  4217.000000  9151.000000  0.000000  5.000000  22.000000  5.000000  0.000000  269.000000  32.000000  456.000000  8951.000000  1787.000000  549.000000  16713.000000  491.000000  5510.000000  3842.000000  5851.000000  2523.000000  1437.000000  5655.000000  1291.000000  22317.000000  4350.000000  0.000000  0.000000  4966.000000  0.000000  0.000000  0.000000  0.000000  
268.000000  224.000000  0.000000  423.000000  1717.000000  0.000000  0.000000  11.000000  157.000000  19.000000  10.000000  26.000000  70.000000  0.000000  0.000000  113.000000  130.000000  173.000000  23.000000  0.000000  39.000000  4.000000  40.000000  913.000000  51.000000  53.000000  707.000000  87.000000  383.000000  53.000000  1195.000000  22.000000  43.000000  173.000000  359.000000  165.000000  0.000000  0.000000  0.000000  304.000000  0.000000  0.000000  0.000000  88.000000  
5262.000000  300.000000  0.000000  656.000000  1782.000000  0.000000  0.000000  102.000000  12502.000000  340.000000  45.000000  56.000000  347.000000  0.000000  0.000000  1307.000000  572.000000  1782.000000  313.000000  0.000000  208.000000  13.000000  116.000000  409.000000  194.000000  93.000000  1663.000000  158.000000  2913.000000  463.000000  1016.000000  118.000000  70.000000  226.000000  462.000000  557.000000  0.000000  0.000000  0.000000  1238.000000  0.000000  0.000000  0.000000  0.000000  
1343.000000  15.000000  0.000000  126.000000  355.000000  0.000000  7.000000  2.000000  244.000000  14.000000  2.000000  4.000000  15.000000  0.000000  0.000000  123.000000  115.000000  548.000000  31.000000  5.000000  56.000000  0.000000  11.000000  344.000000  47.000000  68.000000  329.000000  47.000000  788.000000  47.000000  446.000000  28.000000  62.000000  169.000000  310.000000  61.000000  0.000000  0.000000  263.000000  1103.000000  205.000000  0.000000  0.000000  0.000000  
0.000068  0.001665  0.007436  0.000067  0.000248  0.004554  0.000085  0.000196  0.000085  0.000206  0.000195  0.000358  0.000172  0.000150  0.000480  0.000934  0.001142  0.000105  0.000624  0.003883  0.000093  0.000198  0.000185  0.000111  0.000484  0.000550  0.001017  0.003109  0.000180  0.031548  0.000580  0.001141  0.002062  0.000790  0.000298  0.000319  0.002385  0.031548  0.031548  0.000653  0.031548  0.031548  0.031548  0.031548  