1.000000  0.000000  0.000000  0.056123  0.033350  0.000000  0.003905  0.004744  0.190340  0.004479  0.000008  0.000000  0.000856  0.000000  0.003993  0.000000  0.075383  0.315703  0.000573  0.000000  0.007531  0.000282  0.001377  0.002423  0.007215  0.000020  0.001776  0.019387  0.140017  0.000325  0.033301  0.000811  0.000337  0.000965  0.050175  0.005754  0.000448  0.000000  0.013995  0.000000  0.000000  0.000000  0.000000  0.000000  
63.000000  0.000000  0.000000  285.000000  1450.000000  0.000000  242.000000  110.000000  417.000000  121.000000  927.000000  0.000000  195.000000  0.000000  0.000000  0.000000  0.000000  0.000000  0.000000  0.000000  21.000000  0.000000  0.000000  20.000000  33.000000  0.000000  0.000000  14.000000  102.000000  0.000000  77.000000  0.000000  10.000000  20.000000  14.000000  12.000000  0.000000  0.000000  0.000000  12.000000  0.000000  0.000000  0.000000  0.000000  
0.000000  120.021629  1.000000  0.244893  14.029079  0.000000  0.000000  0.126893  1.606104  0.790435  1.042297  0.150204  0.797885  0.000000  0.000000  0.000000  0.000000  0.000000  0.000000  0.000000  0.047104  0.000961  0.022831  0.410959  0.000000  0.000000  0.147320  0.664984  0.369623  0.153809  5.456141  0.610911  0.000000  0.031002  0.149003  0.198991  0.021629  0.000000  0.000000  0.000000  0.000000  0.000000  0.000000  0.000000  
0.000034  0.000000  0.000000  1.000000  0.038461  0.000000  0.000692  0.000581  0.012724  0.004621  0.000518  0.000373  0.000581  0.000000  0.000000  0.000398  0.000000  0.000136  0.000000  0.000000  0.000071  0.000000  0.000000  0.000707  0.000246  0.000055  0.001726  0.001091  0.003522  0.000854  0.008675  0.001418  0.002078  0.001987  0.003632  0.002334  0.000952  0.000262  0.000000  0.000490  0.000000  0.000000  0.000000  0.000000  
0.000711  0.032650  0.000000  1.281890  1.000000  0.011732  0.008443  0.011544  0.038734  0.057872  0.047783  0.007840  0.162202  0.000000  0.000000  0.000000  0.000000  0.000000  0.000000  0.000000  0.000242  0.000000  0.000000  0.025018  0.014900  0.001659  0.112057  0.020520  0.020497  0.010895  0.043697  0.003956  0.009221  0.021149  0.030940  0.030383  0.015164  0.005960  0.000000  0.004063  0.000000  0.000000  0.000000  0.000000  
0.000000  0.000000  0.000000  0.000000  0.000000  0.000000  0.000000  0.000000  0.000000  0.000000  0.000000  0.000000  0.000000  0.000000  0.000000  0.000000  0.000000  0.000000  0.000000  0.000000  0.000000  0.000000  0.000000  0.000000  0.000000  0.000000  0.000000  0.000000  0.000000  0.000000  0.000000  0.000000  0.000000  0.000000  0.000000  0.000000  0.000000  0.000000  0.000000  0.000000  0.000000  0.000000  0.000000  0.000000  
0.000313  0.001175  0.131232  0.033699  0.167471  0.000000  1.000000  0.038714  0.044142  0.000125  0.006691  0.000469  0.005611  0.000000  0.000000  0.000000  0.000000  0.000000  0.000000  0.000000  0.000483  0.000000  0.000269  0.006029  0.002737  0.000317  0.008225  0.246903  0.050873  0.008250  0.063966  0.004230  0.011791  0.007882  0.010070  0.022122  0.001548  0.003203  0.000000  0.001300  0.000000  0.000000  0.000000  0.000000  
0.012495  0.006134  0.008535  0.353390  0.347353  0.000000  0.118164  1.000000  0.206243  0.048245  0.048221  0.000000  0.016958  0.000000  0.000000  0.000000  0.000000  0.000000  0.000000  0.000000  0.002453  0.000000  0.066278  0.122680  0.012987  0.001682  0.042326  0.100156  0.119060  0.018775  0.156515  0.012657  0.020357  0.023420  0.064303  0.048155  0.019937  0.001621  0.000000  0.004344  0.000000  0.000000  0.000000  0.000000  
0.017884  0.000473  0.004319  0.348439  0.153589  0.000001  0.036380  0.095781  1.000000  0.012825  0.003334  0.000649  0.007346  0.000000  0.000000  0.013419  0.004536  0.038887  0.001231  0.000004  0.004281  0.000223  0.008444  0.085824  0.036478  0.001362  0.021083  0.024733  0.060088  0.032077  0.035962  0.009026  0.021934  0.040144  0.022243  0.081857  0.013582  0.031116  0.000000  0.025523  0.000000  0.000000  0.000000  0.000000  
0.000000  0.001091  0.027592  0.094373  0.160697  0.000002  2.996012  0.052614  0.113597  1.000000  0.101865  0.007741  0.068102  0.000000  0.000000  0.000000  0.000000  0.000000  0.000000  0.000000  0.009666  0.004688  0.060382  0.063467  0.073387  0.002161  0.036885  0.190569  0.221549  0.031740  0.135310  0.020675  0.091876  0.046879  0.107676  0.112524  0.033613  0.000000  0.000000  0.005372  0.000000  0.000000  0.000000  0.000000  
0.000000  0.000377  0.003758  0.146252  0.148192  0.000000  1.962534  0.020379  0.094818  2.041624  1.000000  0.039357  0.400658  0.000000  0.000000  0.000000  0.000000  0.000000  0.000000  0.000000  0.004595  0.001202  0.074741  0.128303  0.188664  0.003357  0.041939  0.117287  0.352080  0.064538  0.158932  0.018339  0.163810  0.104055  0.140412  0.196999  0.025451  0.008923  0.000000  0.013019  0.000000  0.000000  0.000000  0.000000  
0.000000  0.000847  0.000760  0.167934  0.386994  0.000000  1.104054  0.426647  0.127738  1.899053  0.878390  1.000000  1.689640  0.000000  0.000000  0.000000  0.000000  0.000826  0.000000  0.000000  0.024770  0.019338  0.116157  0.395663  0.607053  0.466865  0.125543  0.161264  0.856444  0.068486  0.291391  0.065270  0.350469  0.091713  0.168955  1.150965  0.162915  0.546302  0.000000  0.012168  0.000000  0.000000  0.000000  0.000000  
0.000444  0.000036  0.000595  0.057231  0.115735  0.000000  1.425138  0.117640  0.217174  0.565867  0.342837  0.040606  1.000000  0.000000  0.000000  0.000000  0.000000  0.000000  0.000000  0.000000  0.008887  0.000000  0.095011  0.174289  0.383243  0.001141  0.025507  0.069994  0.277634  0.070083  0.109309  0.020785  0.073175  0.069790  0.071451  0.220422  0.034730  0.046626  0.000000  0.028735  0.000000  0.000000  0.000000  0.000000  
0.000000  0.000032  0.000070  0.083579  0.075061  0.000000  0.758744  0.113907  0.106416  0.744262  0.141155  0.082135  0.293380  1.000000  0.000000  0.000000  0.000000  0.000000  0.000000  0.000000  0.032867  0.002159  0.065234  0.058882  0.606517  0.001471  0.021098  0.014674  0.191203  0.046080  0.091824  0.016255  0.061316  0.056869  0.032976  0.133028  0.009257  0.025611  0.000000  0.008628  0.000000  0.000000  0.000000  0.000000  
0.000000  0.000681  0.003766  0.082571  0.172443  0.000000  1.758175  0.098077  0.151592  1.224907  0.915923  0.197603  0.561296  0.000000  1.000000  0.000000  0.000000  0.000000  0.000000  0.000000  0.003636  0.011443  0.393873  0.117675  0.305942  0.009422  0.046554  0.043194  0.317784  0.068122  0.198812  0.023762  0.065667  0.086612  0.096556  0.362165  0.015991  0.054195  0.000000  0.026717  0.000000  0.000000  0.000000  0.000000  
10.406879  0.000000  0.000011  0.040920  0.069785  0.000000  0.028273  0.003152  0.032088  0.027535  0.012358  0.000000  0.008040  0.000000  0.000000  1.000000  0.000488  0.025164  0.000000  0.000000  0.004157  0.000000  0.014671  0.034976  0.011245  0.001537  0.007576  0.019217  0.639285  0.015666  0.195628  0.003405  0.008896  0.032484  0.057303  0.024968  0.013085  0.000000  0.000000  0.018519  0.000000  0.000000  0.000000  0.000000  
11.452443  0.000000  0.000032  0.208182  0.174821  0.000000  0.059309  0.016607  0.135415  0.019471  0.037405  0.000000  0.021451  0.000000  0.000000  0.048526  1.000000  0.107824  0.000000  0.000000  0.017797  0.000000  0.018355  0.555929  0.194777  0.000105  0.016891  0.071830  0.359867  0.057740  0.390059  0.027727  0.024874  0.113764  0.034509  0.110762  0.031887  0.000000  0.000000  0.060805  0.000000  0.000000  0.000000  0.000000  
1.499672  0.000063  0.001953  0.049566  0.055279  0.000000  0.041768  0.030603  0.078704  0.026140  0.005095  0.001371  0.004320  0.000000  0.000000  0.018935  0.030118  1.000000  0.007455  0.000000  0.006680  0.000000  0.004342  0.080265  0.033253  0.001196  0.014979  0.037853  0.111486  0.012899  0.060940  0.003971  0.011920  0.020167  0.033678  0.026445  0.011188  0.000565  0.000000  0.014681  0.000000  0.000000  0.000000  0.000000  
6.329633  0.005157  0.000306  1.017657  0.413287  0.000000  0.482823  2.970017  1.832692  0.628322  0.061757  0.000000  0.048427  0.000000  0.000000  0.000000  0.000000  3.849038  1.000000  0.000000  0.005638  0.000000  0.349082  1.674825  0.789205  0.008260  0.087587  0.750393  1.433086  0.523383  0.974126  0.159178  0.344755  0.851311  0.825219  0.818925  0.127666  0.000000  0.000000  0.760795  0.000000  0.000000  0.000000  0.000000  
137654.000000  20.000000  0.000000  1301.000000  1324.000000  0.000000  1551.000000  0.000000  3794.000000  0.000000  487.000000  0.000000  634.000000  0.000000  0.000000  0.000000  0.000000  18.000000  0.000000  0.000000  242.000000  0.000000  297.000000  17394.000000  1244.000000  112.000000  434.000000  334.000000  1323.000000  56.000000  4981.000000  168.000000  238.000000  101.000000  2070.000000  2508.000000  85.000000  84.000000  0.000000  767.000000  0.000000  0.000000  0.000000  0.000000  
0.066290  0.000008  0.000016  0.022937  0.034777  0.000000  0.000000  0.000659  0.196264  0.003614  0.003181  0.000000  0.002713  0.000000  0.000000  0.000686  0.000000  0.001200  0.000000  0.000000  1.000000  0.021421  0.004826  0.025387  0.015184  0.001693  0.005679  0.022359  0.111968  0.007912  0.026035  0.001900  0.012888  0.008583  0.031110  0.017427  0.006243  0.000018  0.000000  0.001470  0.000000  0.000000  0.000000  0.000000  
0.069690  0.000022  0.000022  0.018988  0.015808  0.000000  0.000000  0.011270  0.133728  0.034634  0.005729  0.000000  0.004447  0.000000  0.000000  0.442850  0.000000  0.000526  0.000000  0.000000  0.116518  1.000000  0.023387  0.078709  0.126528  0.001131  0.011520  0.026119  0.201035  0.008353  0.055715  0.002332  0.009876  0.010578  0.044314  0.029073  0.005446  0.000000  0.000000  0.001744  0.000000  0.000000  0.000000  0.000000  
0.148681  0.000027  0.000007  0.026812  0.034331  0.000000  0.012809  0.033735  0.125066  0.032438  0.008089  0.001486  0.005400  0.000000  0.000000  0.002533  0.000000  0.002041  0.001028  0.000000  0.043654  0.008104  1.000000  0.011466  0.097543  0.000175  0.003267  0.008507  0.065233  0.003643  0.033553  0.000861  0.007246  0.003539  0.071498  0.019619  0.021080  0.000000  0.000000  0.002866  0.000000  0.000000  0.000000  0.000000  
0.030548  0.000032  0.000061  0.031246  0.052593  0.000000  0.008201  0.000672  0.093424  0.008005  0.006527  0.000000  0.005638  0.000000  0.000000  0.000000  0.000000  0.000020  0.000000  0.000000  0.014725  0.002174  0.009947  1.000000  0.005173  0.002051  0.009452  0.048697  0.045040  0.011052  0.026043  0.002217  0.008641  0.035288  0.018932  0.047522  0.011887  0.003579  0.000000  0.018410  0.000000  0.000000  0.000000  0.000000  
0.000000  0.004077  0.000824  0.512793  0.756444  0.000000  0.279467  0.042224  12.516398  0.274769  0.025125  0.000000  0.070549  0.000000  0.000000  0.000000  0.000000  0.008978  0.000000  0.000000  1.101003  0.000000  0.246883  0.272907  1.000000  0.016447  0.159535  0.314597  1.446845  0.129595  0.475351  0.040288  0.199897  0.103325  0.338277  0.470900  0.105112  0.286904  0.000000  0.089457  0.000000  0.000000  0.000000  0.000000  
4.100966  0.000000  0.000000  0.935431  2.795188  0.000000  99.682091  4.515114  6.844541  11.637055  0.896977  0.000000  0.574542  0.000000  0.000000  2.488176  0.000000  0.000000  0.000000  0.000000  1.039687  0.288711  4.076702  2.960929  8.494551  1.000000  0.199054  0.837343  8.103023  0.667078  3.887724  0.306395  0.381041  0.284187  1.996504  2.138392  0.686819  0.127905  0.000000  0.836726  0.000000  0.000000  0.000000  0.000000  
0.072261  0.000000  0.000000  2.381968  0.433707  0.000000  9.647008  31.820894  2.911148  5.632535  1.997554  0.480492  4.413860  0.000000  0.000000  0.000000  0.000000  0.000000  0.000000  0.000000  0.416317  0.000000  5.563725  0.431588  2.419551  0.024483  1.000000  1.289042  4.249606  0.156721  3.705636  0.169065  0.481699  0.307025  2.057379  2.607705  0.669556  0.159905  0.000000  0.177724  0.000000  0.000000  0.000000  0.000000  
0.000000  0.000000  0.124172  10.451986  7.939846  0.000000  35.437084  2.671358  22.227373  60.405628  75.523453  10.339680  70.654800  187.524277  13.659768  0.000000  0.000000  0.000000  0.000000  0.000000  0.477649  10.095474  0.117274  0.785872  23.008829  0.000000  3.780629  1.000000  40.281734  0.255243  10.503587  0.000000  0.000000  2.571192  12.280629  1.812362  18.736202  0.000000  0.000000  0.097682  0.000000  0.000000  0.000000  0.000000  
0.007543  0.000347  0.001211  0.571713  0.259337  0.000000  0.000000  0.006698  0.081144  0.014586  0.000000  0.000000  0.015463  0.000000  0.000000  0.000000  0.000000  0.019275  0.000000  0.000000  0.065978  0.000000  0.162229  0.530794  0.176527  0.002093  0.202406  0.415465  1.000000  0.077613  0.135130  0.018705  0.262654  0.321574  0.234229  0.233819  0.683815  0.000000  0.000000  0.021736  0.000000  0.000000  0.000000  0.000000  
531946.000000  492.000000  5471.000000  118439.000000  111358.000000  0.000000  0.000000  14436.000000  69998.000000  341.000000  0.000000  0.000000  14071.000000  0.000000  0.000000  475570.000000  122371.000000  845615.000000  549027.000000  0.000000  20393.000000  0.000000  16554.000000  18015.000000  13337.000000  756.000000  37517.000000  32389.000000  385794.000000  0.000000  71279.000000  3081.000000  17365.000000  60360.000000  14078.000000  17639.000000  113124.000000  0.000000  0.000000  24537.000000  0.000000  0.000000  0.000000  0.000000  
0.009255  0.027548  0.000383  4.532004  0.538289  0.000956  0.047308  0.012841  0.049160  0.086372  0.483699  0.055307  0.088941  0.380783  0.203469  0.000000  0.000000  0.001059  0.000000  0.000000  0.100628  0.000820  0.046106  0.113374  1.346343  0.013060  0.568206  1.884611  0.550761  0.060478  1.000000  0.133633  1.869571  0.154760  0.470236  0.158728  0.309042  0.000000  0.000000  0.020731  0.000000  0.000000  0.000000  0.000000  
12884.000000  242.000000  0.000000  379487.000000  9519.000000  0.000000  3297.000000  4506.000000  4235.000000  5064.000000  0.000000  6485.000000  2244.000000  0.000000  113007.000000  22960.000000  3563.000000  7733.000000  2642.000000  892.000000  2977.000000  0.000000  3368.000000  25799.000000  2363.000000  482.000000  6790.000000  9064.000000  34563.000000  7626.000000  17117.000000  0.000000  525907.000000  18452.000000  29331.000000  32387.000000  7617.000000  0.000000  0.000000  4918.000000  0.000000  0.000000  0.000000  0.000000  
0.273967  0.000000  0.000000  18.845207  2.841249  0.000000  0.000000  0.806508  3.948989  1.350704  0.469437  1.532102  5.141161  0.000000  0.000000  0.000000  0.000000  0.000000  0.000000  0.000000  1.608619  0.038478  1.202507  8.255277  3.894019  0.021108  10.193492  20.150835  2.970976  1.548153  22.668865  2.832894  1.000000  8.922823  4.734828  12.122031  1.385224  0.000000  0.000000  5.593228  0.000000  0.000000  0.000000  0.000000  
0.026448  0.000000  0.000000  0.654556  0.553977  0.000000  0.000000  0.000000  0.056911  0.212741  0.000000  0.285135  1.514633  0.056564  0.000000  0.000000  0.000000  0.000000  0.000000  0.000000  0.466950  0.000000  0.093514  0.887568  0.090386  0.024131  4.085405  1.733398  0.838649  0.444556  2.493050  0.776988  0.560541  1.000000  1.946023  1.612896  0.673243  0.027490  0.000000  0.594865  0.000000  0.000000  0.000000  0.000000  
0.000063  0.000042  0.000043  0.002061  0.003054  0.000000  0.000000  0.000000  0.001297  0.000295  0.000443  0.000000  0.000812  0.000000  0.000000  0.000000  0.000000  0.000000  0.000000  0.000000  0.000352  0.000196  0.000948  0.015818  0.000096  0.000084  0.007013  0.002815  0.001989  0.001309  0.001971  0.000148  0.000406  0.020740  1.000000  0.124764  0.005489  0.000000  0.000000  0.009751  0.000000  0.000000  0.000000  0.000000  
0.031076  0.003714  0.000000  5.917688  1.060275  0.000000  0.000000  0.050889  0.627069  0.036891  0.277602  0.184048  0.235467  0.086331  0.009080  0.000000  0.000000  0.000000  0.000000  0.000000  0.085229  0.000735  0.257708  2.473301  0.589239  0.069069  0.462221  1.679345  0.727764  0.866943  0.955824  0.305658  0.177029  1.286621  0.543594  1.000000  2.476076  0.000000  0.000000  0.397825  0.000000  0.000000  0.000000  0.000000  
0.000000  0.000000  0.000000  0.000000  74030.000000  0.000000  0.000000  3221.000000  19740.000000  0.000000  0.000000  0.000000  7092.000000  0.000000  0.000000  0.000000  0.000000  0.000000  0.000000  0.000000  0.000000  0.000000  131598.000000  11593.000000  3555.000000  186.000000  802100.000000  196311.000000  10099.000000  0.000000  3401.000000  171.000000  0.000000  3398.000000  115986.000000  319233.000000  0.000000  0.000000  0.000000  20031.000000  0.000000  0.000000  0.000000  0.000000  
566.000000  201.000000  0.000000  10322.000000  5595.000000  37.000000  197.000000  1165.000000  1075.000000  0.000000  0.000000  200.000000  223.000000  0.000000  0.000000  0.000000  0.000000  0.000000  0.000000  0.000000  842.000000  0.000000  1034.000000  14921.000000  254.000000  2689.000000  3456.000000  7246.000000  2273.000000  0.000000  1859.000000  122.000000  0.000000  4224.000000  5475.000000  38208.000000  8862.000000  0.000000  0.000000  1706.000000  0.000000  0.000000  0.000000  0.000000  
9385.000000  49.000000  0.000000  62821.000000  16661.000000  0.000000  0.000000  1208.000000  66695.000000  280.000000  0.000000  3179.000000  400.000000  0.000000  0.000000  4999.000000  1406.000000  4783.000000  125.000000  0.000000  8646.000000  0.000000  927.000000  8558.000000  3509.000000  2973.000000  7463.000000  16704.000000  16237.000000  0.000000  9102.000000  0.000000  763.000000  1787.000000  36951.000000  13337.000000  35730.000000  0.000000  0.000000  17126.000000  0.000000  0.000000  0.000000  0.000000  
0.055922  0.000000  0.000000  0.688936  0.342730  0.000000  0.000000  0.000000  1.093143  0.022347  0.011569  0.048007  0.152161  0.000000  0.001940  0.000000  0.000000  0.023255  0.000000  0.000000  0.084041  0.007705  0.097426  0.738580  0.099987  0.013493  0.090621  0.219465  0.220109  0.563910  0.398450  0.016326  0.017691  0.255965  0.253265  0.655648  1.231290  0.014200  0.000000  1.000000  0.000000  0.000000  0.000000  0.000000  
0.786490  0.016221  0.026704  1.561503  0.772792  0.000000  0.369672  0.199670  0.715304  0.799767  1.019317  0.219962  1.753224  0.603021  2.099890  0.409642  0.081398  0.534417  0.029277  0.000000  0.055709  0.168293  0.212284  1.224133  0.331973  0.047196  4.110383  0.667313  1.075579  0.235329  0.652047  0.245530  0.145931  0.819315  0.793103  5.954904  0.582539  0.000000  0.000000  2.057518  1.000000  0.096483  0.044081  0.000000  
8.553600  0.597600  0.189600  29.965599  12.080800  0.949600  0.930400  2.792000  5.784000  4.966400  0.000000  1.174400  3.807200  0.000000  0.000000  5.423200  1.792800  6.154400  0.196800  0.000000  1.229600  1.464800  7.292800  57.841599  0.932800  2.523200  74.487999  13.636000  14.529600  14.055200  8.246400  1.501600  0.381600  19.792801  27.775999  39.973598  37.987202  0.000000  0.000000  20.540800  0.000000  1.000000  8.008000  0.000000  
57813.000000  575.000000  1409.000000  98510.000000  23810.000000  0.000000  0.000000  5871.000000  314190.000000  0.000000  0.000000  13456.000000  7555.000000  0.000000  0.000000  54356.000000  16299.000000  51798.000000  1353.000000  0.000000  29781.000000  0.000000  6491.000000  30846.000000  38608.000000  11434.000000  97044.000000  50727.000000  56360.000000  1783.000000  30267.000000  1567.000000  2743.000000  15403.000000  21067.000000  71397.000000  19152.000000  0.000000  356420.000000  36382.000000  16963.000000  33870.000000  0.000000  0.000000  
32645.000000  0.000000  0.000000  22518.000000  6649.000000  0.000000  0.000000  219.000000  14882.000000  0.000000  0.000000  0.000000  0.000000  0.000000  0.000000  14422.000000  5736.000000  9608.000000  1428.000000  0.000000  14033.000000  3158.000000  8506.000000  51455.000000  360.000000  17.000000  1026.000000  776.000000  15937.000000  137.000000  5093.000000  167.000000  198.000000  607.000000  2530.000000  5625.000000  0.000000  0.000000  0.000000  0.000000  0.000000  0.000000  0.000000  0.000000  
0.000018  0.031548  0.000489  0.000012  0.000034  0.031548  0.000017  0.000033  0.000018  0.000039  0.000040  0.000147  0.000042  0.000037  0.000085  0.000060  0.000102  0.000020  0.000209  0.031548  0.000015  0.000036  0.000025  0.000022  0.000103  0.000452  0.000101  0.000524  0.000029  0.031548  0.000082  0.031548  0.000468  0.000196  0.000013  0.000143  0.031548  0.031548  0.031548  0.000088  0.000100  0.000892  0.031548  0.031548  