1.000000  0.000000  0.000000  0.238241  0.093769  0.000000  0.000000  0.007330  0.596823  0.006414  0.260843  0.001222  0.006720  0.000000  0.059560  0.002749  0.182957  0.769395  0.011607  0.000611  0.022297  0.000305  0.002138  0.022602  0.032376  0.000611  0.154551  0.052230  0.533903  0.014966  0.033903  0.003360  0.026878  0.019243  0.029627  0.059560  0.000000  0.000000  0.055589  0.009774  0.000000  0.000000  0.000000  0.000000  
0.000000  0.000000  0.000000  0.000000  0.000000  0.000000  0.000000  0.000000  0.000000  0.000000  0.000000  0.000000  0.000000  0.000000  0.000000  0.000000  0.000000  0.000000  0.000000  0.000000  0.000000  0.000000  0.000000  0.000000  0.000000  0.000000  0.000000  0.000000  0.000000  0.000000  0.000000  0.000000  0.000000  0.000000  0.000000  0.000000  0.000000  0.000000  0.000000  0.000000  0.000000  0.000000  0.000000  0.000000  
0.000000  0.000000  0.000000  0.000000  0.000000  0.000000  0.000000  0.000000  0.000000  0.000000  0.000000  0.000000  0.000000  0.000000  0.000000  0.000000  0.000000  0.000000  0.000000  0.000000  0.000000  0.000000  0.000000  0.000000  0.000000  0.000000  0.000000  0.000000  0.000000  0.000000  0.000000  0.000000  0.000000  0.000000  0.000000  0.000000  0.000000  0.000000  0.000000  0.000000  0.000000  0.000000  0.000000  0.000000  
0.000000  0.000198  0.000000  1.000000  0.009705  0.000000  0.000396  0.029907  0.006932  0.001981  0.005150  0.000396  0.002377  0.000000  0.000792  0.000000  0.000198  0.000000  0.000198  0.000000  0.002377  0.000000  0.000198  0.002971  0.001584  0.000198  0.000396  0.000396  0.016439  0.000990  0.001188  0.000396  0.000000  0.001188  0.000594  0.003961  0.000000  0.000000  0.000000  0.000594  0.000000  0.000000  0.000000  0.000000  
0.000000  11.890909  0.000000  32.672726  1.000000  0.000000  0.000000  0.072727  0.181818  0.381818  1.527273  0.090909  0.690909  0.000000  0.236364  0.000000  0.000000  0.000000  0.036364  0.018182  0.036364  0.000000  0.036364  0.436364  0.200000  0.036364  8.890909  0.090909  2.090909  0.309091  0.690909  0.072727  0.018182  0.381818  0.181818  1.200000  0.000000  0.000000  0.000000  0.290909  0.000000  0.000000  0.000000  0.000000  
0.000000  0.000000  0.000000  0.000000  0.000000  0.000000  0.000000  0.000000  0.000000  0.000000  0.000000  0.000000  0.000000  0.000000  0.000000  0.000000  0.000000  0.000000  0.000000  0.000000  0.000000  0.000000  0.000000  0.000000  0.000000  0.000000  0.000000  0.000000  0.000000  0.000000  0.000000  0.000000  0.000000  0.000000  0.000000  0.000000  0.000000  0.000000  0.000000  0.000000  0.000000  0.000000  0.000000  0.000000  
0.000000  0.000000  0.000000  0.144124  0.117517  0.000000  1.000000  0.150776  0.042129  0.139690  0.079823  0.004435  0.172949  0.000000  0.006652  0.000000  0.000000  0.000000  0.000000  0.000000  0.000000  0.000000  0.002217  0.011086  0.006652  0.000000  0.017738  0.002217  0.359202  0.004435  0.022173  0.013304  0.013304  0.006652  0.004435  0.019956  0.000000  0.000000  0.000000  0.002217  0.000000  0.000000  0.000000  0.000000  
0.001121  0.113229  0.000000  0.339686  0.141256  0.000000  0.165919  1.000000  0.179372  0.107623  0.119955  0.006726  0.057175  0.000000  0.017937  0.000000  0.000000  0.010090  0.004484  0.001121  0.013453  0.000000  0.033632  0.164798  0.085202  0.003363  0.047085  0.011211  0.328475  0.039238  0.260090  0.039238  0.041480  0.050448  0.020179  0.155830  0.000000  0.000000  0.000000  0.025785  0.000000  0.000000  0.000000  0.000000  
0.025157  0.000000  0.000000  0.160377  0.059224  0.000000  0.021488  0.100629  1.000000  0.082809  0.028302  0.002621  0.013103  0.000000  0.004193  0.044025  0.020964  0.157233  0.025157  0.001048  0.012579  0.000000  0.004193  0.129455  0.128407  0.002621  0.020440  0.003669  0.094340  0.029874  0.049266  0.024109  0.038784  0.038260  0.013627  0.118449  0.000000  0.000524  0.000000  0.019916  0.000000  0.000000  0.000000  0.000000  
0.004196  0.000000  0.000000  0.095105  0.117483  0.000000  1.911888  0.057343  0.265734  1.000000  0.239161  0.022378  0.113287  0.000000  0.012587  0.000000  0.000000  0.002797  0.004196  0.001399  0.040559  0.001399  0.128671  0.139860  0.064336  0.004196  0.036364  0.013986  0.634965  0.037762  0.103497  0.023776  0.061538  0.047552  0.020979  0.146853  0.000000  0.000000  0.000000  0.025175  0.000000  0.000000  0.000000  0.000000  
0.000651  0.000000  0.000000  0.050748  0.042941  0.000000  0.597918  0.022772  0.080026  0.791152  1.000000  0.026675  0.272609  0.000000  0.140534  0.000000  0.000000  0.000651  0.005856  0.001301  0.009109  0.000000  0.022772  0.071568  0.141835  0.002602  0.025374  0.020169  0.476903  0.042941  0.047495  0.029278  0.057254  0.054652  0.022121  0.169161  0.000000  0.000651  0.000000  0.027977  0.000000  0.000000  0.000000  0.000000  
0.000000  0.000000  0.000000  0.029703  0.089109  0.000000  0.257426  0.029703  0.316832  0.316832  0.188119  1.000000  1.712871  0.000000  0.009901  0.000000  0.000000  0.000000  0.019802  0.000000  0.009901  0.000000  0.069307  0.257426  0.346535  0.029703  0.049505  0.019802  0.544554  0.108911  0.079208  0.039604  0.089109  0.138614  0.049505  0.435644  0.000000  0.000000  0.000000  0.069307  0.000000  0.000000  0.000000  0.000000  
0.002186  0.000000  0.000000  0.028415  0.041530  0.000000  0.413115  0.041530  0.161749  0.202186  0.137705  0.064481  1.000000  0.000000  0.039344  0.000000  0.000000  0.001093  0.003279  0.001093  0.014208  0.000000  0.040437  0.102732  0.053552  0.007650  0.015301  0.006557  0.243716  0.030601  0.033880  0.024044  0.027322  0.039344  0.016393  0.120219  0.000000  0.000000  0.000000  0.019672  0.000000  0.000000  0.000000  0.000000  
0.000000  0.000000  0.000000  0.000000  0.000000  0.000000  0.000000  0.000000  0.000000  0.000000  0.000000  0.000000  0.000000  0.000000  0.000000  0.000000  0.000000  0.000000  0.000000  0.000000  0.000000  0.000000  0.000000  0.000000  0.000000  0.000000  0.000000  0.000000  0.000000  0.000000  0.000000  0.000000  0.000000  0.000000  0.000000  0.000000  0.000000  0.000000  0.000000  0.000000  0.000000  0.000000  0.000000  0.000000  
0.005687  0.000000  0.000000  0.030332  0.047393  0.000000  0.672038  0.039810  0.094787  0.417062  0.485308  0.189573  0.218957  0.000000  1.000000  0.000000  0.000000  0.000948  0.001896  0.000948  0.028436  0.000000  0.052133  0.027488  0.036967  0.001896  0.021801  0.000948  0.287204  0.018957  0.015166  0.006635  0.036019  0.023697  0.010427  0.073934  0.000000  0.000000  0.000000  0.012322  0.000000  0.000000  0.000000  0.000000  
3.379826  0.000000  0.000000  0.017746  0.023039  0.000000  0.000000  0.003736  0.025841  0.062266  0.011519  0.000934  0.005293  0.000000  0.001868  1.000000  0.003736  0.058842  0.001245  0.000311  0.000934  0.000000  0.000311  0.026152  0.033001  0.000311  0.010585  0.002802  0.027397  0.009029  0.034869  0.009963  0.007161  0.011519  0.006538  0.035181  0.000000  0.000000  0.000000  0.005915  0.000000  0.000000  0.000000  0.000000  
5.587902  0.000000  0.000000  0.078450  0.046314  0.000000  0.059546  0.005671  0.046314  0.052930  0.006616  0.000945  0.003781  0.000000  0.000945  0.000000  1.000000  0.048204  0.002836  0.000945  0.000945  0.000000  0.001890  0.206049  0.035917  0.000945  0.013233  0.033081  0.061437  0.014178  0.035917  0.018904  0.082231  0.017958  0.012287  0.055766  0.000000  0.000000  0.000000  0.009452  0.000000  0.000000  0.000000  0.000000  
1.363715  0.001290  0.000000  0.117369  0.073947  0.000000  0.007309  0.047721  0.081255  0.066638  0.029235  0.002150  0.013758  0.000000  0.004299  0.076096  0.128117  1.000000  0.021066  0.004299  0.004729  0.000000  0.005159  0.184437  0.093293  0.001290  0.018917  0.027515  0.240327  0.022786  0.088994  0.016767  0.025365  0.029235  0.013758  0.090284  0.000000  0.000000  0.000000  0.015047  0.000000  0.000000  0.000000  0.000000  
1.626984  0.055556  0.000000  0.309524  0.246032  0.000000  0.000000  1.142857  0.134921  1.595238  0.182540  0.015873  0.087302  0.000000  0.031746  0.007937  0.000000  1.341270  1.000000  0.007937  0.015873  0.000000  0.293651  0.492063  0.238095  0.007937  0.222222  0.039683  0.619048  0.158730  1.230159  0.246032  0.071429  0.198413  0.079365  0.619048  0.000000  0.000000  0.000000  0.103175  0.000000  0.000000  0.000000  0.000000  
48.142857  0.000000  0.000000  0.571429  0.714286  0.000000  0.000000  0.000000  0.285714  2.571429  0.857143  0.000000  0.428571  0.000000  0.142857  0.000000  0.000000  1.428571  0.142857  1.000000  0.714286  0.000000  0.428571  7.428571  1.428571  0.000000  0.285714  0.142857  3.285714  1.000000  1.714286  0.285714  0.285714  1.142857  0.571429  3.714286  0.000000  0.000000  0.000000  0.571429  0.000000  0.000000  0.000000  0.000000  
0.064695  0.000000  0.000000  0.022551  0.019963  0.000000  0.000739  0.001109  0.079482  0.008133  0.008133  0.000739  0.003697  0.000000  0.001109  0.004436  0.000000  0.005545  0.001479  0.000370  1.000000  0.025139  0.005176  0.027726  0.021442  0.012569  0.005176  0.002588  0.070610  0.009612  0.031423  0.004067  0.027726  0.012569  0.005915  0.038447  0.000000  0.000000  0.000000  0.006285  0.000000  0.000000  0.000000  0.000000  
0.040816  0.000000  0.000000  0.061224  0.040816  0.000000  0.000000  0.000000  0.394558  0.115646  0.013605  0.000000  0.006803  0.000000  0.000000  0.353741  0.000000  0.013605  0.000000  0.000000  0.081633  1.000000  0.530612  0.176871  0.360544  0.027211  0.013605  0.006803  0.217687  0.013605  0.122449  0.006803  0.027211  0.020408  0.013605  0.061224  0.000000  0.000000  0.000000  0.006803  0.000000  0.000000  0.000000  0.000000  
0.330935  0.000000  0.000000  0.028777  0.056655  0.000000  0.044964  0.098921  0.257194  0.134892  0.018885  0.001799  0.010791  0.000000  0.002698  0.000000  0.000000  0.012590  0.004496  0.000899  0.171763  0.113309  1.000000  0.089029  0.123201  0.002698  0.017086  0.008094  0.339928  0.024281  0.079137  0.009892  0.036871  0.031475  0.013489  0.113309  0.000000  0.000000  0.000000  0.016187  0.000000  0.000000  0.000000  0.000000  
0.007187  0.003726  0.000000  0.016503  0.021294  0.000000  0.009582  0.002129  0.052169  0.025020  0.013575  0.013575  0.007187  0.000000  0.002129  0.000000  0.000799  0.009848  0.003194  0.000799  0.006388  0.000266  0.040458  1.000000  0.021560  0.001331  0.011179  0.002662  0.081714  0.015172  0.070535  0.008251  0.021294  0.019430  0.007985  0.066542  0.000000  0.000266  0.000000  0.019430  0.000000  0.000000  0.000000  0.000000  
0.099448  0.000000  0.000000  0.226519  0.276243  0.000000  0.038674  0.038674  3.707182  0.116022  0.055249  0.011050  0.027624  0.000000  0.033149  0.005525  0.000000  0.016575  0.005525  0.000000  0.127072  0.000000  0.011050  0.309392  1.000000  0.016575  0.038674  0.027624  0.259668  0.044199  0.082873  0.066298  0.082873  0.055249  0.027624  0.176796  0.000000  0.000000  0.000000  0.027624  0.000000  0.000000  0.000000  0.000000  
0.068966  0.000000  0.000000  0.137931  0.448276  0.000000  2.689655  0.275862  3.344828  1.206897  0.586207  0.103448  0.689655  0.000000  0.172414  0.448276  0.000000  0.000000  0.034483  0.000000  0.551724  0.241379  1.034483  2.931035  4.517241  1.000000  0.137931  0.068966  2.931035  0.206897  0.413793  0.103448  0.413793  0.241379  0.103448  0.793103  0.000000  0.000000  0.000000  0.137931  0.000000  0.000000  0.000000  0.000000  
7.037037  0.000000  0.000000  18.333334  1.722222  0.000000  9.203704  81.833336  8.203704  42.333332  15.129630  0.092593  29.944445  0.000000  0.240741  0.000000  0.000000  0.018519  0.388889  0.111111  3.870370  0.000000  44.500000  4.481482  6.888889  0.740741  1.000000  5.055555  39.574074  0.814815  19.222221  0.222222  0.740741  1.055556  1.111111  40.462963  0.000000  0.000000  0.000000  0.555556  0.000000  0.000000  0.000000  0.000000  
0.052632  0.000000  0.000000  1.105263  1.526316  0.000000  0.105263  0.842105  4.000000  3.526316  6.736842  0.526316  11.578947  0.000000  36.263157  0.000000  0.000000  0.000000  0.263158  0.052632  0.157895  0.000000  3.421053  2.210526  2.736842  0.052632  0.894737  1.000000  55.684212  1.105263  0.631579  0.315789  1.736842  1.421053  0.631579  4.473684  0.000000  0.000000  0.000000  0.736842  0.000000  0.000000  0.000000  0.000000  
0.022680  0.000000  0.000000  0.824742  0.709278  0.000000  0.035052  0.127835  0.171134  0.325773  0.307216  0.049485  0.175258  0.000000  0.045361  0.000000  0.000000  0.000000  0.171134  0.045361  0.195876  0.000000  0.014433  2.424742  0.686598  0.043299  1.808247  1.274227  1.000000  0.422680  3.701031  0.195876  1.226804  0.544330  0.402062  1.707217  0.000000  0.004124  0.000000  0.280412  0.000000  0.000000  0.000000  0.000000  
6.722222  0.000000  0.000000  1.027778  2.666667  0.000000  0.000000  0.138889  0.444444  0.055556  0.166667  0.027778  0.083333  0.000000  0.027778  13.694445  5.111111  15.527778  38.000000  0.027778  0.416667  0.000000  0.027778  1.111111  0.194444  0.027778  5.555555  0.194444  11.027778  1.000000  0.361111  0.222222  0.083333  1.305556  0.555556  4.000000  0.000000  0.000000  0.000000  3.111111  0.000000  0.000000  0.000000  0.000000  
0.002994  0.000000  0.000000  1.592814  0.104790  0.000000  0.000000  0.005988  0.038922  0.026946  0.095808  0.008982  0.044910  0.000000  0.227545  0.000000  0.000000  0.000000  0.011976  0.002994  0.008982  0.000000  0.011976  0.152695  0.323353  0.002994  0.985030  2.341317  0.835329  0.152695  1.000000  0.164671  0.011976  0.194611  0.305389  0.601796  0.000000  0.000000  0.000000  0.098802  0.000000  0.000000  0.000000  0.000000  
0.001406  0.000000  0.000000  2.746835  0.012658  0.000000  0.000000  0.002813  0.028129  0.018284  0.234880  0.033755  0.108298  0.000000  0.827004  0.000000  0.000000  0.000000  0.012658  0.004219  0.008439  0.000000  0.001406  0.127989  0.068917  0.004219  0.075949  0.008439  0.161744  0.084388  0.042194  1.000000  2.645570  0.108298  0.116737  0.336146  0.000000  0.001406  0.000000  0.056259  0.000000  0.000000  0.000000  0.000000  
0.000826  0.000000  0.000000  0.016515  0.012386  0.000000  0.000000  0.000826  0.004955  0.004129  0.010735  0.001652  0.005780  0.000000  0.010735  0.000000  0.000000  0.000000  0.004955  0.001652  0.003303  0.000000  0.000000  0.047069  0.004955  0.000826  0.098266  0.023947  0.021470  0.034682  0.231214  0.071841  1.000000  0.044591  0.017341  0.136251  0.000000  0.000000  0.000000  0.023121  0.000000  0.000000  0.000000  0.000000  
0.000000  0.000000  0.000000  1.366667  1.000000  0.000000  0.000000  0.066667  0.200000  0.300000  1.133333  0.066667  0.533333  0.000000  0.166667  0.000000  0.000000  0.000000  0.100000  0.033333  0.100000  0.000000  0.033333  1.133333  0.333333  0.033333  23.833334  1.600000  0.900000  0.800000  4.033333  1.000000  0.066667  1.000000  0.500000  3.133333  0.000000  0.000000  0.000000  0.533333  0.000000  0.000000  0.000000  0.000000  
0.000253  0.000000  0.000000  0.002908  0.006954  0.000000  0.000000  0.000126  0.001517  0.001138  0.002782  0.000506  0.001644  0.000000  0.000379  0.000000  0.000000  0.000000  0.001770  0.000506  0.001138  0.000000  0.000000  0.022000  0.000885  0.000379  0.017448  0.000759  0.003920  0.024023  0.008471  0.005437  0.002023  0.030724  1.000000  0.094829  0.000000  0.000253  0.000000  0.015805  0.000000  0.000000  0.000000  0.000000  
0.004127  0.000000  0.000000  0.041265  0.082531  0.000000  0.000000  0.000000  0.023384  0.009629  0.009629  0.006878  0.011004  0.000000  0.001376  0.000000  0.000000  0.000000  0.030261  0.008253  0.019257  0.000000  0.000000  1.921596  0.012380  0.006878  0.171939  0.017882  0.060523  0.235213  0.203576  0.053645  0.019257  0.301238  0.100413  1.000000  0.000000  0.002751  0.000000  0.266850  0.000000  0.000000  0.000000  0.000000  
0.000000  0.000000  0.000000  6.000000  271.000000  0.000000  0.000000  0.000000  3.000000  1.000000  0.000000  1.000000  1.000000  0.000000  0.000000  0.000000  0.000000  0.000000  4.000000  1.000000  2.000000  0.000000  0.000000  38.000000  1.000000  1.000000  2897.000000  0.000000  7.000000  31.000000  12.000000  8.000000  3.000000  44.000000  174.000000  135.000000  0.000000  0.000000  0.000000  541.000000  0.000000  0.000000  0.000000  0.000000  
0.000000  0.000000  0.000000  15.000000  0.000000  0.000000  0.000000  0.000000  0.000000  0.000000  1.000000  0.000000  0.000000  0.000000  0.000000  0.000000  0.000000  0.000000  0.000000  0.000000  0.000000  0.000000  0.000000  1.000000  2.000000  0.000000  5.000000  16.000000  10.000000  1.000000  0.000000  0.000000  0.000000  1.000000  2.000000  3.000000  0.000000  0.000000  0.000000  1.000000  0.000000  0.000000  0.000000  0.000000  
0.000000  0.000000  0.000000  0.098361  0.204918  0.000000  0.188525  0.000000  0.122951  0.016393  0.040984  0.213115  0.024590  0.000000  0.008197  0.000000  0.000000  0.000000  0.016393  0.008197  0.008197  0.000000  0.000000  0.172131  0.016393  0.008197  0.278689  0.049180  0.196721  0.106557  0.040984  0.024590  0.008197  0.139344  0.057377  0.434426  0.000000  0.000000  1.000000  0.213115  0.000000  0.000000  0.000000  0.000000  
0.004219  0.000000  0.000000  0.392405  0.578059  0.000000  0.000000  0.004219  0.670886  0.046414  0.143460  0.227848  0.502110  0.000000  0.147679  0.000000  0.000000  0.000000  0.025316  0.008439  0.050633  0.033755  0.021097  0.548523  0.130802  0.046414  0.628692  0.552743  0.573840  0.244726  0.202532  0.054852  0.021097  0.312236  0.160338  0.991561  0.000000  0.004219  0.000000  1.000000  0.000000  0.000000  0.000000  0.000000  
203.000000  0.000000  0.000000  296.000000  523.000000  0.000000  11.000000  47.000000  745.000000  313.000000  342.000000  171.000000  276.000000  0.000000  421.000000  244.000000  206.000000  292.000000  146.000000  20.000000  357.000000  42.000000  11.000000  1092.000000  239.000000  91.000000  2095.000000  41.000000  1110.000000  553.000000  1040.000000  327.000000  144.000000  957.000000  143.000000  1426.000000  370.000000  3.000000  2024.000000  829.000000  0.000000  0.000000  0.000000  0.000000  
0.000000  0.000000  0.000000  0.000000  0.000000  0.000000  0.000000  0.000000  0.000000  0.000000  0.000000  0.000000  0.000000  0.000000  0.000000  0.000000  0.000000  0.000000  0.000000  0.000000  0.000000  0.000000  0.000000  0.000000  0.000000  0.000000  0.000000  0.000000  0.000000  0.000000  0.000000  0.000000  0.000000  0.000000  0.000000  0.000000  0.000000  0.000000  0.000000  0.000000  0.000000  0.000000  0.000000  0.000000  
0.000000  0.000000  0.000000  0.000000  0.000000  0.000000  0.000000  0.000000  0.000000  0.000000  0.000000  0.000000  0.000000  0.000000  0.000000  0.000000  0.000000  0.000000  0.000000  0.000000  0.000000  0.000000  0.000000  0.000000  0.000000  0.000000  0.000000  0.000000  0.000000  0.000000  0.000000  0.000000  0.000000  0.000000  0.000000  0.000000  0.000000  0.000000  0.000000  0.000000  0.000000  0.000000  0.000000  0.000000  
0.000000  0.000000  0.000000  1.000000  2.000000  0.000000  0.000000  0.000000  1.000000  0.000000  1.000000  0.000000  0.000000  0.000000  0.000000  0.000000  0.000000  0.000000  0.000000  0.000000  0.000000  0.000000  0.000000  3.000000  0.000000  0.000000  2.000000  1.000000  1.000000  2.000000  1.000000  1.000000  0.000000  3.000000  1.000000  9.000000  0.000000  0.000000  0.000000  4.000000  0.000000  0.000000  0.000000  0.000000  
0.000551  0.031548  0.031548  0.000444  0.004254  0.031548  0.001486  0.001056  0.000722  0.001180  0.000805  0.003139  0.001043  0.031548  0.000971  0.000557  0.000970  0.000654  0.002811  0.011924  0.000607  0.002602  0.000946  0.000515  0.002345  0.005858  0.004293  0.007238  0.001433  0.005258  0.001726  0.001183  0.000907  0.005760  0.000355  0.001170  0.031548  0.031548  0.002856  0.002049  0.031548  0.031548  0.031548  0.031548  