1.000000  0.000000  0.000000  0.181529  0.203185  0.000000  0.022930  0.046497  0.500000  0.084076  0.068790  0.000000  0.015287  0.005732  0.035032  0.000000  0.003822  3.599363  0.006369  0.000000  0.063057  0.001274  0.026752  0.043949  0.050955  0.002548  0.180255  0.128662  0.408917  0.007643  0.021656  0.007643  0.007643  0.050318  0.095541  0.097452  0.000000  0.001911  0.086624  0.001911  0.017197  0.003185  0.000000  0.000000  
0.000000  0.000000  0.000000  0.000000  0.000000  0.000000  0.000000  0.000000  0.000000  0.000000  0.000000  0.000000  0.000000  0.000000  0.000000  0.000000  0.000000  0.000000  0.000000  0.000000  0.000000  0.000000  0.000000  0.000000  0.000000  0.000000  0.000000  0.000000  0.000000  0.000000  0.000000  0.000000  0.000000  0.000000  0.000000  0.000000  0.000000  0.000000  0.000000  0.000000  0.000000  0.000000  0.000000  0.000000  
0.000000  0.000000  0.000000  0.000000  0.000000  0.000000  0.000000  0.000000  0.000000  0.000000  0.000000  0.000000  0.000000  0.000000  0.000000  0.000000  0.000000  0.000000  0.000000  0.000000  0.000000  0.000000  0.000000  0.000000  0.000000  0.000000  0.000000  0.000000  0.000000  0.000000  0.000000  0.000000  0.000000  0.000000  0.000000  0.000000  0.000000  0.000000  0.000000  0.000000  0.000000  0.000000  0.000000  0.000000  
0.000000  0.000000  0.000000  1.000000  0.007946  0.000000  0.000688  0.000000  0.065862  0.012301  0.004814  0.000000  0.003591  0.000076  0.000993  0.000000  0.000000  0.000382  0.000000  0.000000  0.000458  0.000000  0.000229  0.002980  0.003897  0.000764  0.007717  0.001987  0.003285  0.000611  0.002980  0.000458  0.000535  0.001757  0.002598  0.019407  0.000000  0.000229  0.000000  0.012760  0.000382  0.000000  0.000000  0.000000  
0.000000  0.000000  0.000000  3.157928  1.000000  0.000000  0.014981  0.000000  0.070537  0.041199  0.026217  0.000000  0.119226  0.000000  0.004370  0.000000  0.000000  0.001248  0.000000  0.000000  0.003121  0.000000  0.000624  0.019351  0.016854  0.000000  0.071161  0.013733  0.016230  0.004994  0.006866  0.001873  0.000624  0.014357  0.011236  0.038077  0.000000  0.011860  0.000000  0.022472  0.027466  0.000000  0.000000  0.000000  
0.000000  0.000000  0.000000  0.000000  0.000000  0.000000  0.000000  0.000000  0.000000  0.000000  0.000000  0.000000  0.000000  0.000000  0.000000  0.000000  0.000000  0.000000  0.000000  0.000000  0.000000  0.000000  0.000000  0.000000  0.000000  0.000000  0.000000  0.000000  0.000000  0.000000  0.000000  0.000000  0.000000  0.000000  0.000000  0.000000  0.000000  0.000000  0.000000  0.000000  0.000000  0.000000  0.000000  0.000000  
0.000000  0.000000  0.000000  0.096578  0.238962  0.000000  1.000000  0.031457  0.373620  0.032009  0.018212  0.000000  0.012141  0.002759  0.011038  0.000000  0.000000  0.002759  0.000000  0.000000  0.001656  0.000000  0.000552  0.024283  0.012141  0.000552  0.018764  0.093267  0.051325  0.004415  0.004415  0.001104  0.000552  0.011589  0.025938  0.013245  0.000000  0.003863  0.000000  0.001656  0.000552  0.000000  0.000000  0.000000  
0.000000  0.000000  0.000000  0.108071  0.422709  0.000000  0.242134  1.000000  0.170999  0.056088  0.027360  0.000000  0.009576  0.002736  0.013680  0.000000  0.000000  0.000000  0.000000  0.000000  0.009576  0.000000  0.042408  0.088919  0.046512  0.002736  0.065663  0.068399  0.387141  0.012312  0.027360  0.004104  0.001368  0.030096  0.028728  0.075239  0.000000  0.016416  0.000000  0.035568  0.020520  0.000000  0.000000  0.000000  
0.006445  0.000000  0.000000  0.455388  0.243303  0.000000  0.005438  0.088620  1.000000  0.057805  0.007452  0.000000  0.005237  0.001410  0.002014  0.011883  0.000604  0.041893  0.001007  0.000000  0.009265  0.000000  0.006647  0.105740  0.041893  0.010070  0.037462  0.010473  0.094058  0.006244  0.010675  0.003827  0.002216  0.013696  0.022759  0.056798  0.000000  0.004632  0.000000  0.040081  0.001813  0.000201  0.000000  0.000000  
0.000000  0.000000  0.000000  0.077244  0.269311  0.000000  3.686848  0.041754  0.334029  1.000000  1.388309  0.000000  0.730689  0.014614  0.027140  0.000000  0.000000  0.016701  0.000000  0.000000  0.062630  0.000000  0.114823  0.212944  0.196242  0.058455  0.442589  0.106472  0.367432  0.025052  0.037578  0.020877  0.004175  0.064718  0.089770  0.179541  0.000000  0.012526  0.000000  0.089770  0.006263  0.006263  0.000000  0.000000  
0.000000  0.000000  0.000000  0.024390  0.055432  0.000000  0.665928  0.001478  0.043607  0.512934  1.000000  0.062084  0.184035  0.002217  0.030303  0.000000  0.000000  0.000000  0.000000  0.000000  0.009608  0.000739  0.018477  0.042868  0.043607  0.080562  0.153732  0.018477  0.127125  0.010347  0.011826  0.005913  0.001478  0.014043  0.023651  0.071693  0.000000  0.003695  0.000000  0.049520  0.005913  0.000000  0.000000  0.000000  
0.000000  0.000000  0.000000  0.003802  0.026616  0.000000  0.064639  0.000000  0.034221  0.178707  0.593156  1.000000  0.212928  0.000000  0.000000  0.000000  0.000000  0.000000  0.000000  0.000000  0.003802  0.000000  0.019011  0.049430  0.003802  0.083650  0.015209  0.003802  0.102662  0.007605  0.011407  0.007605  0.000000  0.019011  0.015209  0.045627  0.000000  0.000000  0.000000  0.049430  0.000000  0.000000  0.000000  0.000000  
0.000000  0.000000  0.000000  0.028490  0.033670  0.000000  0.164983  0.046102  0.094276  0.047915  0.050764  0.067858  1.000000  0.001813  0.002590  0.000000  0.000000  0.000000  0.000518  0.000000  0.006475  0.001554  0.003626  0.056462  0.044807  0.025382  0.048692  0.011137  0.032116  0.006993  0.008029  0.003108  0.000777  0.016576  0.018648  0.027713  0.000000  0.002331  0.000000  0.021756  0.001036  0.000777  0.000000  0.000000  
0.000000  0.000000  0.000000  0.011438  0.042484  0.000000  0.331699  0.050654  0.169935  0.179739  0.356209  0.011438  0.334967  1.000000  0.003268  0.000000  0.000000  0.000000  0.000000  0.000000  0.070261  0.021242  0.021242  0.037582  0.129085  0.026144  0.011438  0.011438  0.104575  0.004902  0.008170  0.003268  0.000000  0.013072  0.022876  0.034314  0.000000  0.001634  0.000000  0.034314  0.000000  0.000000  0.000000  0.000000  
0.000000  0.000000  0.000000  0.057143  0.145455  0.000000  1.815584  0.005195  0.215584  1.153247  2.989610  0.033766  0.527273  0.000000  1.000000  0.000000  0.000000  0.000000  0.000000  0.000000  0.025974  0.005195  0.659740  0.067532  0.088312  0.057143  1.090909  0.025974  0.251948  0.025974  0.020779  0.010390  0.002597  0.049351  0.083117  0.241558  0.000000  0.023377  0.000000  0.179221  0.002597  0.000000  0.000000  0.000000  
86.866669  0.000000  0.000000  0.400000  0.680000  0.000000  0.013333  0.066667  0.453333  1.240000  0.053333  0.000000  0.013333  0.013333  0.013333  1.000000  0.066667  0.653333  0.000000  0.000000  0.013333  0.000000  0.013333  1.120000  0.573333  0.013333  0.373333  0.266667  2.986667  0.093333  0.186667  0.013333  0.000000  0.280000  0.173333  0.280000  0.000000  0.026667  0.000000  0.186667  0.426667  0.000000  0.000000  0.000000  
43.174999  0.000000  0.000000  0.716667  0.833333  0.000000  0.058333  0.125000  0.491667  1.675000  0.033333  0.000000  0.008333  0.025000  0.008333  0.000000  1.000000  1.616667  0.025000  0.000000  0.033333  0.000000  0.025000  1.608333  0.500000  0.016667  0.158333  0.341667  0.825000  0.016667  0.541667  0.008333  0.058333  0.166667  0.175000  0.241667  0.000000  0.100000  0.000000  0.083333  0.000000  0.000000  0.000000  0.000000  
1.327063  0.000000  0.000000  0.032767  0.061893  0.000000  0.003034  0.020429  0.049150  0.057848  0.005057  0.000000  0.002225  0.001214  0.001214  0.045105  0.172330  1.000000  0.012136  0.000000  0.006877  0.000202  0.010316  0.144215  0.021440  0.000405  0.021440  0.018002  0.194377  0.002832  0.018002  0.001820  0.003439  0.017597  0.015170  0.023665  0.000000  0.004652  0.000000  0.016181  0.008495  0.000000  0.000000  0.000000  
0.490566  0.000000  0.000000  0.119497  0.257862  0.000000  0.000000  0.628931  0.433962  0.635220  0.018868  0.000000  0.012579  0.000000  0.006289  0.000000  0.037736  1.911950  1.000000  0.000000  0.006289  0.000000  0.088050  0.679245  0.150943  0.006289  0.106918  0.081761  0.490566  0.050314  0.050314  0.012579  0.000000  0.100629  0.113208  0.144654  0.000000  0.018868  0.000000  0.176101  0.000000  0.000000  0.000000  0.000000  
1.070039  0.000000  0.000000  0.054475  0.031128  0.000000  0.003891  0.023346  0.155642  0.077821  0.007782  0.000000  0.003891  0.000000  0.000000  0.000000  0.000000  0.000000  0.000000  1.000000  0.081712  0.000000  0.035019  0.486381  0.073930  0.000000  0.031128  0.035019  0.178988  0.015564  0.019455  0.007782  0.000000  0.042802  0.035019  0.073930  0.000000  0.007782  0.000000  0.038911  0.000000  0.000000  0.000000  0.000000  
0.037946  0.000000  0.000000  0.008650  0.033761  0.000000  0.000000  0.006696  0.192243  0.008650  0.005301  0.000000  0.001674  0.000000  0.000558  0.000837  0.000558  0.005859  0.000000  0.000000  1.000000  0.008092  0.001116  0.044922  0.022600  0.001395  0.014509  0.014230  0.073940  0.004464  0.005022  0.001116  0.000000  0.007812  0.008929  0.018136  0.000000  0.003627  0.000000  0.008929  0.000279  0.000000  0.000000  0.000000  
0.000000  0.000000  0.000000  0.047244  0.062992  0.000000  0.000000  0.007874  0.259843  0.149606  0.015748  0.000000  0.000000  0.000000  0.000000  0.401575  0.000000  0.015748  0.000000  0.000000  0.212598  1.000000  0.015748  0.118110  0.204724  0.000000  0.047244  0.047244  0.181102  0.023622  0.023622  0.007874  0.000000  0.039370  0.031496  0.062992  0.000000  0.023622  0.000000  0.007874  0.000000  0.000000  0.000000  0.000000  
0.180451  0.000000  0.000000  0.052632  0.058002  0.000000  0.009667  0.013963  0.106337  0.114930  0.030075  0.000000  0.006445  0.000000  0.008593  0.000000  0.000000  0.009667  0.000000  0.000000  0.127820  0.036520  1.000000  0.051557  0.107411  0.007519  0.023631  0.031149  0.205156  0.013963  0.015038  0.002148  0.001074  0.035446  0.022556  0.052632  0.000000  0.003222  0.000000  0.007519  0.002148  0.001074  0.000000  0.000000  
0.012071  0.000000  0.000000  0.013977  0.043626  0.000000  0.005930  0.010165  0.069462  0.010377  0.013342  0.000000  0.000847  0.000000  0.000424  0.000000  0.000000  0.012283  0.001271  0.000000  0.007836  0.000212  0.004871  1.000000  0.023295  0.000635  0.015036  0.029013  0.069674  0.007200  0.017789  0.003177  0.000847  0.024354  0.009742  0.083863  0.000000  0.003177  0.000000  0.032613  0.000847  0.000000  0.000000  0.000000  
0.000000  0.000000  0.000000  0.145833  0.430556  0.000000  0.125000  0.125000  6.152778  0.222222  0.166667  0.000000  0.027778  0.006944  0.041667  0.000000  0.034722  0.000000  0.000000  0.000000  0.215278  0.000000  0.097222  0.673611  1.000000  0.020833  0.152778  0.131944  0.645833  0.055556  0.055556  0.013889  0.000000  0.076389  0.125000  0.319444  0.000000  0.013889  0.000000  0.145833  0.000000  0.000000  0.000000  0.000000  
0.000000  0.000000  0.000000  0.047970  0.114391  0.000000  0.114391  0.033210  0.084871  0.284133  0.321033  0.354244  0.789668  0.000000  0.000000  0.000000  0.014760  0.000000  0.000000  0.000000  0.000000  0.000000  0.025830  0.121771  0.047970  1.000000  0.051661  0.011070  0.136531  0.003690  0.003690  0.000000  0.000000  0.022140  0.025830  0.047970  0.000000  0.003690  0.000000  0.000000  0.022140  0.000000  0.000000  0.000000  
0.007660  0.000000  0.000000  0.314894  0.109362  0.000000  0.346383  1.532766  0.359574  1.059574  0.176596  0.000000  0.362979  0.006383  0.027660  0.000000  0.000000  0.001277  0.000000  0.000000  0.022979  0.000000  0.837447  0.089362  0.233617  0.011915  1.000000  0.053191  0.591064  0.018723  0.034043  0.005532  0.002128  0.064255  0.062979  0.200851  0.000000  0.006809  0.000000  0.088936  0.012340  0.000000  0.000000  0.000000  
0.000000  0.000000  0.000000  2.692308  7.153846  0.000000  6.230769  0.000000  6.230769  14.000000  17.769230  0.000000  20.307692  54.461540  1.076923  0.000000  0.000000  0.000000  0.000000  0.000000  0.769231  0.769231  1.076923  3.923077  1.769231  1.307692  1.000000  1.000000  7.846154  0.538462  1.461538  0.384615  0.538462  1.153846  1.076923  2.384615  0.000000  0.230769  0.000000  1.692308  0.000000  0.000000  0.000000  0.000000  
0.000000  0.000000  0.000000  0.248454  0.223196  0.000000  0.002062  0.022165  0.128351  0.080412  0.015979  0.000000  0.008247  0.021134  0.006701  0.012887  0.000000  0.001546  0.000000  0.000000  0.045361  0.000000  0.013918  0.713402  0.173711  0.003093  0.111340  0.177320  1.000000  0.037113  1.940722  0.080928  0.661856  0.310309  0.157732  0.377835  0.000000  0.004124  0.000000  0.081443  0.022680  0.005670  0.000000  0.015464  
54.000000  0.000000  0.000000  29.000000  153.000000  0.000000  1.000000  9.000000  19.000000  16.000000  5.000000  0.000000  1.000000  0.000000  1.000000  141.000000  89.000000  237.000000  662.000000  0.000000  24.000000  0.000000  0.000000  80.000000  26.000000  1.000000  34.000000  5.000000  131.000000  0.000000  0.000000  0.000000  20.000000  28.000000  11.000000  89.000000  0.000000  13.000000  0.000000  48.000000  2.000000  0.000000  0.000000  10.000000  
0.000000  0.000000  0.000000  1.715139  0.374502  0.000000  0.003984  0.000000  0.081673  0.201195  0.081673  0.000000  0.219124  0.001992  0.362550  0.000000  0.000000  0.000000  0.000000  0.000000  0.049801  0.000000  0.081673  0.115538  0.235060  0.021912  0.169323  0.838645  0.308765  0.063745  1.000000  0.027888  0.035857  0.157371  0.266932  0.298805  0.000000  0.005976  0.000000  0.125498  0.061753  0.000000  0.000000  0.000000  
0.004594  0.000000  0.000000  2.114855  0.024502  0.000000  0.000000  0.007657  0.032159  0.015314  0.022971  0.000000  0.030628  0.000000  0.289433  0.082695  0.053599  0.104135  0.082695  0.070444  0.010720  0.000000  0.004594  0.071975  0.019908  0.006126  0.022971  0.016845  0.094946  0.171516  0.010720  1.000000  0.396631  0.104135  0.073507  0.150077  0.000000  0.001531  0.000000  0.078101  0.053599  0.000000  0.000000  0.000000  
0.000000  0.000000  0.000000  0.916667  2.958333  0.000000  0.041667  0.000000  0.833333  1.500000  0.666667  0.000000  0.416667  0.000000  0.916667  0.000000  0.000000  0.000000  0.000000  0.000000  0.416667  0.000000  0.208333  3.625000  0.541667  0.083333  2.750000  0.333333  0.833333  0.583333  0.666667  0.375000  1.000000  2.875000  1.208333  5.708333  0.000000  0.250000  0.000000  1.958333  1.791667  0.000000  0.000000  0.000000  
0.000000  0.000000  0.000000  30.000000  48.000000  0.000000  1.000000  0.000000  43.000000  34.000000  14.000000  0.000000  33.000000  0.000000  16.000000  0.000000  0.000000  0.000000  0.000000  0.000000  2.000000  0.000000  7.000000  75.000000  15.000000  8.000000  48.000000  26.000000  29.000000  9.000000  41.000000  24.000000  7.000000  0.000000  1.000000  69.000000  0.000000  0.000000  1.000000  51.000000  32.000000  0.000000  0.000000  0.000000  
0.000000  0.000000  0.000000  0.013818  0.019687  0.000000  0.000122  0.000000  0.003424  0.005380  0.006236  0.000000  0.002568  0.000000  0.001223  0.000000  0.000000  0.000000  0.000000  0.000000  0.000245  0.000000  0.000000  0.037173  0.001712  0.000245  0.013818  0.006481  0.003791  0.004891  0.009660  0.002935  0.002812  0.067131  1.000000  0.087674  0.000000  0.002935  0.002690  0.049890  0.003424  0.000000  0.000000  0.000000  
0.004598  0.000000  0.000000  0.137931  0.167816  0.000000  0.002299  0.052874  0.190805  0.064368  0.013793  0.000000  0.006897  -0.002299  0.013793  0.002299  0.000000  0.013793  0.006897  0.000000  0.029885  0.002299  0.000000  0.439080  0.073563  0.025287  0.073563  0.055172  0.036782  0.036782  0.073563  0.062069  0.018391  0.158621  0.050575  1.000000  0.000000  0.000000  0.000000  0.924138  0.393103  0.000000  0.000000  0.000000  
0.000000  0.000000  0.000000  0.000000  0.000000  0.000000  0.000000  0.000000  0.000000  32.000000  0.000000  0.000000  0.000000  0.000000  0.000000  0.000000  0.000000  0.000000  0.000000  0.000000  0.000000  0.000000  0.000000  0.000000  0.000000  0.000000  1550.000000  0.000000  0.000000  0.000000  0.000000  0.000000  0.000000  0.000000  74.000000  55.000000  0.000000  0.000000  0.000000  0.000000  19.000000  0.000000  0.000000  0.000000  
0.000000  0.000000  0.000000  5.000000  3.916667  0.000000  0.000000  3.416667  6.916667  0.750000  0.250000  0.000000  0.083333  0.000000  0.166667  0.000000  0.000000  0.000000  0.000000  0.000000  0.000000  0.000000  0.000000  6.250000  2.250000  0.000000  2.416667  1.000000  2.250000  0.833333  1.000000  0.583333  0.000000  2.333333  1.500000  2.750000  0.000000  1.000000  0.000000  1.750000  0.333333  0.416667  0.000000  0.000000  
0.272727  0.000000  0.000000  2.257576  4.075758  0.000000  0.030303  0.060606  4.863636  0.606061  0.636364  0.000000  0.712121  0.000000  0.363636  0.712121  0.515152  1.196970  0.045455  0.000000  0.439394  0.000000  0.000000  1.484848  0.893939  0.878788  2.424242  0.515152  1.696970  0.212121  0.227273  0.075758  0.015152  1.181818  0.606061  1.833333  0.000000  0.575758  1.000000  3.787879  0.303030  0.090909  0.000000  0.000000  
0.057940  0.000000  0.000000  0.109442  0.240343  0.000000  0.006438  0.049356  0.497854  0.079399  0.023605  0.000000  0.010730  -0.002146  0.015021  0.030043  0.000000  0.040773  0.008584  0.000000  0.062232  0.002146  0.002146  0.270386  0.085837  0.017167  0.103004  0.062232  0.040773  0.023605  0.055794  0.042918  0.017167  0.133047  0.032189  1.081545  0.000000  0.017167  0.012876  1.000000  0.315451  0.000000  0.000000  0.000000  
78.000000  0.000000  0.000000  431.000000  403.000000  0.000000  49.000000  177.000000  116.000000  189.000000  151.000000  9.000000  447.000000  125.000000  369.000000  6.000000  4.000000  29.000000  17.000000  14.000000  27.000000  2.000000  59.000000  343.000000  29.000000  53.000000  1157.000000  130.000000  123.000000  98.000000  251.000000  62.000000  11.000000  345.000000  112.000000  595.000000  0.000000  824.000000  84.000000  536.000000  0.000000  0.000000  0.000000  0.000000  
7.000000  0.000000  0.000000  121.000000  179.000000  0.000000  0.000000  24.000000  65.000000  94.000000  11.000000  0.000000  25.000000  0.000000  4.000000  3.000000  7.000000  8.000000  0.000000  0.000000  19.000000  4.000000  22.000000  235.000000  8.000000  13.000000  260.000000  7.000000  40.000000  32.000000  89.000000  14.000000  5.000000  51.000000  5.000000  162.000000  0.000000  56.000000  489.000000  271.000000  0.000000  0.000000  0.000000  0.000000  
0.000000  0.000000  0.000000  0.000000  0.000000  0.000000  0.000000  0.000000  0.000000  0.000000  0.000000  0.000000  0.000000  0.000000  0.000000  0.000000  0.000000  0.000000  0.000000  0.000000  0.000000  0.000000  0.000000  0.000000  0.000000  0.000000  0.000000  0.000000  0.000000  0.000000  0.000000  0.000000  0.000000  0.000000  0.000000  0.000000  0.000000  0.000000  0.000000  0.000000  0.000000  0.000000  0.000000  0.000000  
0.000000  0.000000  0.000000  0.000000  0.000000  0.000000  0.000000  0.000000  0.000000  0.000000  0.000000  0.000000  0.000000  0.000000  0.000000  0.000000  0.000000  0.000000  0.000000  0.000000  0.000000  0.000000  0.000000  0.000000  0.000000  0.000000  0.000000  0.000000  0.000000  0.000000  0.000000  0.000000  0.000000  0.000000  0.000000  0.000000  0.000000  0.000000  0.000000  0.000000  0.000000  0.000000  0.000000  0.000000  
0.000796  0.031548  0.031548  0.000276  0.000788  0.031548  0.000741  0.001167  0.000448  0.001441  0.000858  0.001945  0.000508  0.001275  0.001608  0.003643  0.002880  0.000449  0.002502  0.001968  0.000527  0.002799  0.001034  0.000459  0.002629  0.001916  0.000651  0.008750  0.000716  0.031548  0.001408  0.001235  0.006440  0.031548  0.000349  0.001513  0.031548  0.009107  0.003883  0.001461  0.031548  0.031548  0.031548  0.031548  