1.000000  0.000063  0.000124  0.050011  0.032831  0.000000  0.002747  0.015625  0.260106  0.010078  0.042476  0.000003  0.000539  0.002605  0.009890  0.001481  0.002267  0.648985  0.012064  0.006300  0.018581  0.000464  0.014564  0.011781  0.011201  0.000369  0.087942  0.000000  0.167374  0.009744  0.048655  0.005800  0.000000  0.012170  0.018902  0.000000  0.027689  0.000000  0.000000  0.106431  0.000000  0.000000  0.000000  0.000000  
0.000000  1.000000  0.060166  0.478935  1.792526  0.000000  1.090451  0.074209  0.213600  0.175396  2.253639  0.006680  0.587677  0.029325  0.000000  0.000470  0.000000  0.000064  0.007876  0.000000  0.051394  0.022175  0.461690  0.018013  0.119136  0.000021  1.812375  0.000000  0.292803  0.093226  0.403125  0.174841  0.000000  0.058608  0.000875  0.000000  0.083707  0.000000  0.000000  3.277138  0.000000  0.000000  0.000000  0.000000  
0.000125  16.618452  1.000000  0.194029  2.088440  0.000000  0.013019  0.003505  0.577705  0.763160  0.126056  0.000751  0.038994  0.000000  0.000000  0.007886  0.000000  0.001064  0.051386  0.000000  0.041372  0.039307  0.013645  0.000125  0.000814  0.000250  0.000000  0.000000  0.273080  0.207799  1.418852  0.617700  0.000000  0.017588  0.014396  0.000000  0.114727  0.000000  0.000000  2.321525  0.000000  0.000000  0.000000  0.000000  
0.000003  0.000000  0.000000  1.000000  0.003481  0.000000  0.001796  0.000047  0.028277  0.007574  0.006987  0.000178  0.000285  0.000143  0.000000  0.000118  0.000000  0.000581  0.002629  0.000000  0.000072  0.000068  0.000311  0.000217  0.000223  0.000002  0.003898  0.000000  0.032816  0.007729  0.003894  0.016864  0.000000  0.000251  0.001051  0.000000  0.000434  0.000000  0.000000  0.027048  0.000000  0.000000  0.000000  0.000000  
0.000000  8.400758  0.010559  7.332149  1.000000  0.000000  0.119639  0.000000  0.295468  0.814628  0.553720  0.029912  0.621944  0.006532  0.000236  0.000055  0.000000  0.000039  0.026358  0.000024  0.008447  0.007785  0.000173  0.093234  0.038579  0.001623  0.820049  0.000000  0.353464  0.086717  0.108773  0.000615  0.000000  0.193559  0.024845  0.000000  0.069082  0.000000  0.000000  3.580275  0.000000  0.000000  0.000000  0.000000  
0.000000  0.000000  0.000000  0.000000  0.000000  0.000000  0.000000  0.000000  0.000000  0.000000  0.000000  0.000000  0.000000  0.000000  0.000000  0.000000  0.000000  0.000000  0.000000  0.000000  0.000000  0.000000  0.000000  0.000000  0.000000  0.000000  0.000000  0.000000  0.000000  0.000000  0.000000  0.000000  0.000000  0.000000  0.000000  0.000000  0.000000  0.000000  0.000000  0.000000  0.000000  0.000000  0.000000  0.000000  
0.000011  0.034538  0.134153  0.092500  0.114952  0.000000  1.000000  0.155650  0.027587  0.145320  0.100467  0.002488  0.013509  0.013073  0.001162  0.000000  0.000000  0.000002  0.001699  0.000038  0.001842  0.001116  0.003460  0.009989  0.004467  0.007020  0.003209  0.000000  0.260511  0.011238  0.114651  0.010187  0.000000  0.003897  0.003244  0.000000  0.009529  0.000000  0.000000  0.116889  0.000000  0.000000  0.000000  0.000000  
0.016190  0.094590  0.014813  1.065225  0.477116  0.000000  0.154948  1.000000  0.368200  0.165686  0.253112  0.001161  0.006021  0.016265  0.000102  0.000416  0.000000  0.002958  0.022333  0.000000  0.161568  0.003645  0.054608  0.277049  0.173013  0.021737  0.016739  0.000000  0.291699  0.029020  0.647239  0.081659  0.000000  0.034770  0.018393  0.000000  0.067902  0.000000  0.000000  0.698091  0.000000  0.000000  0.000000  0.000000  
0.013035  0.002802  0.006387  0.216543  0.103981  0.000000  0.038059  0.032673  1.000000  0.074800  0.015957  0.000934  0.001747  0.000188  0.000066  0.005808  0.001214  0.039570  0.066955  0.000003  0.021650  0.003328  0.005782  0.089286  0.031422  0.010469  0.000624  0.000000  0.090649  0.009154  0.035833  0.019840  0.000000  0.006088  0.005456  0.000000  0.006043  0.000000  0.000000  0.212298  0.000000  0.000000  0.000000  0.000000  
0.000238  0.010716  0.049772  0.194772  0.207758  0.000000  2.095057  0.111038  0.147405  1.000000  0.346174  0.012589  0.060916  0.055986  0.002313  0.000005  0.000000  0.002711  0.006492  0.000239  0.029115  0.004003  0.049246  0.100470  0.088012  0.145000  0.109508  0.000000  0.502999  0.032610  0.239687  0.024970  0.000000  0.036361  0.024811  0.000000  0.032909  0.000000  0.000000  0.325467  0.000000  0.000000  0.000000  0.000000  
0.001158  0.001751  0.003039  0.105222  0.078993  0.000000  0.781405  0.027451  0.075246  0.614834  1.000000  0.023708  0.213275  0.097792  0.034942  0.000011  0.000002  0.000035  0.002367  0.000004  0.015590  0.002960  0.025457  0.056677  0.092155  0.016294  0.038613  0.000000  0.284192  0.021433  0.109116  0.032055  0.000000  0.030752  0.018633  0.000000  0.023356  0.000000  0.000000  0.234476  0.000000  0.000000  0.000000  0.000000  
0.000000  0.000753  0.000000  0.138977  0.142336  0.000000  0.470572  0.063978  0.203449  0.700477  0.493254  1.000000  2.635926  0.019940  0.000595  0.000034  0.000000  0.000011  0.004808  0.000011  0.045127  0.063843  0.054811  0.278975  0.474347  0.145807  0.014672  0.000000  0.646015  0.057642  0.138494  0.119148  0.000000  0.116441  0.040622  0.000000  0.086109  0.000000  0.000000  1.535123  0.000000  0.000000  0.000000  0.000000  
0.001150  0.000982  0.000086  0.082498  0.082678  0.000000  0.788736  0.098289  0.225837  0.397843  0.221199  0.025236  1.000000  0.008281  0.032999  0.000009  0.000014  0.000168  0.004860  0.000003  0.019616  0.002278  0.058995  0.141942  0.154576  0.062321  0.014828  0.000000  0.258142  0.024665  0.073999  0.029126  0.000000  0.034794  0.019914  0.000000  0.030771  0.000000  0.000000  0.439794  0.000000  0.000000  0.000000  0.000000  
0.000000  0.010210  0.002921  0.127250  0.069412  0.000000  0.551549  0.042359  0.052616  0.578399  0.079142  0.005882  0.208814  1.000000  0.001135  0.000016  0.000000  0.000010  0.000677  0.000009  0.039411  0.003909  0.021910  0.056423  0.258508  0.013194  0.003320  0.000000  0.224490  0.018287  0.087398  0.020121  0.000000  0.018717  0.008691  0.000000  0.010339  0.000000  0.000000  0.127622  0.000000  0.000000  0.000000  0.000000  
0.000626  0.002016  0.000524  0.095708  0.083257  0.000000  0.338765  0.004891  0.043803  0.276085  0.308229  0.014439  0.337550  0.110451  1.000000  0.000010  0.000000  0.000054  0.001275  0.000000  0.013966  0.005456  0.027736  0.026292  0.037580  0.002316  0.014421  0.000000  0.123622  0.022076  0.031412  0.031046  0.000000  0.018833  0.029579  0.000000  0.026664  0.000000  0.000000  0.189927  0.000000  0.000000  0.000000  0.000000  
10.010554  0.000743  0.000015  0.667076  0.256513  0.000000  0.047645  0.030464  0.207973  0.210020  0.088694  0.000440  0.002168  0.000000  0.000000  1.000000  0.279835  0.924150  0.006278  0.000015  0.012677  0.007112  0.002669  0.452901  0.125815  0.000000  0.013223  0.000000  2.300018  0.072332  0.358733  0.028114  0.000000  0.033239  0.013860  0.000000  0.057016  0.000000  0.000000  0.902921  0.000000  0.000000  0.000000  0.000000  
4.016556  0.001587  0.000006  0.230159  0.078007  0.000000  0.057238  0.051985  0.059318  0.070532  0.032452  0.000095  0.000856  0.000000  0.000000  0.000713  1.000000  0.156835  0.001509  0.000006  0.003934  0.003280  0.008171  0.161090  0.119843  0.000000  0.005960  0.000000  0.885446  0.026902  0.212296  0.007868  0.000000  0.001034  0.000000  0.000000  0.012402  0.000000  0.000000  0.096399  0.000000  0.000000  0.000000  0.000000  
0.656862  0.001862  0.000554  0.073997  0.039063  0.000000  0.014827  0.016765  0.077711  0.092808  0.016799  0.000066  0.000400  0.000178  0.000038  0.047790  0.066793  1.000000  0.011199  0.000002  0.004028  0.000560  0.007046  0.132008  0.039504  0.000832  0.002792  0.000000  0.196014  0.014678  0.062323  0.013563  0.000000  0.004312  0.002653  0.000000  0.006229  0.000000  0.000000  0.175867  0.000000  0.000000  0.000000  0.000000  
0.691132  0.003904  0.005549  0.441541  0.155813  0.000000  0.028843  0.212331  0.384759  0.399419  0.047430  0.001000  0.001688  0.000830  0.000000  0.000098  0.003873  0.339714  1.000000  0.000024  0.006411  0.004211  0.023247  0.276613  0.090677  0.008304  0.020968  0.000000  0.391509  0.021374  0.090504  0.029496  0.000000  0.003156  0.001614  0.000000  0.011370  0.000000  0.000000  0.821369  0.000000  0.000000  0.000000  0.000000  
45.433304  0.000000  0.000000  1.398625  1.161200  0.000000  1.475164  0.011871  1.937207  3.004998  0.620119  0.006560  0.025929  0.000000  0.001874  0.000000  0.002499  0.029366  0.029991  1.000000  0.148391  0.036551  0.239613  37.941269  0.798813  0.044049  0.175883  0.000000  3.683849  0.876601  2.300219  1.915964  0.000000  0.490159  0.388316  0.000000  0.280850  0.000000  0.000000  19.350828  0.000000  0.000000  0.000000  0.000000  
0.067250  0.001357  0.000027  0.053906  0.043486  0.000000  0.004507  0.029732  0.289100  0.036185  0.030524  0.000267  0.000376  0.002094  0.000292  0.000555  0.000000  0.007509  0.001726  0.000001  1.000000  0.017277  0.016200  0.044595  0.023243  0.006482  0.005608  0.000000  0.147440  0.010760  0.020238  0.011111  0.000000  0.007319  0.010861  0.000000  0.006935  0.000000  0.000000  0.126933  0.000000  0.000000  0.000000  0.000000  
0.441290  0.001056  0.000000  0.044886  0.031146  0.000000  0.002529  0.011414  0.198625  0.065963  0.019847  0.000597  0.000249  0.000000  0.003480  0.000563  0.000000  0.002471  0.003341  0.000000  0.316452  1.000000  0.021727  0.112096  0.205800  0.076542  0.005754  0.000000  0.187339  0.017626  0.024725  0.017962  0.000000  0.010562  0.011165  0.000000  0.023368  0.000000  0.000000  0.057228  0.000000  0.000000  0.000000  0.000000  
0.071404  0.000275  0.000215  0.113206  0.027943  0.000000  0.034987  0.038790  0.059121  0.083607  0.029672  0.000321  0.008084  0.001006  0.000742  0.005127  0.000000  0.000815  0.001678  0.000004  0.140479  0.003552  1.000000  0.065740  0.073325  0.015795  0.007635  0.000000  0.065553  0.012077  0.040340  0.010557  0.000000  0.011669  0.016315  0.000000  0.012679  0.000000  0.000000  0.128405  0.000000  0.000000  0.000000  0.000000  
0.001586  0.002330  0.000004  0.051721  0.031102  0.000000  0.011497  0.005464  0.101699  0.016278  0.023481  0.000148  0.000646  0.000000  0.000095  0.000003  0.000000  0.003317  0.001239  0.000162  0.012467  0.000258  0.012075  1.000000  0.016054  0.003058  0.007110  0.000000  0.050861  0.009578  0.041963  0.014223  0.000000  0.026548  0.005180  0.000000  0.011876  0.000000  0.000000  0.158543  0.000000  0.000000  0.000000  0.000000  
0.000000  0.008921  0.000000  0.438948  0.547997  0.000000  0.323269  0.170585  5.607700  0.549573  0.167671  0.003113  0.007653  0.001973  0.000704  0.000030  0.000000  0.000020  0.062162  0.000020  0.804990  0.036240  0.103557  0.482673  1.000000  0.033405  0.021025  0.000000  0.742917  0.075484  0.326738  0.070508  0.000000  0.073541  0.066236  0.000000  0.096905  0.000000  0.000000  1.536756  0.000000  0.000000  0.000000  0.000000  
0.045321  0.001258  0.000364  0.049404  0.041366  0.000000  0.224974  0.021903  0.313645  0.681332  0.228997  0.000742  0.007841  0.010296  0.002530  0.000909  0.000000  0.005159  0.007553  0.000008  0.180328  0.016258  0.124044  0.220050  0.119968  1.000000  0.001773  0.000000  0.197177  0.021509  0.047184  0.032600  0.000000  0.022547  0.039457  0.000000  0.010932  0.000000  0.000000  0.144970  0.000000  0.000000  0.000000  0.000000  
0.001469  0.000146  0.000000  0.057921  0.016416  0.000000  0.218441  0.563862  0.084263  0.174825  0.197619  0.000581  0.084991  0.013206  0.000221  0.000156  0.000000  0.000893  0.000651  0.000000  0.016692  0.000414  0.252105  0.016927  0.091903  0.004857  1.000000  0.000000  0.171342  0.022691  0.090124  0.004114  0.000000  0.019359  0.025247  0.000000  0.004153  0.000000  0.000000  0.051229  0.000000  0.000000  0.000000  0.000000  
0.000000  0.000000  0.000000  0.000000  0.000000  0.000000  0.000000  0.000000  0.000000  0.000000  0.000000  0.000000  0.000000  0.000000  0.000000  0.000000  0.000000  0.000000  0.000000  0.000000  0.000000  0.000000  0.000000  0.000000  0.000000  0.000000  0.000000  0.000000  0.000000  0.000000  0.000000  0.000000  0.000000  0.000000  0.000000  0.000000  0.000000  0.000000  0.000000  0.000000  0.000000  0.000000  0.000000  0.000000  
0.006329  0.000000  0.000000  2.969428  4.347875  0.000000  0.023962  0.494239  0.440802  0.242316  0.189887  0.170339  0.964937  0.117209  0.004415  0.000000  0.146862  1.584104  0.008013  0.000000  3.462060  0.096002  0.728797  7.811632  1.604239  0.116609  1.094892  0.000000  1.000000  0.655149  17.734972  10.699961  0.000000  4.970054  2.726360  0.000000  3.621553  0.000000  0.000000  0.666875  0.000000  0.000000  0.000000  0.000000  
9.000194  0.000000  0.000000  2.221340  7.208301  0.000000  0.003227  1.466692  0.344694  1.022915  0.007165  0.000323  0.034857  0.747483  0.005680  12.366189  6.089014  22.980442  49.995934  7.089788  2.944488  0.014330  6.652724  3.155177  1.543377  0.340950  3.214175  0.000000  2.648077  1.000000  7.557320  0.499225  0.000000  5.488575  3.939388  0.000000  5.126775  0.000000  0.000000  73.449394  0.000000  0.000000  0.000000  0.000000  
0.000000  0.000000  0.000000  15.473729  1.270002  0.000000  0.579779  0.412583  0.237014  0.458753  0.159811  0.015229  1.429607  4.394180  3.267564  0.000000  0.000000  0.000023  0.004463  0.000000  0.355349  0.064159  0.163170  1.567081  4.057787  0.494732  0.064412  0.000000  1.846883  0.523832  1.000000  0.280009  0.000000  1.609087  3.477226  0.000000  0.482816  0.000000  0.000000  3.212744  0.000000  0.000000  0.000000  0.000000  
0.009113  0.000000  0.000000  0.628877  0.015192  0.000000  0.000000  0.000000  0.007613  0.003365  0.008612  0.001183  0.007348  0.014193  0.142813  0.008162  0.006394  0.021188  0.014022  0.002049  0.001301  0.000132  0.010598  0.025626  0.009406  0.000724  0.006913  0.000000  0.007075  0.027723  0.011867  1.000000  0.000000  0.037714  0.038680  0.000000  0.032097  0.000000  0.000000  0.179253  0.000000  0.000000  0.000000  0.000000  
0.000000  0.000000  0.000000  0.000000  0.000000  0.000000  0.000000  0.000000  0.000000  0.000000  0.000000  0.000000  0.000000  0.000000  0.000000  0.000000  0.000000  0.000000  0.000000  0.000000  0.000000  0.000000  0.000000  0.000000  0.000000  0.000000  0.000000  0.000000  0.000000  0.000000  0.000000  0.000000  0.000000  0.000000  0.000000  0.000000  0.000000  0.000000  0.000000  0.000000  0.000000  0.000000  0.000000  0.000000  
0.000000  0.000000  0.000000  0.053574  0.131951  0.000000  0.052725  0.013308  0.005972  0.000130  0.000122  0.000000  0.721282  0.012806  0.000198  0.000000  0.000000  0.000000  0.000000  0.000000  0.016614  0.005096  0.014718  0.136288  0.066767  0.004381  0.047621  0.000000  0.042613  0.045149  0.235267  0.173540  0.000000  1.000000  0.119974  0.000000  0.012616  0.000000  0.000000  0.627355  0.000000  0.000000  0.000000  0.000000  
0.000000  0.000000  0.000000  0.003179  0.011250  0.000000  0.000000  0.000000  0.000378  0.000669  0.000000  0.001776  0.000224  0.000000  0.000017  0.000000  0.000000  0.000000  0.000000  0.000000  0.000519  0.000000  0.003140  0.063654  0.001784  0.000379  0.010395  0.000000  0.002120  0.002234  0.000304  0.002788  0.000000  0.081438  1.000000  0.000000  0.020796  0.000000  0.000000  0.093478  0.000000  0.000000  0.000000  0.000000  
0.000000  0.000000  0.000000  0.000000  0.000000  0.000000  0.000000  0.000000  0.000000  0.000000  0.000000  0.000000  0.000000  0.000000  0.000000  0.000000  0.000000  0.000000  0.000000  0.000000  0.000000  0.000000  0.000000  0.000000  0.000000  0.000000  0.000000  0.000000  0.000000  0.000000  0.000000  0.000000  0.000000  0.000000  0.000000  0.000000  0.000000  0.000000  0.000000  0.000000  0.000000  0.000000  0.000000  0.000000  
0.000000  0.000000  0.000000  0.921462  0.951891  0.000000  0.000000  0.000000  0.002395  0.000000  0.000000  0.000634  0.056279  0.000000  0.000986  0.000000  0.000000  0.000000  0.000000  0.000000  0.204550  0.000000  0.822639  5.911672  0.369092  0.022329  13.841938  0.000000  0.279777  0.688596  0.000000  0.000000  0.000000  3.849828  0.689441  0.000000  1.000000  0.000000  0.000000  14.814186  0.000000  0.000000  0.000000  0.000000  
0.000000  0.000000  0.000000  0.000000  0.000000  0.000000  0.000000  0.000000  0.000000  0.000000  0.000000  0.000000  0.000000  0.000000  0.000000  0.000000  0.000000  0.000000  0.000000  0.000000  0.000000  0.000000  0.000000  0.000000  0.000000  0.000000  0.000000  0.000000  0.000000  0.000000  0.000000  0.000000  0.000000  0.000000  0.000000  0.000000  0.000000  0.000000  0.000000  0.000000  0.000000  0.000000  0.000000  0.000000  
0.000000  0.000000  0.000000  0.000000  0.000000  0.000000  0.000000  0.000000  0.000000  0.000000  0.000000  0.000000  0.000000  0.000000  0.000000  0.000000  0.000000  0.000000  0.000000  0.000000  0.000000  0.000000  0.000000  0.000000  0.000000  0.000000  0.000000  0.000000  0.000000  0.000000  0.000000  0.000000  0.000000  0.000000  0.000000  0.000000  0.000000  0.000000  0.000000  0.000000  0.000000  0.000000  0.000000  0.000000  
0.010872  0.000000  0.000000  0.147921  0.087825  0.000000  0.002068  0.007793  0.136367  0.019266  0.012626  0.066183  0.090100  0.248264  0.002787  0.001235  0.000000  0.004283  0.000032  0.000005  0.029996  0.003571  0.043610  0.211762  0.022548  0.034981  0.068933  0.000000  0.125833  0.051129  0.021226  0.070485  0.000000  0.310564  0.101355  0.000000  0.111778  0.000000  0.000000  1.000000  0.000000  0.000000  0.000000  0.000000  
36000.000000  6300.000000  3100.000000  200200.000000  128200.000000  0.000000  11700.000000  98800.000000  64800.000000  111000.000000  235900.000000  111100.000000  413200.000000  71600.000000  1023600.000000  26600.000000  41100.000000  56100.000000  8500.000000  1100.000000  85000.000000  2900.000000  55000.000000  116400.000000  30200.000000  19500.000000  767600.000000  0.000000  80700.000000  6800.000000  81800.000000  70900.000000  0.000000  154500.000000  6200.000000  0.000000  11400.000000  0.000000  0.000000  836800.000000  0.000000  0.000000  0.000000  0.000000  
3300.000000  4700.000000  3800.000000  52000.000000  90400.000000  0.000000  3400.000000  47500.000000  52600.000000  8200.000000  12100.000000  7500.000000  22500.000000  1300.000000  23600.000000  1600.000000  2600.000000  3900.000000  600.000000  500.000000  21900.000000  1300.000000  28900.000000  101900.000000  500.000000  20300.000000  180800.000000  0.000000  69000.000000  13500.000000  42500.000000  15100.000000  0.000000  32200.000000  8000.000000  0.000000  30000.000000  0.000000  0.000000  107200.000000  0.000000  0.000000  0.000000  0.000000  
28600.000000  8300.000000  6400.000000  44500.000000  49700.000000  0.000000  3400.000000  27200.000000  380700.000000  9700.000000  1300.000000  120100.000000  14900.000000  8400.000000  8100.000000  14800.000000  10400.000000  34100.000000  2700.000000  0.000000  50500.000000  6500.000000  17300.000000  26600.000000  6600.000000  5500.000000  59500.000000  0.000000  143600.000000  10200.000000  11600.000000  4900.000000  0.000000  21400.000000  4000.000000  0.000000  41100.000000  0.000000  0.000000  800100.000000  0.000000  0.000000  0.000000  0.000000  
23400.000000  1500.000000  1100.000000  6900.000000  15200.000000  0.000000  0.000000  1200.000000  14500.000000  3300.000000  7400.000000  4500.000000  6400.000000  10900.000000  5600.000000  50000.000000  26100.000000  50200.000000  0.000000  0.000000  13900.000000  700.000000  11100.000000  38200.000000  200.000000  2800.000000  44400.000000  0.000000  101300.000000  2700.000000  5000.000000  4900.000000  0.000000  30700.000000  1100.000000  0.000000  2100.000000  0.000000  0.000000  212100.000000  0.000000  0.000000  0.000000  0.000000  
0.000026  0.000146  0.000250  0.000014  0.000089  0.031548  0.000023  0.000058  0.000019  0.000042  0.000029  0.000106  0.000035  0.000031  0.000040  0.000123  0.000077  0.000022  0.000063  0.000558  0.000023  0.000076  0.000036  0.000022  0.000099  0.000087  0.000018  0.031548  0.000113  0.000253  0.000151  0.000025  0.031548  0.000063  0.000015  0.031548  0.000265  0.031548  0.031548  0.000023  0.031548  0.031548  0.031548  0.031548  