1.000000  0.066176  0.044118  0.264706  0.000000  0.000000  0.007353  0.000000  0.088235  0.147059  0.058824  0.036765  0.036765  1.080882  0.014706  0.044118  6.536765  1.294118  0.088235  0.404412  0.161765  0.007353  0.051471  0.308824  0.066176  0.051471  0.161765  0.036765  0.036765  1.536765  0.022059  0.044118  0.066176  0.029412  1.110294  0.397059  0.125000  10.264706  0.352941  5.808824  2.970588  0.610294  45.801472  46.183823  0.580882  1.227941  0.279412  0.051471  0.058824  0.051471  0.000000  3.191176  0.080882  2.132353  1.463235  0.000000  
0.237542  1.000000  0.002492  0.165282  0.019103  0.009136  0.024917  0.007475  0.192691  0.275748  0.053156  0.040698  0.133721  0.418605  0.044850  0.031561  0.025748  0.058140  0.031561  0.181063  0.058970  0.000831  0.034053  0.144518  0.021595  0.046512  0.080565  0.021595  0.042359  0.029070  0.003322  0.012458  0.035714  0.018272  0.017442  0.161130  0.024086  0.021595  0.009967  0.002492  0.047342  0.004983  0.108804  0.255814  0.068937  0.046512  0.076412  0.082226  0.022425  0.068937  0.009136  0.015781  0.067276  0.116279  0.240864  0.000000  
0.107527  1.446237  1.000000  1.059140  0.005376  0.010753  0.005376  0.016129  0.107527  2.279570  0.215054  0.204301  0.220430  1.784946  0.435484  0.016129  0.005376  0.032258  0.102151  0.279570  0.236559  0.000000  0.032258  0.204301  0.032258  0.225806  0.274194  0.075269  0.279570  0.010753  0.005376  0.010753  0.032258  0.016129  0.010753  0.096774  0.021505  0.000000  0.005376  0.005376  0.080645  0.000000  0.161290  0.903226  0.333333  0.241935  0.274194  0.129032  0.053763  0.172043  0.021505  0.096774  2.220430  0.483871  0.967742  0.000000  
0.248082  3.150895  2.322251  1.000000  0.092072  0.094629  0.010230  0.007673  0.710997  3.335038  0.209719  0.023018  0.161125  2.181586  0.153453  0.053708  0.030691  0.322251  0.025575  0.150895  0.076726  0.002558  0.007673  0.089514  0.010230  0.025575  0.051151  0.056266  0.074169  0.023018  0.005115  0.020460  0.012788  0.010230  0.038363  0.286445  0.023018  0.015345  0.033248  0.171356  0.102302  0.007673  0.156010  0.363171  0.020460  0.051151  0.104859  1.419437  0.225064  0.066496  0.033248  0.030691  0.010230  0.150895  0.501279  0.000000  
0.000000  0.000000  0.000000  11.500000  1.000000  0.000000  0.000000  0.000000  0.000000  144.000000  7.500000  2.500000  5.000000  3.500000  0.000000  0.000000  0.000000  0.000000  0.000000  0.000000  0.000000  0.000000  0.000000  0.000000  0.000000  0.000000  0.000000  0.000000  0.000000  0.000000  0.000000  0.000000  0.000000  0.000000  0.000000  0.000000  0.000000  0.000000  0.000000  0.000000  0.000000  0.000000  0.000000  0.000000  0.000000  0.000000  0.000000  0.000000  0.000000  0.000000  0.000000  0.000000  0.000000  0.000000  0.500000  0.000000  
24.833334  0.333333  0.000000  0.500000  0.000000  1.000000  0.000000  0.166667  0.166667  0.333333  0.000000  0.000000  0.000000  19.166666  0.333333  0.000000  0.000000  0.000000  0.000000  0.000000  0.000000  0.000000  0.000000  0.000000  0.000000  0.000000  0.000000  0.000000  0.000000  0.000000  0.000000  0.000000  0.000000  0.000000  0.000000  0.000000  0.000000  0.000000  0.166667  0.000000  0.333333  0.000000  1.500000  0.333333  0.166667  0.666667  0.000000  0.166667  0.000000  0.166667  0.000000  0.500000  0.000000  0.666667  3.000000  0.000000  
0.035211  0.084507  0.014085  0.028169  0.000000  0.000000  1.000000  0.000000  0.084507  0.063380  0.007042  0.000000  0.014085  0.295775  4.929577  0.000000  0.007042  0.021127  0.000000  0.035211  0.105634  0.000000  0.000000  0.021127  0.000000  0.007042  0.014085  0.000000  0.021127  0.007042  0.000000  0.000000  0.007042  0.000000  0.000000  0.028169  0.007042  0.000000  0.000000  0.000000  0.014085  0.000000  0.042254  0.140845  0.147887  0.154930  0.169014  0.056338  0.225352  0.408451  0.014085  0.021127  0.000000  0.154930  0.133803  0.000000  
0.000000  2.000000  0.000000  21.500000  1.000000  0.000000  0.000000  1.000000  1.500000  3.000000  0.000000  0.000000  0.000000  16.500000  0.000000  0.000000  0.000000  0.000000  0.000000  0.000000  0.000000  0.000000  0.000000  0.000000  0.000000  0.000000  0.000000  0.000000  0.000000  0.000000  0.000000  0.000000  0.000000  0.000000  0.000000  0.000000  0.000000  0.000000  0.000000  0.000000  0.000000  0.000000  0.000000  0.000000  0.000000  0.500000  0.000000  0.000000  0.000000  0.000000  0.000000  0.000000  0.000000  0.000000  0.500000  0.000000  
0.089482  0.050235  0.021978  0.185243  0.010989  0.003140  0.004710  0.003140  1.000000  0.422292  0.054945  0.020408  0.012559  0.156986  0.006279  0.009419  0.000000  0.064364  0.003140  0.010989  0.006279  0.000000  0.009419  0.043956  0.001570  0.003140  0.040816  0.100471  0.078493  0.006279  0.006279  0.020408  0.003140  0.000000  0.000000  0.004710  0.004710  0.000000  0.000000  0.000000  0.003140  0.000000  0.018838  0.587127  4.852433  0.128728  0.000000  0.067504  0.000000  0.053375  0.006279  0.000000  0.009419  0.043956  0.075353  0.000000  
0.016017  0.020386  0.001456  0.074991  0.003276  0.002548  0.006189  0.001456  0.009829  1.000000  0.118311  0.412450  0.021842  0.041864  0.003640  0.000000  0.000000  0.000000  0.369130  0.549691  0.298507  0.001456  0.124863  0.254459  0.013469  0.173644  0.356389  0.000728  0.000364  0.001092  0.002912  0.000000  0.000000  0.000000  0.000000  0.000000  0.001092  0.000000  0.001092  0.000000  0.000000  0.000000  0.004732  0.169276  0.323626  0.006553  0.000000  0.118675  0.003276  0.005096  0.001456  0.000000  0.000000  0.000000  0.002184  0.000000  
0.000000  0.051282  0.038462  0.666667  0.012821  0.025641  0.012821  0.000000  0.076923  0.679487  1.000000  0.051282  0.038462  0.333333  0.051282  0.064103  0.000000  0.000000  2.756410  13.564102  3.948718  0.025641  0.346154  2.269231  0.217949  0.217949  1.269231  0.025641  0.000000  0.038462  0.025641  0.000000  0.000000  0.000000  0.000000  0.000000  0.000000  0.000000  0.000000  0.000000  0.000000  0.000000  0.051282  1.833333  4.653846  0.217949  0.000000  0.294872  0.000000  0.038462  0.025641  0.000000  0.000000  0.000000  0.051282  0.000000  
0.120419  0.083770  0.036649  0.361257  0.010471  0.015707  0.026178  0.010471  0.047120  0.565445  0.068063  1.000000  0.188482  0.130890  0.036649  0.047120  0.005236  0.115183  0.455497  1.424084  0.958115  0.005236  0.670157  0.863874  0.083770  0.994764  2.010471  0.020942  0.036649  0.272251  0.047120  0.041885  0.000000  0.000000  0.068063  0.000000  0.099476  0.000000  0.000000  0.000000  0.000000  0.000000  0.083770  0.628272  0.471204  0.047120  0.000000  0.267016  0.010471  0.020942  0.010471  0.015707  0.000000  0.000000  0.020942  0.000000  
0.000000  0.020921  0.009763  0.073919  0.002789  0.000000  0.000000  0.000000  0.006974  0.143654  0.050209  0.033473  1.000000  0.386332  0.002789  0.000000  0.000000  0.001395  0.030683  0.386332  0.224547  0.005579  0.050209  1.093445  0.087866  0.101813  0.407252  0.006974  0.004184  0.001395  0.064156  0.000000  0.011158  0.000000  0.000000  0.000000  0.000000  0.000000  0.000000  0.000000  0.000000  0.000000  0.012552  0.125523  0.093445  0.020921  0.000000  0.054393  0.004184  0.005579  0.001395  0.000000  0.000000  0.020921  0.012552  0.000000  
0.255758  0.005455  0.001212  0.055758  0.006364  0.008182  0.017576  0.000909  0.008182  0.037879  0.023333  0.007576  0.025152  1.000000  0.103939  0.079091  0.015758  0.035758  0.010000  0.083030  0.097273  0.001212  0.014545  0.151212  0.005152  0.005152  0.064242  0.015152  0.021818  0.048182  0.019697  0.025455  0.050000  0.115455  0.051515  0.427879  0.004242  0.001212  0.002424  0.001212  0.001818  0.010606  0.026667  0.120606  0.178788  0.021212  0.011515  0.009091  0.004242  0.003636  0.003939  0.013636  0.001212  0.199091  0.305758  0.000000  
0.398037  0.146129  0.055616  0.039258  0.002181  0.002181  0.059978  0.001091  0.098146  0.112323  0.011996  0.004362  0.020720  0.260632  1.000000  0.006543  0.018539  0.029444  0.008724  0.058888  0.128680  0.001091  0.003272  0.034896  0.007634  0.010905  0.033806  0.006543  0.023991  0.026172  0.003272  0.010905  0.014177  0.006543  0.013086  0.080698  0.014177  0.006543  0.009815  0.005453  0.022901  0.009815  0.067612  0.203926  0.319520  0.300981  0.279171  0.080698  0.266085  0.450382  0.037077  0.022901  0.006543  0.282443  0.314068  0.000000  
0.695122  0.182927  0.085366  0.060976  0.000000  0.000000  0.000000  0.000000  0.085366  0.158537  0.085366  0.024390  0.024390  0.353659  0.109756  1.000000  0.000000  0.012195  0.573171  3.109756  6.792683  0.048780  0.134146  0.780488  0.012195  0.012195  0.304878  0.024390  0.024390  0.146341  0.024390  0.024390  0.036585  0.048780  1.426829  0.060976  0.487805  0.000000  0.000000  0.000000  0.085366  0.000000  0.500000  3.926829  0.670732  0.500000  0.365854  0.048780  0.060976  0.475610  0.024390  0.060976  0.024390  1.609756  0.548781  0.000000  
0.442308  0.134615  0.076923  3.807692  0.115385  0.038462  0.134615  0.076923  0.634615  0.076923  0.000000  0.057692  0.000000  0.346154  0.000000  0.000000  1.000000  2.461539  0.326923  1.019231  0.634615  0.019231  0.326923  0.096154  0.019231  0.192308  0.288462  0.000000  0.057692  7.846154  0.634615  0.096154  0.076923  0.000000  0.057692  0.000000  0.000000  0.000000  0.019231  0.000000  0.000000  0.019231  0.057692  6.615385  11.961538  0.461538  0.057692  1.500000  0.096154  0.307692  0.038462  0.000000  0.000000  0.365385  0.384615  0.000000  
0.045045  0.024024  0.015015  0.072072  0.000000  0.000000  0.000000  0.000000  0.024024  0.021021  0.006006  0.003003  0.003003  0.288288  0.000000  0.015015  0.009009  1.000000  0.015015  0.054054  0.045045  0.000000  0.009009  0.105105  0.009009  0.009009  0.033033  0.021021  0.006006  0.048048  0.003003  2.624625  2.387387  0.006006  0.012012  0.036036  0.063063  0.018018  0.018018  0.015015  0.030030  0.108108  0.198198  1.144144  0.081081  0.186186  0.180180  0.042042  0.006006  0.036036  0.015015  0.045045  0.000000  0.456456  0.054054  0.000000  
0.064327  0.163743  0.076023  0.245614  0.000000  0.000000  0.000000  0.000000  0.023392  0.497076  0.076023  0.023392  0.046784  0.046784  0.000000  0.000000  0.000000  0.000000  1.000000  4.619883  0.093567  0.000000  0.099415  0.146199  0.052632  0.017544  0.040936  0.000000  0.000000  0.000000  0.000000  0.000000  0.000000  0.000000  0.000000  0.000000  0.000000  0.000000  0.000000  0.000000  0.000000  0.000000  0.000000  0.497076  0.654971  0.040936  0.070175  0.222222  0.093567  0.187135  0.081871  0.029240  0.000000  0.093567  0.883041  0.000000  
0.073004  0.026222  0.036651  0.102801  0.000894  0.000298  0.001788  0.001192  0.014005  0.049464  0.014601  0.004470  0.023540  0.031883  0.008939  0.002980  0.001788  0.004172  0.068832  1.000000  0.103397  0.000894  0.058105  0.109952  0.023838  0.019368  0.028308  0.000894  0.000894  0.006257  0.001192  0.001788  0.002384  0.001788  0.003576  0.026222  0.004172  0.001192  0.001192  0.002086  0.002682  0.001192  0.008641  0.105483  0.058403  0.045292  0.021752  0.012813  0.004768  0.015197  0.002682  0.026818  0.003278  0.080453  0.071514  0.000000  
0.046178  0.006369  0.000796  0.000796  0.000000  0.000000  0.000000  0.000000  0.006369  0.016720  0.005573  0.000000  0.005573  0.005573  0.000796  0.001592  0.003185  0.001592  0.000796  0.006369  1.000000  0.000000  0.000000  0.003185  0.000796  0.001592  0.003981  0.000000  0.000000  0.003981  0.000000  0.001592  0.001592  0.000000  0.001592  0.004777  0.002389  0.002389  0.002389  0.000000  0.005573  0.001592  0.012739  0.076433  0.049363  0.119427  0.144108  0.004777  0.000796  0.125796  0.003981  0.001592  0.000000  0.038217  0.400478  0.000000  
0.000000  0.000000  0.000000  0.000000  0.000000  0.000000  0.000000  0.000000  0.000000  0.000000  0.000000  0.000000  0.000000  0.000000  0.000000  0.000000  0.000000  0.000000  0.000000  0.000000  0.000000  1.000000  0.000000  0.000000  0.000000  0.000000  0.000000  0.000000  0.000000  0.000000  0.000000  0.000000  0.000000  0.000000  0.000000  0.000000  0.000000  0.000000  0.000000  0.000000  0.000000  0.000000  0.000000  0.000000  0.000000  0.000000  0.000000  0.000000  0.000000  0.357143  0.000000  0.000000  0.000000  0.000000  0.928571  0.000000  
0.158730  0.000000  0.000000  0.000000  0.000000  0.000000  0.000000  0.000000  0.000000  0.444444  0.079365  0.000000  0.269841  0.000000  0.000000  0.031746  0.000000  0.000000  0.079365  0.158730  0.000000  0.000000  1.000000  0.000000  0.000000  0.000000  0.000000  0.000000  0.000000  0.000000  0.000000  0.000000  0.000000  0.000000  0.000000  0.000000  0.000000  0.000000  0.000000  0.000000  0.000000  0.000000  0.000000  0.095238  0.000000  0.000000  0.000000  0.031746  0.968254  0.000000  0.000000  0.000000  0.000000  0.000000  3.634921  0.000000  
0.008050  0.065496  0.007684  0.092572  0.001829  0.001829  0.002927  0.000000  0.006220  0.023052  0.001829  0.002927  0.025979  0.025613  0.001464  0.003293  0.001098  0.002561  0.034029  0.358580  0.154409  0.003659  0.053055  1.000000  0.040615  0.006220  0.036590  0.005854  0.004025  0.014636  0.004391  0.002927  0.002561  0.003659  0.002195  0.009879  0.015368  0.000366  0.001098  0.001098  0.002195  0.001464  0.014270  0.091475  0.104647  0.032565  0.019759  0.013904  0.003293  0.025613  0.012806  0.013904  0.008782  0.144896  0.229784  0.000000  
0.028369  0.148936  0.070922  0.070922  0.000000  0.000000  0.000000  0.000000  0.007092  0.028369  0.014184  0.014184  0.028369  0.070922  0.049645  0.007092  0.000000  0.007092  0.035461  0.141844  0.964539  0.007092  0.049645  0.120567  1.000000  0.014184  0.028369  0.000000  0.000000  0.007092  0.007092  0.007092  0.007092  0.007092  0.000000  0.007092  0.000000  0.000000  0.000000  0.000000  0.000000  0.000000  0.000000  0.120567  0.014184  0.014184  0.014184  0.028369  0.021277  0.021277  0.028369  0.035461  0.000000  0.184397  1.021277  0.000000  
0.456522  0.369565  0.173913  3.934783  0.054348  0.021739  0.380435  0.021739  0.195652  0.771739  0.163043  0.065217  0.065217  0.510870  0.065217  0.043478  0.021739  0.021739  0.750000  3.152174  4.641304  0.054348  0.282609  2.728261  0.195652  1.000000  1.706522  0.032609  0.010870  0.315217  0.108696  0.065217  0.065217  0.010870  0.086957  0.032609  0.163043  0.000000  0.010870  0.010870  0.043478  0.021739  0.152174  1.195652  0.978261  0.097826  0.032609  0.565217  0.076087  0.228261  0.054348  0.086957  0.130435  0.250000  0.826087  0.000000  
0.202830  0.141509  0.099057  0.349057  0.004717  0.004717  0.037736  0.004717  0.061321  0.561321  0.150943  0.103774  0.146226  0.882075  0.117925  0.047170  0.014151  0.033019  0.547170  0.896226  1.971698  0.014151  0.132075  0.981132  0.066038  0.221698  1.000000  0.037736  0.141509  0.919811  0.080189  0.094340  0.150943  0.056604  0.179245  0.089623  0.254717  0.009434  0.061321  0.018868  0.070755  0.047170  0.632075  0.594340  0.693396  0.056604  0.127358  0.169811  0.033019  0.113208  0.014151  0.099057  0.117925  0.570755  1.679245  0.000000  
0.128205  0.153846  0.102564  0.025641  0.000000  0.000000  0.000000  0.000000  0.358974  0.589744  0.000000  0.000000  0.128205  0.307692  0.000000  0.000000  0.000000  0.000000  0.000000  0.410256  0.282051  0.000000  0.179487  2.051282  0.025641  0.102564  0.025641  1.000000  1.153846  0.615385  0.000000  0.025641  0.025641  0.051282  0.179487  0.000000  0.000000  0.025641  0.000000  0.000000  0.102564  0.000000  0.641026  0.769231  5.230769  0.153846  0.128205  0.102564  0.025641  0.051282  0.051282  0.128205  0.000000  1.641026  0.230769  0.000000  
0.131148  0.032787  0.032787  0.000000  0.000000  0.000000  0.000000  0.000000  0.131148  0.114754  0.016393  0.000000  0.000000  1.262295  0.000000  0.000000  0.000000  0.049180  0.049180  0.114754  1.262295  0.000000  0.131148  1.213115  0.147541  0.000000  0.360656  0.065574  1.000000  2.819672  0.098361  0.000000  0.000000  0.049180  0.000000  0.000000  0.081967  0.000000  0.016393  0.000000  0.606557  0.049180  1.573771  0.803279  2.000000  0.065574  0.016393  0.065574  0.032787  0.049180  0.016393  0.114754  0.000000  1.590164  0.245902  0.000000  
0.160622  0.124352  0.056995  0.072539  0.000000  0.015544  0.000000  0.010363  0.082902  0.020725  0.025907  0.010363  0.010363  0.186529  0.005181  0.025907  0.020725  0.036269  0.010363  0.082902  0.212435  0.000000  0.025907  1.445596  0.088083  0.010363  0.191710  0.062176  0.062176  1.000000  0.020725  0.041451  0.031088  0.010363  0.067358  0.077720  0.093264  0.020725  0.046632  0.015544  0.051813  0.041451  0.227979  1.854922  0.829016  0.222798  0.227979  0.098446  0.025907  0.041451  0.015544  0.191710  0.015544  0.720207  0.554404  0.000000  
0.000000  0.000000  0.000000  0.000000  0.000000  0.000000  0.000000  0.000000  0.000000  0.000000  0.000000  0.000000  0.000000  0.000000  0.000000  0.000000  0.000000  0.000000  0.000000  0.027778  0.000000  0.000000  0.000000  0.250000  0.277778  0.000000  0.000000  0.027778  0.055556  0.000000  1.000000  0.000000  0.000000  0.000000  0.000000  0.027778  0.000000  0.000000  0.000000  0.000000  0.000000  0.000000  0.000000  0.666667  0.000000  0.083333  0.333333  0.027778  0.000000  0.000000  0.000000  0.000000  0.000000  0.555556  0.166667  0.000000  
0.347826  0.347826  0.152174  0.195652  0.000000  0.043478  0.021739  0.000000  2.478261  0.847826  0.065217  0.043478  0.130435  4.478261  0.043478  0.630435  0.021739  0.543478  0.065217  0.304348  0.347826  0.000000  0.021739  1.239130  0.217391  0.065217  0.521739  0.130435  0.369565  0.108696  0.695652  1.000000  1.086957  0.086957  0.521739  2.130435  1.173913  0.434783  0.086957  0.282609  0.130435  0.739130  3.652174  2.108696  0.565217  2.739130  4.260870  0.195652  0.217391  0.282609  0.173913  1.000000  0.217391  3.021739  2.086957  0.000000  
0.134146  0.682927  0.329268  0.256098  0.000000  0.012195  0.012195  0.000000  0.097561  0.329268  0.134146  0.073171  0.060976  0.414634  0.012195  0.097561  0.036585  0.487805  0.146341  0.707317  0.158537  0.000000  0.048780  0.463415  0.109756  0.085366  0.231707  0.097561  0.036585  0.170732  0.036585  0.500000  1.000000  0.048780  0.109756  0.365854  0.268293  0.207317  0.036585  0.048780  0.097561  0.097561  1.390244  0.841463  0.500000  1.073171  1.268293  0.158537  0.146341  0.963415  0.292683  2.658537  0.402439  15.475610  2.914634  0.000000  
4.666667  1.000000  1.000000  0.666667  0.000000  0.000000  0.000000  0.000000  1.333333  2.333333  0.000000  0.333333  0.000000  8.666667  1.666667  3.333333  0.333333  0.333333  2.666667  10.666667  42.333332  0.333333  1.000000  55.333332  9.333333  0.666667  8.666667  1.333333  1.000000  0.000000  2.666667  6.666667  2.000000  1.000000  20.333334  4.333333  15.000000  0.333333  0.000000  0.000000  0.666667  0.333333  5.666667  12.666667  10.000000  1.333333  3.000000  1.000000  0.666667  1.000000  1.000000  0.333333  0.000000  9.666667  7.333333  0.000000  
0.006443  0.002577  0.002577  0.002577  0.000000  0.000000  0.000000  0.000000  0.001289  0.002577  0.000000  0.000000  0.001289  0.002577  0.001289  0.001289  0.001289  0.000000  0.002577  0.016753  0.016753  0.000000  0.002577  0.005155  0.021907  0.000000  0.005155  0.000000  0.000000  0.006443  0.005155  0.001289  0.001289  0.000000  1.000000  0.020619  0.038660  0.000000  0.000000  0.000000  0.000000  0.000000  0.000000  0.180412  0.002577  0.010309  0.021907  0.005155  0.002577  0.010309  0.001289  0.003866  0.001289  0.025773  0.041237  0.000000  
0.019342  0.002887  0.001155  0.002021  0.000000  0.000000  0.000000  0.000289  0.001155  0.009238  0.000866  0.000000  0.000289  0.025982  0.001443  0.062644  0.000289  0.006351  0.000866  0.002309  0.058603  0.000289  0.005196  0.021074  0.000577  0.000577  0.001732  0.000289  0.000289  0.039261  0.004619  0.004908  0.001155  0.007794  0.033776  1.000000  0.851905  0.000289  0.000289  0.000289  0.001155  0.000289  0.002598  0.351905  0.004042  0.018764  0.015878  0.004042  0.004619  0.007217  0.002887  0.001155  0.000866  0.029446  0.028580  0.000000  
0.056338  0.014085  0.014085  0.028169  0.000000  0.000000  0.000000  0.000000  0.037559  0.037559  0.014085  0.004695  0.004695  0.103286  0.000000  0.004695  0.000000  0.004695  0.014085  0.018779  0.018779  0.000000  0.004695  0.037559  0.004695  0.004695  0.023474  0.009390  0.009390  0.004695  0.000000  0.004695  0.004695  0.004695  0.004695  0.079812  1.000000  0.000000  0.000000  0.000000  0.000000  0.004695  0.009390  0.394366  0.089202  0.126761  0.422535  0.042254  0.051643  0.061033  0.014085  0.014085  0.028169  0.971831  0.361502  0.000000  
3.480000  0.040000  0.000000  0.040000  0.000000  0.000000  0.000000  0.000000  0.040000  0.080000  0.040000  0.000000  0.000000  0.080000  0.000000  0.040000  0.000000  0.000000  0.040000  0.160000  0.080000  0.000000  0.040000  0.160000  0.040000  0.040000  0.080000  0.000000  0.000000  0.040000  0.000000  0.000000  0.040000  0.000000  0.040000  0.120000  0.040000  1.000000  0.000000  0.000000  0.000000  0.000000  19.120001  26.760000  0.000000  0.360000  0.520000  0.000000  0.040000  0.040000  0.000000  0.400000  0.000000  2.520000  0.600000  0.000000  
0.257384  0.000000  0.000000  0.002110  0.000000  0.000000  0.000000  0.000000  0.000000  0.002110  0.000000  0.000000  0.000000  0.172996  0.000000  0.000000  0.000000  0.000000  0.000000  0.004219  0.002110  0.000000  0.000000  0.002110  0.000000  0.000000  0.002110  0.002110  0.000000  0.000000  0.000000  0.000000  0.000000  0.000000  0.000000  0.002110  0.002110  0.000000  1.000000  0.000000  0.000000  0.000000  0.483122  0.044304  0.002110  0.018987  0.031646  0.000000  0.000000  0.000000  0.000000  0.027426  0.000000  0.227848  0.029536  0.000000  
0.374101  0.014388  0.000000  0.007194  0.000000  0.000000  0.000000  0.000000  0.007194  0.007194  0.000000  0.000000  0.000000  0.107914  0.000000  0.000000  0.000000  0.000000  0.007194  0.021583  0.007194  0.000000  0.000000  0.014388  0.007194  0.000000  0.007194  0.000000  0.000000  0.007194  0.000000  0.000000  0.007194  0.000000  0.007194  0.014388  0.007194  0.007194  0.000000  1.000000  0.158273  0.000000  1.654676  0.395683  0.000000  0.093525  0.151079  0.000000  0.000000  0.000000  0.000000  0.007194  0.000000  0.863309  0.151079  0.000000  
0.035928  0.001996  0.001996  0.005988  0.000000  0.000000  0.000000  0.000000  0.003992  0.005988  0.003992  0.001996  0.001996  0.009980  0.000000  0.001996  0.001996  0.001996  0.003992  0.019960  0.007984  0.000000  0.001996  0.019960  0.001996  0.001996  0.007984  0.001996  0.001996  0.003992  0.001996  0.001996  0.001996  0.001996  0.003992  0.011976  0.007984  0.000000  0.000000  0.000000  1.000000  0.001996  0.057884  0.083832  0.005988  0.023952  0.079840  0.000000  0.001996  0.001996  0.000000  0.001996  0.000000  2.309381  0.057884  0.000000  
0.000000  0.002469  0.000000  0.002469  0.000000  0.000000  0.000000  0.000000  0.002469  0.004938  0.002469  0.002469  0.002469  0.007407  0.000000  0.002469  0.000000  0.002469  0.002469  0.019753  0.004938  0.000000  0.002469  0.017284  0.002469  0.002469  0.007407  0.002469  0.002469  0.004938  0.000000  0.002469  0.002469  0.000000  0.002469  0.012346  0.007407  0.000000  0.000000  0.000000  0.000000  1.000000  0.051852  0.049383  0.004938  0.037037  0.106173  0.000000  0.002469  0.002469  0.000000  0.002469  0.002469  1.101235  0.004938  0.000000  
0.701241  0.006452  0.005955  0.011414  0.000000  0.000496  0.000496  0.000496  0.010422  0.017370  0.006948  0.003474  0.003970  0.059553  0.001985  0.004963  0.002978  0.004467  0.011414  0.049132  0.016873  0.000496  0.006452  0.045161  0.007940  0.005459  0.019355  0.005459  0.004963  0.010918  0.002978  0.004963  0.007940  0.002978  0.010422  0.034739  0.019355  0.012407  0.084367  0.011911  0.008933  0.002978  1.000000  1.034243  0.012407  0.064516  0.111166  0.000000  0.007940  0.006452  0.000496  0.035732  0.005955  0.473449  0.077419  0.000000  
0.238924  0.012188  0.005610  0.028052  0.000580  0.000193  0.000580  0.000000  0.011801  0.014510  0.005030  0.002902  0.006384  0.071581  0.006578  0.005610  0.005417  0.005610  0.012188  0.081447  0.047011  0.000580  0.004063  0.079126  0.028439  0.006191  0.043142  0.002515  0.005804  0.037338  0.007352  0.003482  0.007738  0.004063  0.015864  0.019926  0.017992  0.001935  0.004450  0.002128  0.006965  0.003289  0.093055  1.000000  0.133101  0.100019  0.138712  0.007738  0.005030  0.031728  0.003289  0.025924  0.044689  0.357709  0.131360  0.000000  
0.285926  0.060741  0.028148  0.096296  0.001481  0.002963  0.004444  0.001481  0.011852  0.053333  0.013333  0.007407  0.013333  0.037037  0.004444  0.002963  0.004444  0.010370  0.005926  0.034074  0.020741  0.000000  0.004444  0.022222  0.004444  0.004444  0.014815  0.002963  0.004444  0.007407  0.001481  0.002963  0.007407  0.001481  0.004444  0.034074  0.005926  0.002963  0.001481  0.002963  0.007407  0.002963  0.020741  0.121481  1.000000  0.094815  0.120000  0.066667  0.017778  0.023704  0.062222  0.071111  2.174815  0.225185  2.800000  0.000000  
0.399633  0.091659  0.054995  0.156737  0.006416  0.001833  0.024748  0.000917  0.195234  0.403300  0.096242  0.109991  0.141155  0.674610  0.205316  0.090742  0.068744  0.106324  0.186984  0.588451  0.324473  0.001833  0.051329  0.468378  0.090742  0.089826  0.253896  0.041247  0.059578  0.168653  0.044913  0.052246  0.070577  0.037580  0.230064  0.557287  0.168653  0.094409  0.094409  0.056829  0.074244  0.056829  0.684693  1.352887  0.659945  1.000000  4.255729  0.067828  0.066911  0.175985  0.030247  0.062328  0.026581  0.616865  0.890009  0.000000  
0.872340  0.127660  0.085106  0.297872  0.000000  0.000000  0.000000  0.000000  0.234043  0.212766  0.085106  0.021277  0.063830  0.212766  0.021277  0.085106  0.021277  0.042553  0.106383  0.510638  0.617021  0.000000  0.063830  0.404255  0.127660  0.085106  0.595745  0.063830  0.042553  0.425532  0.106383  0.127660  0.361702  0.148936  0.127660  0.191489  0.170213  0.106383  0.170213  0.106383  0.127660  0.170213  0.787234  10.808511  1.297872  1.042553  1.000000  0.148936  0.085106  1.574468  0.042553  1.936170  0.340426  6.489362  11.574468  0.000000  
47.500000  68.500000  40.500000  127.000000  7.000000  1.000000  6.500000  0.500000  43.500000  180.500000  20.000000  7.000000  14.000000  187.000000  81.500000  11.000000  38.000000  16.500000  27.500000  69.000000  39.000000  0.500000  4.000000  56.000000  7.500000  15.500000  25.500000  1.500000  6.500000  23.500000  2.500000  4.500000  5.000000  8.500000  6.000000  20.000000  11.500000  6.000000  7.500000  30.000000  5.000000  3.500000  49.000000  77.500000  57.000000  226.000000  62.000000  1.000000  12.500000  277.500000  85.000000  9.500000  0.500000  29.000000  140.000000  0.000000  
0.045455  0.071429  0.047619  0.240260  0.019481  0.004329  0.025974  0.010823  0.073593  0.251082  0.023810  0.030303  0.049784  0.292208  0.277056  0.021645  0.036797  0.038961  0.034632  0.071429  0.054113  0.000000  0.041126  0.069264  0.006494  0.012987  0.036797  0.002165  0.010823  0.021645  0.000000  0.021645  0.019481  0.012987  0.006494  0.034632  0.017316  0.093074  0.062771  0.015152  0.006494  0.012987  0.123377  0.099567  0.153680  0.573593  0.056277  0.019481  1.000000  1.350649  0.019481  0.023810  0.000000  0.012987  0.051948  0.000000  
0.141946  0.030303  0.017544  0.161085  0.011164  0.003190  0.023923  0.001595  0.688995  0.259968  0.022329  0.025518  0.030303  0.363636  0.244019  0.038278  0.105263  0.030303  0.066986  0.159490  0.108453  0.001595  0.012759  0.202552  0.030303  0.038278  0.133971  0.030303  0.055821  0.082935  0.015949  0.063796  0.065391  0.020734  0.033493  0.073365  0.049442  0.039872  0.076555  0.060606  0.052632  0.017544  0.234450  0.484848  0.537480  1.671451  0.287081  0.014354  0.092504  1.000000  0.027113  0.036683  0.001595  0.084530  0.468900  0.000000  
74.000000  32.000000  18.000000  59.000000  2.000000  3.000000  6.000000  1.000000  27.000000  68.000000  12.000000  15.000000  23.000000  84.000000  27.000000  11.000000  12.000000  16.000000  23.000000  105.000000  25.000000  0.000000  11.000000  87.000000  15.000000  14.000000  36.000000  6.000000  6.000000  17.000000  4.000000  9.000000  13.000000  4.000000  19.000000  74.000000  30.000000  12.000000  11.000000  7.000000  16.000000  19.000000  81.000000  191.000000  124.000000  748.000000  275.000000  13.000000  54.000000  106.000000  0.000000  209.000000  5.000000  538.000000  365.000000  0.000000  
0.865946  0.050811  0.018378  0.061622  0.003243  0.004324  0.006486  0.002162  0.030270  0.075676  0.015135  0.008649  0.020541  0.071351  0.017297  0.007568  0.009730  0.009730  0.019459  0.109189  0.064865  0.000000  0.006486  0.052973  0.008649  0.007568  0.030270  0.004324  0.004324  0.017297  0.003243  0.010811  0.018378  0.004324  0.014054  0.063784  0.022703  0.005405  0.004324  0.005405  0.030270  0.011892  0.179459  0.272432  0.076757  0.320000  0.233514  0.071351  0.033514  0.078919  0.034595  1.000000  0.891892  0.371892  0.966487  0.000000  
0.000000  0.000000  0.000000  0.000000  0.000000  0.000000  0.000000  0.000000  0.000000  0.000000  0.000000  0.000000  0.000000  0.000000  0.000000  0.000000  0.000000  0.000000  0.000000  0.000000  0.000000  0.000000  0.000000  0.000000  0.000000  0.000000  0.000000  0.000000  0.000000  0.000000  0.000000  0.000000  0.000000  0.000000  0.000000  0.000000  0.000000  0.000000  0.000000  0.000000  0.000000  0.000000  0.000000  0.000000  0.000000  0.000000  0.000000  0.000000  0.000000  0.000000  0.000000  0.000000  0.000000  21.000000  0.000000  0.000000  
0.022285  0.014794  0.007678  0.024532  0.000749  0.000375  0.002060  0.000000  0.008801  0.020225  0.006180  0.006367  0.007491  0.049251  0.011985  0.004682  0.002060  0.005243  0.013858  0.063296  0.036704  0.000375  0.005431  0.041199  0.005805  0.004869  0.017228  0.002434  0.003933  0.009176  0.002060  0.008052  0.014794  0.001685  0.006742  0.020225  0.013109  0.005805  0.004120  0.004869  0.006367  0.002622  0.027528  0.125281  0.016667  0.161798  0.147004  0.008614  0.007678  0.018914  0.002996  0.167228  0.085206  1.000000  0.849251  0.000000  
0.156250  0.021875  0.011458  0.025000  0.003125  0.003125  0.011458  0.001042  0.015625  0.029167  0.005208  0.007292  0.005208  0.051042  0.016667  0.010417  0.005208  0.006250  0.008333  0.047917  0.035417  0.000000  0.010417  0.038542  0.004167  0.007292  0.032292  0.003125  0.004167  0.008333  0.004167  0.007292  0.011458  0.005208  0.005208  0.017708  0.016667  0.011458  0.011458  0.009375  0.018750  0.009375  0.088542  0.135417  0.094792  0.077083  0.103125  0.028125  0.092708  0.059375  0.031250  0.029167  0.338542  0.271875  1.000000  0.000000  
0.000000  0.000000  0.000000  0.000000  0.000000  0.000000  0.000000  0.000000  0.000000  0.000000  0.000000  0.000000  0.000000  0.000000  0.000000  0.000000  0.000000  0.000000  0.000000  0.000000  0.000000  0.000000  0.000000  0.000000  0.000000  0.000000  0.000000  0.000000  0.000000  0.000000  0.000000  0.000000  0.000000  0.000000  0.000000  0.000000  0.000000  0.000000  0.000000  0.000000  0.000000  0.000000  0.000000  0.000000  0.000000  0.000000  0.000000  0.000000  0.000000  0.000000  0.000000  0.000000  0.000000  0.000000  0.000000  0.000000  
0.002705  0.000909  0.002313  0.001595  0.022308  0.012879  0.002647  0.022308  0.001250  0.000602  0.003572  0.002283  0.001178  0.000549  0.001042  0.003484  0.004375  0.001729  0.002413  0.000545  0.000890  0.008432  0.003975  0.000603  0.002657  0.003289  0.002167  0.005052  0.004039  0.002271  0.005258  0.004651  0.003484  0.018214  0.001133  0.000536  0.002162  0.006310  0.001449  0.002676  0.001409  0.001568  0.000703  0.000439  0.001214  0.000955  0.004602  0.022308  0.001468  0.001260  0.031548  0.001037  0.031548  0.000432  0.001018  0.031548  