1.000000  0.077253  0.038627  0.133047  0.000000  0.000000  0.000000  0.000000  0.055794  0.145923  0.038627  0.021459  0.038627  1.291845  0.012876  0.042918  4.549356  0.961373  0.060086  0.351931  0.171674  0.012876  0.025751  0.321888  0.047210  0.038627  0.115880  0.025751  0.025751  1.690987  0.038627  0.081545  0.072961  0.034335  0.536481  0.201717  0.111588  6.472103  0.283262  3.721030  1.858369  0.248927  43.081547  38.253220  0.583691  0.712446  0.356223  0.042918  0.000000  0.000000  0.000000  2.909871  0.128755  2.321888  1.678112  0.000000  
0.143054  1.000000  0.002209  0.050539  0.003590  0.011047  0.011047  0.002486  0.140293  0.161005  0.035073  0.020713  0.093068  0.267882  0.035902  0.022922  0.017399  0.024855  0.014637  0.108534  0.061585  0.001657  0.009390  0.084231  0.010494  0.026788  0.052196  0.013532  0.025684  0.019056  0.004419  0.015465  0.020713  0.025960  0.009942  0.082022  0.014637  0.007733  0.005800  0.002209  0.022646  0.006076  0.058547  0.194698  0.065728  0.034245  0.056062  0.051643  0.010771  0.057719  0.006628  0.013256  0.043358  0.104391  0.206573  0.000000  
0.060177  0.776991  1.000000  0.184071  0.001770  0.017699  0.001770  0.001770  0.060177  0.692035  0.074336  0.072566  0.097345  0.359292  0.061947  0.017699  0.001770  0.014159  0.031858  0.148673  0.152212  0.003540  0.024779  0.127434  0.014159  0.076106  0.088496  0.049558  0.097345  0.007080  0.001770  0.014159  0.021239  0.017699  0.021239  0.054867  0.007080  0.001770  0.008850  0.003540  0.042478  0.003540  0.106195  0.332743  0.145133  0.086726  0.111504  0.058407  0.021239  0.065487  0.007080  0.037168  1.479646  0.231858  0.569911  0.000000  
0.833333  11.925926  4.555555  1.000000  0.061728  0.123457  0.000000  0.000000  1.160494  7.753087  0.407407  0.043210  0.395062  4.679012  0.370370  0.080247  0.049383  0.537037  0.030864  0.172840  0.222222  0.012346  0.006173  0.098765  0.012346  0.018519  0.080247  0.055556  0.030864  0.049383  0.006173  0.086420  0.012346  0.012346  0.049383  0.308642  0.006173  0.012346  0.049383  0.203704  0.166667  0.006173  0.197531  0.339506  0.024691  0.049383  0.080247  1.635803  0.203704  0.049383  0.030864  0.037037  0.006173  0.129630  1.283951  0.000000  
0.000000  0.000000  0.000000  4.000000  0.000000  0.000000  0.000000  0.000000  0.000000  154.000000  10.000000  6.000000  8.000000  11.000000  0.000000  0.000000  0.000000  0.000000  0.000000  0.000000  0.000000  0.000000  0.000000  0.000000  0.000000  2.000000  1.000000  0.000000  0.000000  0.000000  0.000000  0.000000  0.000000  0.000000  0.000000  0.000000  0.000000  0.000000  0.000000  0.000000  0.000000  0.000000  0.000000  0.000000  0.000000  0.000000  0.000000  0.000000  1.000000  2.000000  0.000000  0.000000  0.000000  0.000000  0.000000  0.000000  
3.725000  0.062500  0.000000  0.037500  0.000000  1.000000  0.012500  0.012500  0.050000  0.062500  0.000000  0.000000  0.000000  3.750000  0.175000  0.000000  0.000000  0.000000  0.000000  0.000000  0.000000  0.000000  0.000000  0.000000  0.000000  0.000000  0.000000  0.000000  0.000000  0.000000  0.000000  0.000000  0.000000  0.000000  0.000000  0.000000  0.000000  0.000000  0.025000  0.000000  0.050000  0.000000  0.312500  0.087500  0.075000  0.075000  0.025000  0.037500  0.000000  0.087500  0.012500  0.287500  0.000000  0.275000  0.450000  0.000000  
0.062500  0.093750  1.325000  0.012500  0.000000  0.006250  1.000000  0.000000  0.081250  0.050000  0.006250  0.000000  0.006250  0.168750  2.231250  0.006250  0.006250  0.018750  0.006250  0.025000  0.075000  0.000000  0.006250  0.012500  0.000000  0.006250  0.012500  0.006250  0.012500  0.012500  0.000000  0.006250  0.006250  0.006250  0.006250  0.018750  0.006250  0.000000  0.000000  0.006250  0.012500  0.000000  0.031250  0.075000  0.168750  0.068750  0.100000  0.037500  0.062500  0.150000  0.018750  0.006250  0.006250  0.093750  0.150000  0.000000  
1.500000  1.500000  0.000000  14.000000  0.000000  0.000000  0.000000  1.000000  1.000000  1.500000  0.000000  0.000000  0.000000  21.500000  0.000000  0.000000  0.000000  0.000000  0.000000  0.000000  0.000000  0.000000  0.000000  0.000000  0.000000  0.000000  0.000000  0.000000  0.000000  0.000000  0.000000  0.000000  0.000000  0.000000  0.000000  0.000000  0.000000  0.000000  0.000000  0.000000  0.000000  0.000000  0.000000  0.000000  0.000000  0.000000  0.000000  0.000000  0.000000  0.000000  0.000000  0.000000  0.000000  0.000000  1.000000  0.000000  
0.081061  0.046212  0.028788  0.083333  0.002273  0.006061  0.001515  0.001515  1.000000  0.318182  0.034091  0.014394  0.006061  0.203030  0.006061  0.008333  0.000758  0.035606  0.002273  0.009091  0.008333  0.000000  0.005303  0.039394  0.000758  0.002273  0.028788  0.063636  0.071970  0.004545  0.003030  0.013636  0.001515  0.002273  0.000758  0.003030  0.002273  0.000000  0.000000  0.000000  0.000758  0.000000  0.011364  0.338636  5.543940  0.050758  0.000758  0.054545  0.000758  0.038636  0.007576  0.000000  0.015152  0.023485  0.078030  0.000000  
0.027034  0.020148  0.002295  0.048202  0.001020  0.005866  0.003315  0.000765  0.014027  1.000000  0.112216  0.398368  0.013007  0.061719  0.006376  0.000000  0.000000  0.000000  0.333333  0.445295  0.374649  0.001020  0.090283  0.124713  0.014027  0.276460  0.348636  0.000765  0.000510  0.001275  0.002040  0.000000  0.000000  0.000510  0.000000  0.000000  0.001020  0.000000  0.001275  0.000000  0.000000  0.000000  0.005866  0.146391  0.387911  0.001275  0.000000  0.054833  0.003315  0.004591  0.004081  0.000000  0.001020  0.000000  0.006631  0.000000  
0.026667  0.080000  0.093333  0.600000  0.013333  0.080000  0.013333  0.000000  0.146667  0.693333  1.000000  0.040000  0.026667  0.666667  0.133333  0.093333  0.000000  0.000000  2.413333  18.280001  8.213333  0.026667  0.266667  3.413333  0.253333  0.226667  1.533333  0.026667  0.000000  0.053333  0.013333  0.000000  0.000000  0.000000  0.000000  0.000000  0.000000  0.000000  0.000000  0.000000  0.000000  0.000000  0.080000  2.026667  10.626667  0.053333  0.000000  0.920000  0.000000  0.053333  0.066667  0.000000  0.000000  0.000000  0.053333  0.000000  
0.118959  0.111524  0.074349  0.249071  0.003717  0.037175  0.014870  0.003717  0.070632  0.423792  0.059480  1.000000  0.085502  0.215613  0.063197  0.059480  0.003717  0.107807  0.405204  1.252788  1.453532  0.003717  0.524164  1.122677  0.081784  0.877323  2.055762  0.018587  0.055762  0.267658  0.048327  0.044610  0.000000  0.000000  0.066914  0.000000  0.096654  0.000000  0.000000  0.000000  0.000000  0.000000  0.096654  0.579926  0.739777  0.007435  0.000000  0.286245  0.011152  0.018587  0.018587  0.018587  0.000000  0.000000  0.018587  0.000000  
0.000000  0.107514  0.024277  0.061272  0.001156  0.000000  0.000000  0.000000  0.016185  0.076301  0.064740  0.062428  1.000000  0.417341  0.006936  0.000000  0.000000  0.001156  0.036994  0.590751  0.493642  0.009249  0.078613  2.050867  0.123699  0.142197  0.786127  0.008092  0.010405  0.002312  0.038150  0.000000  0.009249  0.002312  0.000000  0.000000  0.000000  0.000000  0.000000  0.000000  0.000000  0.000000  0.011561  0.153757  0.546821  0.016185  0.000000  0.131792  0.004624  0.008092  0.004624  0.000000  0.002312  0.024277  0.026590  0.000000  
0.172878  0.012025  0.002738  0.018812  0.001310  0.009763  0.004524  0.000595  0.007620  0.012859  0.012144  0.002381  0.008930  1.000000  0.053102  0.084534  0.011668  0.019526  0.004882  0.067508  0.095726  0.000952  0.009882  0.088701  0.004405  0.006667  0.054649  0.005477  0.014287  0.013335  0.015121  0.014764  0.015954  0.179902  0.023455  0.245267  0.005239  0.000357  0.000952  0.000714  0.001072  0.008334  0.012382  0.059531  0.164305  0.006310  0.006667  0.003691  0.001905  0.001786  0.001905  0.013811  0.000952  0.113228  0.255268  0.000000  
0.359393  0.269545  0.172112  0.045508  0.001167  0.009335  0.043174  0.001167  0.200700  0.116686  0.010502  0.006418  0.021004  0.415986  1.000000  0.015169  0.014586  0.050758  0.009918  0.063594  0.189032  0.002334  0.002917  0.034422  0.004667  0.008751  0.025088  0.009335  0.037923  0.023921  0.001167  0.014586  0.009335  0.009918  0.007585  0.047258  0.009335  0.002334  0.008751  0.017503  0.029172  0.005834  0.087515  0.219370  0.464994  0.211785  0.309218  0.110852  0.179113  0.448075  0.044924  0.022754  0.007001  0.271879  0.401984  0.000000  
0.319820  0.117117  0.076577  0.036036  0.000000  0.000000  0.000000  0.000000  0.076577  0.103604  0.063063  0.013514  0.004505  0.297297  0.058559  1.000000  0.004505  0.013514  0.351351  2.909910  4.756757  0.018018  0.076577  0.626126  0.013514  0.013514  0.261261  0.022523  0.027027  0.103604  0.013514  0.018018  0.027027  0.103604  0.743243  0.049550  0.360360  0.000000  0.000000  0.000000  0.040541  0.000000  0.369369  2.639640  0.639640  0.171171  0.306306  0.049550  0.040541  0.400901  0.027027  0.063063  0.067568  1.045045  0.572072  0.000000  
1.097561  0.390244  0.243902  2.682927  0.048780  0.146341  0.097561  0.073171  0.975610  0.097561  0.000000  0.073171  0.000000  0.878049  0.000000  0.000000  1.000000  2.804878  0.341463  1.658537  1.414634  0.048780  0.317073  0.170732  0.024390  0.243902  0.414634  0.000000  0.097561  10.878049  0.609756  0.121951  0.073171  0.000000  0.048780  0.000000  0.000000  0.000000  0.024390  0.000000  0.000000  0.000000  0.073171  7.463415  27.243902  0.219512  0.073171  1.073171  0.121951  0.439024  0.121951  0.000000  0.073171  0.390244  1.390244  0.000000  
0.046036  0.033248  0.028133  0.051151  0.000000  0.000000  0.000000  0.000000  0.048593  0.023018  0.005115  0.002558  0.002558  0.347826  0.000000  0.023018  0.007673  1.000000  0.012788  0.076726  0.081841  0.000000  0.010230  0.143223  0.012788  0.010230  0.043478  0.023018  0.010230  0.061381  0.010230  3.112532  2.365729  0.015345  0.007673  0.040921  0.069054  0.012788  0.017903  0.010230  0.025575  0.053708  0.225064  1.186701  0.112532  0.115090  0.217391  0.071611  0.007673  0.043478  0.030691  0.092072  0.000000  0.424552  0.130435  0.000000  
0.070312  0.210938  0.136719  0.156250  0.000000  0.000000  0.000000  0.000000  0.031250  0.531250  0.089844  0.023438  0.054688  0.070312  0.003906  0.000000  0.000000  0.000000  1.000000  6.117188  0.117188  0.000000  0.093750  0.269531  0.074219  0.023438  0.062500  0.000000  0.000000  0.000000  0.000000  0.000000  0.000000  0.015625  0.000000  0.000000  0.000000  0.000000  0.000000  0.000000  0.000000  0.000000  0.000000  0.589844  1.523438  0.031250  0.097656  0.414062  0.113281  0.273438  0.113281  0.050781  0.000000  0.101562  0.980469  0.000000  
0.074176  0.023951  0.036290  0.040935  0.000290  0.000581  0.000581  0.000435  0.017274  0.035854  0.011177  0.003629  0.007258  0.041951  0.008710  0.002903  0.001016  0.002758  0.044999  1.000000  0.127014  0.000871  0.032806  0.112063  0.018726  0.013790  0.028016  0.000726  0.001016  0.007113  0.000726  0.001306  0.001452  0.004355  0.002323  0.019306  0.003048  0.000581  0.000726  0.000871  0.001742  0.000581  0.009726  0.107853  0.087821  0.023080  0.020322  0.017564  0.002903  0.012629  0.003629  0.029177  0.004355  0.073596  0.056612  0.000000  
0.036582  0.002506  0.000501  0.000501  0.000000  0.000000  0.000000  0.000000  0.004260  0.008519  0.003007  0.000000  0.003758  0.004260  0.000501  0.001002  0.001503  0.001002  0.000752  0.005262  1.000000  0.000000  0.000000  0.002756  0.000752  0.001253  0.002756  0.000251  0.000251  0.003007  0.000251  0.000501  0.001754  0.000251  0.000752  0.002005  0.001253  0.001002  0.001002  0.000000  0.002506  0.001002  0.005512  0.095214  0.032824  0.066399  0.077925  0.003257  0.000251  0.147833  0.004260  0.001754  0.000000  0.033826  0.224255  0.000000  
0.000000  0.000000  0.000000  0.000000  0.000000  0.000000  0.000000  0.000000  0.000000  0.000000  0.000000  0.000000  0.000000  0.000000  0.000000  0.000000  0.000000  0.000000  0.000000  0.217391  0.000000  1.000000  0.000000  0.000000  0.000000  0.000000  0.000000  0.000000  0.000000  0.000000  0.000000  0.000000  0.000000  0.000000  0.000000  0.000000  0.000000  0.000000  0.000000  0.000000  0.000000  0.000000  0.000000  0.217391  0.000000  0.000000  0.000000  0.000000  0.000000  1.043478  0.000000  0.000000  0.000000  0.000000  20.652174  0.000000  
0.609375  0.000000  0.000000  0.000000  0.000000  0.000000  0.000000  0.000000  0.000000  0.640625  0.140625  0.031250  0.281250  0.000000  0.000000  0.093750  0.000000  0.000000  0.250000  0.781250  0.000000  0.000000  1.000000  0.078125  0.000000  0.000000  0.000000  0.000000  0.000000  0.000000  0.000000  0.000000  0.000000  0.078125  0.000000  0.000000  0.000000  0.000000  0.000000  0.000000  0.000000  0.000000  0.000000  0.234375  0.062500  0.000000  0.000000  0.171875  2.750000  0.000000  0.000000  0.000000  0.000000  0.000000  6.562500  0.000000  
0.004234  0.037048  0.009980  0.034629  0.000454  0.003024  0.001210  0.000000  0.007410  0.014214  0.001210  0.002117  0.010888  0.025556  0.001815  0.002722  0.000605  0.001663  0.020717  0.299864  0.179041  0.008468  0.025707  1.000000  0.030243  0.006049  0.032209  0.003629  0.004234  0.010736  0.002419  0.002117  0.001059  0.006351  0.001059  0.006956  0.010434  0.000302  0.000605  0.000605  0.001210  0.000454  0.010132  0.071072  0.133374  0.012400  0.014819  0.023590  0.002268  0.017844  0.027068  0.016936  0.012097  0.086648  0.186300  0.000000  
0.188679  0.679245  0.509434  0.150943  0.000000  0.000000  0.000000  0.000000  0.018868  0.037736  0.018868  0.018868  0.018868  0.339623  0.188679  0.000000  0.000000  0.000000  0.056604  0.245283  4.886793  0.075472  0.037736  0.113208  1.000000  0.018868  0.037736  0.000000  0.000000  0.000000  0.000000  0.000000  0.000000  0.018868  0.000000  0.000000  0.000000  0.000000  0.000000  0.000000  0.000000  0.000000  0.000000  0.150943  0.018868  0.000000  0.018868  0.245283  0.018868  0.037736  0.226415  0.226415  0.056604  0.264151  7.018868  0.000000  
0.495935  0.528455  0.325203  2.292683  0.016260  0.048780  0.186992  0.008130  0.308943  0.666667  0.146341  0.081301  0.024390  0.837398  0.121951  0.048780  0.016260  0.016260  0.731707  4.325203  8.707317  0.113821  0.252033  3.642277  0.203252  1.000000  1.813008  0.032520  0.016260  0.447154  0.089431  0.065041  0.056911  0.032520  0.081301  0.032520  0.146341  0.000000  0.016260  0.008130  0.024390  0.008130  0.219512  1.357724  1.276423  0.056911  0.040650  0.796748  0.073171  0.357724  0.065041  0.154472  0.284553  0.300813  1.048780  0.000000  
0.120513  0.088462  0.069231  0.093590  0.001282  0.014103  0.011538  0.001282  0.060256  0.323077  0.115385  0.102564  0.056410  0.634615  0.053846  0.038462  0.012821  0.023077  0.266667  0.626923  1.279487  0.016667  0.052564  0.820513  0.084615  0.169231  1.000000  0.028205  0.093590  0.806410  0.044872  0.082051  0.110256  0.065385  0.094872  0.041026  0.189744  0.006410  0.023077  0.014103  0.050000  0.016667  0.538462  0.376923  0.693590  0.042308  0.075641  0.119231  0.017949  0.155128  0.016667  0.065385  0.102564  0.512821  0.398718  0.000000  
0.333333  0.333333  0.305556  0.083333  0.000000  0.000000  0.000000  0.000000  0.666667  0.583333  0.000000  0.000000  0.055556  0.666667  0.027778  0.000000  0.000000  0.000000  0.000000  0.611111  0.666667  0.000000  0.138889  2.888889  0.027778  0.083333  0.027778  1.000000  1.916667  0.777778  0.000000  0.027778  0.027778  0.194444  0.138889  0.000000  0.000000  0.027778  0.000000  0.000000  0.083333  0.000000  0.861111  0.888889  11.305555  0.083333  0.138889  0.333333  0.055556  0.055556  0.166667  0.333333  0.000000  1.861111  0.361111  0.000000  
0.086957  0.024155  0.019324  0.004831  0.000000  0.000000  0.000000  0.000000  0.101449  0.067633  0.009662  0.000000  0.000000  0.874396  0.004831  0.000000  0.000000  0.028986  0.028986  0.101449  0.995169  0.004831  0.062802  1.173913  0.111111  0.004831  0.280193  0.043478  1.000000  1.681159  0.053140  0.000000  0.000000  0.091787  0.000000  0.000000  0.057971  0.000000  0.009662  0.000000  0.241546  0.014493  1.077295  0.458937  1.541063  0.028986  0.014493  0.062802  0.024155  0.033816  0.019324  0.111111  0.004831  0.724638  0.260870  0.000000  
0.146341  0.066519  0.059867  0.033259  0.000000  0.042129  0.000000  0.004435  0.093126  0.015521  0.024390  0.004435  0.004435  0.177384  0.006652  0.035477  0.015521  0.028825  0.008869  0.070953  0.110865  0.006652  0.015521  1.507761  0.088692  0.008869  0.210643  0.055432  0.088692  1.000000  0.015521  0.039911  0.026608  0.028825  0.037694  0.070953  0.088692  0.011086  0.024390  0.008869  0.026608  0.022173  0.215078  1.600887  1.197339  0.101996  0.232816  0.121951  0.019956  0.048780  0.017738  0.177384  0.044346  0.536585  0.514412  0.000000  
0.000000  0.000000  0.000000  0.000000  0.000000  0.000000  0.000000  0.000000  0.000000  0.000000  0.000000  0.000000  0.000000  0.000000  0.000000  0.000000  0.000000  0.000000  0.000000  0.066667  0.000000  0.000000  0.000000  0.300000  0.266667  0.000000  0.000000  0.033333  0.111111  0.000000  1.000000  0.000000  0.000000  0.000000  0.000000  0.033333  0.000000  0.000000  0.000000  0.000000  0.000000  0.000000  0.000000  0.644444  0.000000  0.066667  0.288889  0.022222  0.000000  0.000000  0.000000  0.000000  0.000000  0.677778  0.133333  0.000000  
0.157407  0.250000  0.166667  0.064815  0.000000  0.111111  0.009259  0.000000  3.037037  0.648148  0.055556  0.037037  0.055556  3.611111  0.046296  0.787037  0.009259  0.472222  0.064815  0.305556  0.416667  0.000000  0.009259  1.740741  0.231481  0.064815  0.611111  0.120370  0.546296  0.120370  0.537037  1.000000  0.925926  0.259259  0.305556  2.138889  1.166667  0.305556  0.055556  0.157407  0.083333  0.342593  3.537037  1.925926  0.805556  1.574074  4.740741  0.296296  0.194444  0.324074  0.231481  0.685185  0.370370  2.740741  2.166667  0.000000  
0.203704  0.870370  0.555556  0.203704  0.000000  0.046296  0.009259  0.000000  0.194444  0.351852  0.148148  0.074074  0.027778  0.712963  0.027778  0.148148  0.037037  0.500000  0.157407  1.055556  0.231481  0.000000  0.037037  0.768519  0.148148  0.092593  0.296296  0.111111  0.074074  0.212963  0.037037  0.592593  1.000000  0.185185  0.074074  0.444444  0.314815  0.185185  0.037037  0.037037  0.083333  0.055556  1.629630  0.907407  0.990741  0.620370  1.648148  0.407407  0.148148  1.277778  0.648148  3.361111  0.740741  13.379630  6.064815  0.000000  
0.609756  0.109756  0.121951  0.109756  0.000000  0.000000  0.000000  0.000000  0.585366  0.670732  0.000000  0.060976  0.000000  1.524390  0.304878  1.195122  0.060976  0.085366  0.670732  2.219512  4.012195  0.073171  0.195122  5.670732  1.548780  0.231707  2.829268  0.378049  0.402439  0.000000  0.560976  1.987805  0.487805  1.000000  1.975610  1.207317  4.304878  0.073171  0.000000  0.000000  0.109756  0.024390  0.926829  3.329268  1.670732  0.231707  0.975610  0.134146  0.195122  0.304878  0.158537  0.109756  0.036585  2.390244  1.097561  0.000000  
0.006951  0.003972  0.005958  0.004965  0.000000  0.000000  0.000000  0.000000  0.003972  0.004965  0.000000  0.000000  0.000993  0.003972  0.002979  0.001986  0.001986  0.000000  0.003972  0.024826  0.029791  0.000000  0.002979  0.011917  0.028798  0.000993  0.010924  0.000000  0.000000  0.011917  0.006951  0.001986  0.001986  0.002979  1.000000  0.038729  0.069513  0.000000  0.000000  0.000000  0.000000  0.000000  0.000000  0.277061  0.003972  0.007944  0.018868  0.007944  0.003972  0.013903  0.003972  0.005958  0.009930  0.038729  0.062562  0.000000  
0.021242  0.005109  0.003227  0.001882  0.000000  0.000000  0.000000  0.000269  0.001882  0.007798  0.000807  0.000000  0.000269  0.041678  0.002151  0.071525  0.000269  0.005647  0.000807  0.002958  0.102178  0.000538  0.004302  0.025545  0.000538  0.000538  0.001882  0.000269  0.000269  0.041678  0.003227  0.005109  0.000807  0.015596  0.023931  1.000000  0.891638  0.000269  0.000000  0.000269  0.000807  0.000000  0.002958  0.345792  0.006184  0.012100  0.017747  0.002958  0.004302  0.008336  0.006184  0.002151  0.004033  0.042216  0.067222  0.000000  
0.048055  0.011442  0.016018  0.020595  0.000000  0.000000  0.000000  0.000000  0.034325  0.027460  0.011442  0.009153  0.002288  0.096110  0.002288  0.011442  0.000000  0.009153  0.009153  0.052632  0.022883  0.000000  0.004577  0.038902  0.011442  0.009153  0.025172  0.013730  0.016018  0.009153  0.000000  0.011442  0.006865  0.029748  0.004577  0.080092  1.000000  0.000000  0.000000  0.000000  0.000000  0.004577  0.011442  0.807780  0.135011  0.077803  0.469108  0.070938  0.105263  0.151030  0.027460  0.016018  0.045767  0.947368  0.668192  0.000000  
1.333333  0.095238  0.000000  0.047619  0.000000  0.000000  0.000000  0.000000  0.047619  0.095238  0.047619  0.047619  0.047619  0.095238  0.000000  0.000000  0.000000  0.000000  0.047619  0.238095  0.095238  0.000000  0.000000  0.190476  0.000000  0.047619  0.095238  0.000000  0.000000  0.047619  0.000000  0.047619  0.047619  0.000000  0.000000  0.095238  0.047619  1.000000  0.000000  0.000000  0.000000  0.000000  34.476189  41.000000  0.000000  0.190476  0.571429  0.000000  0.000000  0.000000  0.000000  1.047619  0.000000  4.809524  1.476190  0.000000  
0.177083  0.002083  0.000000  0.000000  0.000000  0.000000  0.000000  0.000000  0.000000  0.002083  0.000000  0.000000  0.000000  0.637500  0.000000  0.000000  0.000000  0.000000  0.002083  0.006250  0.004167  0.000000  0.000000  0.006250  0.002083  0.000000  0.002083  0.000000  0.000000  0.002083  0.000000  0.000000  0.002083  0.002083  0.002083  0.004167  0.002083  0.000000  1.000000  0.000000  0.000000  0.000000  0.500000  0.031250  0.000000  0.004167  0.018750  0.000000  0.000000  0.000000  0.000000  0.064583  0.000000  0.300000  0.108333  0.000000  
0.605150  0.017167  0.000000  0.000000  0.000000  0.000000  0.000000  0.000000  0.004292  0.008584  0.000000  0.000000  0.000000  0.072961  0.000000  0.000000  0.000000  0.000000  0.004292  0.017167  0.008584  0.000000  0.000000  0.012876  0.000000  0.000000  0.004292  0.000000  0.004292  0.004292  0.000000  0.000000  0.004292  0.000000  0.000000  0.008584  0.004292  0.000000  0.000000  1.000000  0.145923  0.000000  1.253219  0.180258  0.000000  0.008584  0.008584  0.000000  0.000000  0.000000  0.000000  0.004292  0.000000  0.622318  0.171674  0.000000  
0.044057  0.004156  0.002494  0.002494  0.000000  0.000000  0.000000  0.000000  0.003325  0.007481  0.001663  0.000831  0.001663  0.009144  0.000831  0.002494  0.000831  0.001663  0.003325  0.018288  0.009144  0.000831  0.001663  0.017456  0.002494  0.002494  0.005819  0.001663  0.001663  0.002494  0.000831  0.001663  0.002494  0.001663  0.002494  0.008313  0.005819  0.000000  0.000831  0.000000  1.000000  0.000831  0.049044  0.056525  0.006650  0.011638  0.030756  0.000000  0.000000  0.000000  0.000000  0.007481  0.001663  1.720698  0.059019  0.000000  
0.000000  0.004000  0.002667  0.001333  0.000000  0.000000  0.000000  0.000000  0.002667  0.006667  0.001333  0.001333  0.001333  0.009333  0.001333  0.002667  0.001333  0.001333  0.002667  0.017333  0.008000  0.000000  0.001333  0.016000  0.002667  0.002667  0.005333  0.001333  0.001333  0.002667  0.001333  0.002667  0.002667  0.001333  0.002667  0.008000  0.005333  0.000000  0.000000  0.000000  0.001333  1.000000  0.052000  0.038667  0.006667  0.016000  0.052000  0.000000  0.000000  0.000000  0.000000  0.006667  0.002667  1.898667  0.006667  0.000000  
0.658978  0.008191  0.004096  0.004527  0.000000  0.000647  0.000216  0.000000  0.005820  0.015089  0.003880  0.002156  0.003880  0.068549  0.001293  0.004311  0.001509  0.002371  0.006251  0.036215  0.017676  0.001078  0.002587  0.033197  0.004742  0.004096  0.011640  0.002802  0.002587  0.005820  0.001509  0.003880  0.005820  0.003449  0.004958  0.016814  0.011209  0.005174  0.043113  0.006467  0.010994  0.001293  1.000000  0.679457  0.010994  0.019832  0.071998  0.000000  0.000000  0.000000  0.000216  0.045915  0.003449  0.368183  0.099806  0.000000  
0.240424  0.019337  0.009607  0.014164  0.000246  0.000493  0.000370  0.000000  0.019830  0.011331  0.003818  0.002463  0.003079  0.126001  0.007144  0.007267  0.001848  0.004927  0.009607  0.098288  0.037566  0.001724  0.002710  0.102722  0.024387  0.005050  0.044094  0.002340  0.006651  0.039044  0.005543  0.003202  0.005789  0.006405  0.011578  0.020076  0.017244  0.001232  0.002587  0.001232  0.005296  0.000985  0.086094  1.000000  0.272447  0.056041  0.122059  0.013179  0.004311  0.038059  0.007021  0.034487  0.114546  0.334524  0.177731  0.000000  
0.300101  0.060423  0.030211  0.074522  0.001007  0.003021  0.005035  0.000000  0.012085  0.038268  0.014099  0.005035  0.012085  0.037261  0.008056  0.005035  0.004028  0.006042  0.007049  0.032226  0.036254  0.000000  0.002014  0.028197  0.004028  0.004028  0.017120  0.004028  0.005035  0.007049  0.001007  0.004028  0.008056  0.005035  0.004028  0.021148  0.005035  0.002014  0.001007  0.002014  0.006042  0.003021  0.022155  0.085599  1.000000  0.058409  0.084592  0.040282  0.019134  0.038268  0.059416  0.060423  2.327291  0.179255  3.379658  0.000000  
0.714417  0.217631  0.132231  0.147842  0.003673  0.007346  0.022039  0.000918  0.558310  0.581267  0.157943  0.185491  0.100092  1.943067  0.605142  0.239669  0.089073  0.159780  0.276400  1.296602  0.697888  0.014692  0.058770  1.118457  0.167126  0.149679  0.528926  0.064279  0.154270  0.318641  0.057851  0.099174  0.108356  0.121212  0.261708  0.968779  0.282828  0.111111  0.107438  0.060606  0.075298  0.036731  1.299357  2.099174  2.224977  1.000000  8.072543  0.117539  0.101010  0.339761  0.065197  0.148760  0.110193  0.966942  1.894399  0.000000  
1.268908  0.109244  0.067227  0.109244  0.000000  0.000000  0.000000  0.000000  0.294118  0.176471  0.075630  0.025210  0.033613  0.352941  0.033613  0.109244  0.033613  0.042017  0.100840  0.563025  0.504202  0.008403  0.058824  0.495798  0.134454  0.075630  0.428571  0.092437  0.084034  0.537815  0.100840  0.168067  0.411765  0.252101  0.100840  0.184874  0.142857  0.100840  0.109244  0.092437  0.092437  0.058824  0.613445  13.201681  1.865546  0.605042  1.000000  0.117647  0.067227  2.210084  0.050420  1.957983  0.806723  5.521008  12.243697  0.000000  
12.625000  23.375000  8.375000  16.250000  1.125000  1.500000  1.625000  0.250000  13.250000  60.750000  6.375000  2.125000  4.000000  50.500000  28.000000  3.000000  5.625000  4.875000  6.500000  18.625000  17.250000  0.250000  0.875000  16.250000  1.250000  5.375000  9.875000  0.625000  1.750000  4.750000  0.500000  2.000000  1.250000  3.125000  1.000000  5.000000  2.125000  1.125000  1.750000  5.250000  1.625000  1.125000  13.000000  21.000000  23.875000  47.375000  14.000000  1.000000  3.250000  213.750000  26.000000  4.000000  0.125000  12.125000  67.125000  0.000000  
0.037109  0.031250  0.019531  0.070312  0.009766  0.009766  0.029297  0.015625  0.087891  0.185547  0.025391  0.033203  0.037109  0.308594  0.410156  0.019531  0.023438  0.025391  0.041016  0.082031  0.136719  0.001953  0.050781  0.064453  0.011719  0.013672  0.042969  0.007812  0.009766  0.029297  0.005859  0.021484  0.019531  0.017578  0.011719  0.037109  0.025391  0.044922  0.056641  0.009766  0.011719  0.009766  0.113281  0.103516  0.238281  0.378906  0.044922  0.017578  1.000000  2.869141  0.023438  0.031250  0.001953  0.027344  0.099609  0.000000  
0.041500  0.011554  0.005895  0.023108  0.002594  0.003537  0.010375  0.000943  0.213157  0.084886  0.006602  0.008017  0.010611  0.227305  0.194058  0.014383  0.019571  0.011554  0.023344  0.060363  0.055411  0.001415  0.003773  0.059656  0.012969  0.015798  0.044801  0.011318  0.018863  0.030182  0.002830  0.016270  0.017685  0.016741  0.009196  0.024051  0.014383  0.007074  0.018156  0.012497  0.016270  0.006131  0.070738  0.165999  0.272813  0.414053  0.096440  0.005187  0.031596  1.000000  0.014855  0.017685  0.001179  0.051875  0.179675  0.000000  
102.000000  58.000000  38.000000  50.000000  2.000000  7.000000  3.000000  1.000000  59.000000  113.000000  19.000000  25.000000  74.000000  219.000000  97.000000  29.000000  18.000000  25.000000  41.000000  239.000000  71.000000  4.000000  15.000000  166.000000  30.000000  29.000000  78.000000  9.000000  12.000000  37.000000  9.000000  25.000000  28.000000  15.000000  28.000000  123.000000  52.000000  15.000000  20.000000  6.000000  31.000000  33.000000  159.000000  384.000000  331.000000  1322.000000  670.000000  20.000000  87.000000  244.000000  0.000000  353.000000  14.000000  1203.000000  925.000000  0.000000  
0.481345  0.037647  0.016134  0.032269  0.000336  0.002689  0.005378  0.000336  0.021513  0.050756  0.008403  0.007059  0.014454  0.046387  0.011765  0.005378  0.006387  0.005378  0.011092  0.071261  0.096134  0.002017  0.005042  0.038655  0.005714  0.006723  0.017479  0.003697  0.004706  0.012773  0.002017  0.008739  0.012101  0.004706  0.007395  0.034622  0.015126  0.003025  0.003361  0.003025  0.019160  0.009076  0.120000  0.175462  0.071597  0.201345  0.141849  0.045042  0.027899  0.059832  0.037983  1.000000  0.653109  0.173782  0.662857  0.000000  
0.000000  0.000000  0.000000  0.000000  0.000000  0.000000  0.000000  0.000000  0.000000  0.000000  0.000000  0.000000  0.000000  0.000000  0.000000  0.000000  0.000000  0.000000  0.000000  0.000000  0.000000  0.000000  0.000000  0.000000  0.000000  0.000000  0.000000  0.000000  0.000000  0.000000  0.000000  0.000000  0.000000  0.000000  0.000000  0.000000  0.000000  0.000000  0.000000  0.000000  0.000000  0.000000  0.000000  0.000000  0.000000  0.000000  0.000000  0.000000  0.000000  0.000000  0.000000  0.000000  0.000000  29.000000  0.000000  0.000000  
0.023353  0.020555  0.011731  0.012914  0.000323  0.001184  0.001399  0.000000  0.019802  0.022492  0.007533  0.006995  0.003767  0.106974  0.012914  0.007426  0.002045  0.005704  0.015390  0.090077  0.058222  0.001722  0.004843  0.071352  0.007749  0.007103  0.025075  0.002690  0.006888  0.013130  0.001830  0.011300  0.016573  0.006134  0.005704  0.026044  0.015820  0.004950  0.003444  0.003659  0.004735  0.001399  0.033685  0.130220  0.039173  0.115906  0.206199  0.014313  0.008502  0.026259  0.008287  0.224817  0.258825  1.000000  1.279595  0.000000  
0.120339  0.019915  0.007203  0.020339  0.000847  0.005508  0.005085  0.000847  0.015254  0.023729  0.004237  0.005932  0.004661  0.047034  0.014407  0.007203  0.003390  0.004661  0.005932  0.042797  0.029661  0.001271  0.007203  0.031780  0.004661  0.007203  0.030508  0.002542  0.003814  0.008898  0.004237  0.007627  0.009746  0.006780  0.005508  0.016525  0.013983  0.006356  0.007627  0.004661  0.015678  0.007627  0.078390  0.102542  0.091949  0.075847  0.105932  0.024153  0.061017  0.047034  0.025424  0.031780  0.455508  0.229661  1.000000  0.000000  
0.000000  0.000000  0.000000  0.000000  0.000000  0.000000  0.000000  0.000000  0.000000  0.000000  0.000000  0.000000  0.000000  0.000000  0.000000  0.000000  0.000000  0.000000  0.000000  0.000000  0.000000  0.000000  0.000000  0.000000  0.000000  0.000000  0.000000  0.000000  0.000000  0.000000  0.000000  0.000000  0.000000  0.000000  0.000000  0.000000  0.000000  0.000000  0.000000  0.000000  0.000000  0.000000  0.000000  0.000000  0.000000  0.000000  0.000000  0.000000  0.000000  0.000000  0.000000  0.000000  0.000000  0.000000  0.000000  0.000000  
0.002067  0.000524  0.001327  0.002479  0.031548  0.003527  0.002494  0.022308  0.000868  0.000504  0.003643  0.001924  0.001073  0.000344  0.000762  0.002117  0.004927  0.001595  0.001972  0.000380  0.000499  0.006578  0.003943  0.000388  0.004333  0.002845  0.001130  0.005258  0.002193  0.001486  0.003325  0.003036  0.003036  0.003484  0.000994  0.000517  0.001509  0.006884  0.001440  0.002067  0.000910  0.001152  0.000463  0.000350  0.001001  0.000956  0.002892  0.011154  0.001394  0.000484  0.031548  0.000578  0.031548  0.000327  0.000649  0.031548  