1.000000  0.101523  0.040609  0.350254  0.000000  0.000000  0.000000  0.000000  0.096447  0.050761  0.015228  0.010152  0.020305  1.319797  0.005076  0.040609  3.335025  0.609137  0.030457  0.182741  0.091371  0.010152  0.010152  0.167513  0.035533  0.015228  0.060914  0.015228  0.020305  0.751269  0.025381  0.020305  0.030457  0.091371  0.375635  0.213198  0.015228  6.624365  0.350254  4.979695  2.345178  0.218274  52.680202  46.568527  0.441624  0.639594  0.192893  0.065990  0.015228  0.010152  0.005076  3.451777  0.832487  3.248731  1.791878  0.000000  
0.134789  1.000000  0.002510  0.043926  0.003263  0.004267  0.003765  0.001004  0.103916  0.122741  0.028614  0.018323  0.061747  0.243725  0.033133  0.020582  0.012801  0.016817  0.013052  0.097139  0.055723  0.002008  0.007279  0.073293  0.009036  0.021084  0.046436  0.011044  0.021335  0.016817  0.004016  0.011295  0.017821  0.023092  0.007279  0.061496  0.012550  0.006777  0.005020  0.001506  0.018574  0.004016  0.057480  0.166667  0.051707  0.044428  0.085090  0.051958  0.009789  0.068775  0.007028  0.019578  0.078062  0.111195  0.199046  0.000000  
0.059783  0.436594  1.000000  0.125000  0.005435  0.016304  0.001812  0.001812  0.072464  0.528986  0.059783  0.054348  0.076087  0.177536  0.041667  0.007246  0.003623  0.009058  0.032609  0.172101  0.146739  0.003623  0.023551  0.126812  0.010870  0.063406  0.088768  0.059783  0.088768  0.009058  0.005435  0.012681  0.018116  0.014493  0.014493  0.050725  0.005435  0.001812  0.005435  0.005435  0.025362  0.003623  0.041667  0.166667  0.052536  0.018116  0.025362  0.045290  0.018116  0.041667  0.005435  0.056159  1.807971  0.052536  0.530797  0.000000  
0.627451  7.003922  3.270588  1.000000  0.047059  0.043137  0.000000  0.007843  0.592157  3.827451  0.243137  0.019608  0.149020  2.070588  0.282353  0.050980  0.023529  0.200000  0.019608  0.533333  0.094118  0.007843  0.007843  0.062745  0.011765  0.011765  0.047059  0.027451  0.035294  0.035294  0.003922  0.050980  0.011765  0.011765  0.031373  0.192157  0.007843  0.011765  0.019608  0.133333  0.098039  0.000000  0.094118  0.211765  0.007843  0.019608  0.019608  0.643137  0.098039  0.023529  0.019608  0.019608  0.011765  0.062745  0.772549  0.000000  
0.000000  0.000000  0.000000  0.210526  1.000000  0.000000  0.000000  0.000000  0.000000  7.789474  0.157895  0.000000  0.000000  0.000000  0.000000  0.000000  0.000000  0.000000  0.000000  0.000000  0.000000  0.000000  0.000000  0.000000  0.000000  0.000000  0.000000  0.000000  0.000000  0.000000  0.000000  0.000000  0.000000  0.000000  0.000000  0.000000  0.000000  0.000000  0.000000  0.000000  0.000000  0.000000  0.000000  0.000000  0.000000  0.000000  0.000000  0.000000  0.000000  0.000000  0.000000  0.000000  0.000000  0.000000  0.000000  0.000000  
2.591398  0.043011  0.258065  0.258065  0.000000  1.000000  0.000000  0.000000  0.000000  0.000000  0.000000  0.000000  0.000000  3.655914  0.387097  0.000000  0.000000  0.000000  0.000000  0.000000  0.000000  0.000000  0.000000  0.000000  0.000000  0.000000  0.000000  0.000000  0.000000  0.000000  0.000000  0.000000  0.000000  0.000000  0.000000  0.000000  0.000000  0.000000  0.010753  0.000000  0.010753  0.000000  0.193548  0.150538  0.000000  0.000000  0.000000  0.032258  0.000000  0.000000  0.010753  0.268817  0.053763  0.161290  0.344086  0.000000  
2.111111  3.444444  15.777778  10.333333  0.000000  0.000000  1.000000  0.000000  0.000000  0.000000  0.000000  0.000000  0.000000  10.222222  16.111111  0.000000  0.000000  0.555556  0.000000  0.000000  0.000000  0.000000  0.000000  0.000000  0.000000  0.000000  0.222222  0.000000  0.000000  0.000000  0.000000  0.000000  0.000000  0.000000  0.000000  0.333333  0.000000  0.000000  0.000000  0.000000  0.333333  0.000000  0.888889  1.000000  0.000000  0.000000  0.000000  0.000000  0.000000  0.000000  0.000000  0.222222  0.000000  0.666667  4.333333  0.000000  
0.625000  0.125000  0.000000  0.625000  0.000000  0.250000  0.000000  1.000000  1.125000  0.250000  0.375000  0.000000  0.000000  2.875000  1.250000  0.000000  0.000000  0.000000  0.000000  0.250000  0.000000  0.000000  0.000000  1.875000  0.125000  0.000000  0.125000  0.000000  0.000000  0.125000  0.000000  0.000000  0.000000  0.000000  0.000000  0.000000  0.000000  0.000000  0.000000  0.000000  0.000000  0.000000  0.125000  0.375000  0.000000  0.000000  0.000000  0.000000  0.000000  0.000000  0.000000  0.000000  0.000000  0.000000  0.250000  0.000000  
0.055873  0.031746  0.022222  0.025397  0.000635  0.001270  0.001270  0.000000  1.000000  0.266667  0.014603  0.010794  0.003175  0.090794  0.002540  0.000000  0.009524  0.031746  0.034921  0.006984  0.001905  0.000000  0.000635  0.001905  0.002540  0.001270  0.001270  0.045714  0.025397  0.010794  0.000000  0.003175  0.005079  0.002540  0.000000  0.001905  0.000000  0.000000  0.000000  0.000000  0.002540  0.000000  0.007619  0.218413  4.205714  0.000000  0.000000  0.041270  0.000635  0.017778  0.004444  0.000000  0.064127  0.033651  0.063492  0.000000  
0.020512  0.010146  0.001764  0.023158  0.000662  0.000882  0.000441  0.000221  0.047640  1.000000  0.079621  0.386414  0.019409  0.012572  0.006837  0.003749  0.000000  0.000662  0.264446  0.412219  0.284517  0.006396  0.080062  0.137406  0.015880  0.222982  0.301941  0.000000  0.000662  0.007719  0.006176  0.000221  0.000000  0.007940  0.000000  0.000221  0.001103  0.000000  0.001544  0.000000  0.000000  0.000000  0.006176  0.132113  0.272386  0.000221  0.000000  0.058447  0.003088  0.005073  0.001103  0.000000  0.000000  0.000000  0.006176  0.000000  
0.000000  0.101695  0.067797  0.559322  0.016949  0.135593  0.084746  0.000000  0.372881  1.050847  1.000000  0.152542  0.000000  0.050847  0.169492  0.203390  0.000000  0.000000  3.440678  17.949152  9.016949  0.084746  0.457627  2.610169  0.406780  0.542373  1.203390  0.033898  0.050847  0.016949  0.186441  0.000000  0.000000  0.152542  0.000000  0.000000  0.000000  0.000000  0.000000  0.000000  0.000000  0.000000  0.067797  2.796610  10.067797  0.000000  0.000000  0.423729  0.000000  0.101695  0.033898  0.000000  0.000000  0.000000  0.084746  0.000000  
0.194872  0.138462  0.117949  0.225641  0.005128  0.010256  0.015385  0.005128  0.061538  0.379487  0.056410  1.000000  0.215385  0.000000  0.015385  0.441026  0.010256  0.097436  0.620513  1.769231  1.410256  0.000000  0.235897  1.876923  0.010256  0.620513  4.492308  0.030769  0.015385  0.712821  0.041026  0.061538  0.005128  0.005128  0.010256  0.005128  0.128205  0.000000  0.000000  0.000000  0.005128  0.000000  0.107692  0.825641  0.923077  0.005128  0.000000  0.138462  0.020513  0.035897  0.010256  0.030769  0.000000  0.000000  0.025641  0.000000  
0.000000  0.060201  0.010870  0.006689  0.000000  0.000836  0.000836  0.000000  0.006689  0.076087  0.029264  0.019231  1.000000  0.206522  0.000000  0.001672  0.000000  0.000000  0.055184  0.323579  0.211538  0.005017  0.042642  0.819398  0.057692  0.079431  0.225753  0.006689  0.013378  0.001672  0.024247  0.011706  0.011706  0.020067  0.001672  0.000836  0.000000  0.000000  0.000000  0.000000  0.000000  0.000000  0.005853  0.083612  0.234950  0.001672  0.000000  0.016722  0.002508  0.005853  0.001672  0.000000  0.000000  0.012542  0.004181  0.000000  
0.166912  0.010324  0.004179  0.024951  0.000492  0.005039  0.001598  0.000492  0.018437  0.019912  0.007375  0.005531  0.004425  1.000000  0.018314  0.074238  0.014503  0.039086  0.007252  0.060964  0.089356  0.002335  0.007375  0.110497  0.009218  0.006637  0.068707  0.010079  0.026426  0.034538  0.018682  0.035521  0.048673  0.160275  0.035152  0.285275  0.001229  0.001598  0.004548  0.001229  0.002581  0.007129  0.044248  0.066249  0.083579  0.004179  0.003810  0.003564  0.002089  0.002458  0.002827  0.016470  0.000737  0.080015  0.002212  0.000000  
0.221226  0.119700  0.058154  0.021323  0.000485  0.066877  0.009208  0.000242  0.124061  0.055731  0.004604  0.002423  0.009692  0.219288  1.000000  0.007269  0.006300  0.023504  0.005088  0.059365  0.072450  0.003635  0.002665  0.027381  0.005331  0.004604  0.014054  0.004846  0.020111  0.011146  0.001212  0.009450  0.005331  0.005088  0.005088  0.025685  0.008723  0.001454  0.004362  0.007512  0.013811  0.002181  0.047250  0.097407  0.172765  0.059365  0.080688  0.051854  0.056215  0.244488  0.015992  0.011146  0.023746  0.105161  0.604555  0.000000  
0.527607  0.073620  0.098160  0.141104  0.000000  0.006135  0.000000  0.000000  0.116564  0.092025  0.042945  0.000000  0.073620  0.423313  0.067485  1.000000  0.012270  0.024540  0.092025  3.343558  5.208589  0.042945  0.061350  1.147239  0.061350  0.006135  0.521472  0.073620  0.024540  0.184049  0.098160  0.153374  0.036810  0.306748  0.484663  0.245399  0.233129  0.000000  0.000000  0.000000  0.110429  0.000000  0.159509  3.233129  0.644172  0.294479  0.423313  0.079755  0.061350  1.766871  0.049080  0.104294  0.006135  1.282209  4.674847  0.000000  
0.341176  0.152941  0.152941  0.529412  0.000000  0.011765  0.011765  0.023529  0.294118  0.176471  0.035294  0.011765  0.023529  0.905882  0.000000  0.011765  1.000000  0.188235  0.294118  0.929412  0.494118  0.035294  0.188235  0.870588  0.164706  0.035294  0.811765  0.105882  0.117647  6.023530  0.247059  0.070588  0.011765  0.082353  0.070588  0.011765  0.000000  0.000000  0.035294  0.000000  0.000000  0.011765  0.082353  4.776471  13.364706  0.023529  0.011765  0.470588  0.117647  0.282353  0.023529  0.000000  0.011765  0.235294  1.435294  0.000000  
0.053191  0.013298  0.000000  0.021277  0.000000  0.000000  0.000000  0.002660  0.050532  0.002660  0.010638  0.021277  0.013298  1.066489  0.000000  0.023936  0.069149  1.000000  0.053191  0.212766  0.031915  0.000000  0.000000  0.356383  0.010638  0.029255  0.183511  0.090426  0.077128  0.071809  0.050532  2.446809  2.271277  0.207447  0.077128  0.098404  0.026596  0.047872  0.159574  0.023936  0.050532  0.180851  0.324468  0.678191  0.263298  0.066489  0.026596  0.037234  0.010638  0.047872  0.031915  0.103723  0.002660  0.289894  0.170213  0.000000  
0.062222  0.204444  0.257778  0.173333  0.000000  0.000000  0.000000  0.000000  0.031111  0.675556  0.097778  0.008889  0.075556  0.000000  0.000000  0.000000  0.000000  0.000000  1.000000  1.315556  0.013333  0.000000  0.280000  0.053333  0.000000  0.000000  0.026667  0.000000  0.000000  0.031111  0.000000  0.000000  0.000000  0.000000  0.000000  0.000000  0.000000  0.000000  0.000000  0.000000  0.000000  0.000000  0.000000  3.435555  6.253334  0.035556  0.044444  0.844444  0.133333  0.342222  0.124444  0.062222  0.017778  0.128889  0.164444  0.000000  
0.094073  0.022145  0.036963  0.053780  0.000666  0.002997  0.000999  0.000666  0.017150  0.037463  0.016151  0.009990  0.017649  0.035465  0.005328  0.002997  0.003663  0.000999  0.082751  1.000000  0.113553  0.000167  0.060107  0.054113  0.005994  0.013986  0.021146  0.001665  0.003830  0.005162  0.001499  0.002165  0.001332  0.006494  0.002664  0.003663  0.001665  0.000167  0.000333  0.001332  0.003497  0.000999  0.010157  0.120713  0.103563  0.019647  0.018482  0.015318  0.003330  0.009824  0.005162  0.030303  0.001665  0.076257  0.043790  0.000000  
0.068248  0.004161  0.001665  0.000416  0.000000  0.000000  0.000416  0.000000  0.013733  0.009988  0.001665  0.002081  0.010404  0.007907  0.000416  0.001665  0.001248  0.001248  0.000416  0.130254  1.000000  0.000000  0.001248  0.007074  0.000416  0.002081  0.008739  0.000416  0.000416  0.002081  0.002081  0.001665  0.003745  0.002913  0.000416  0.002081  0.000832  0.000416  0.000832  0.001248  0.006242  0.002913  0.010820  0.168123  0.024969  0.084478  0.059509  0.007491  0.001665  0.253849  0.008323  0.003745  0.002081  0.050770  0.157303  0.000000  
0.000000  0.000000  0.000000  0.000000  0.000000  0.000000  0.000000  0.000000  0.000000  0.000000  0.000000  0.000000  0.000000  0.000000  0.000000  0.000000  0.000000  0.000000  0.000000  0.024691  0.000000  1.000000  0.000000  0.000000  0.000000  0.000000  0.000000  0.000000  0.000000  0.000000  0.000000  0.000000  0.000000  0.000000  0.000000  0.000000  0.000000  0.000000  0.000000  0.000000  0.000000  0.000000  0.000000  0.037037  0.000000  0.000000  0.000000  0.000000  0.000000  0.518519  0.000000  0.000000  0.000000  0.000000  11.666667  0.000000  
0.123810  0.000000  0.000000  0.000000  0.000000  0.000000  0.000000  0.000000  0.000000  0.171429  0.038095  0.000000  0.095238  0.000000  0.000000  0.000000  0.000000  0.000000  0.047619  0.285714  0.000000  0.000000  1.000000  0.000000  0.000000  0.000000  0.000000  0.000000  0.000000  0.000000  0.000000  0.000000  0.000000  0.000000  0.000000  0.000000  0.000000  0.000000  0.000000  0.000000  0.000000  0.000000  0.000000  0.000000  0.038095  0.000000  0.000000  0.019048  2.666667  0.000000  0.000000  0.000000  0.000000  0.000000  5.980952  0.000000  
0.005357  0.044892  0.014225  0.024386  0.000185  0.001108  0.000554  0.000000  0.006281  0.010530  0.002771  0.001847  0.036024  0.035655  0.001478  0.002586  0.001847  0.002032  0.016627  0.394975  0.159616  0.017550  0.030297  1.000000  0.034362  0.004803  0.046185  0.001108  0.001293  0.014779  0.004803  0.001478  0.002956  0.005912  0.000185  0.003695  0.000000  0.000185  0.000185  0.000739  0.002402  0.000739  0.008313  0.114170  0.139479  0.012747  0.011269  0.019028  0.002956  0.017735  0.051543  0.020506  0.017550  0.083687  0.079623  0.000000  
0.082645  0.223140  0.198347  0.041322  0.000000  0.000000  0.000000  0.000000  0.016529  0.041322  0.024793  0.008264  0.041322  0.148760  0.041322  0.024793  0.000000  0.016529  0.024793  0.520661  1.842975  0.057851  0.190083  0.669421  1.000000  0.024793  0.157025  0.000000  0.000000  0.000000  0.090909  0.016529  0.033058  0.049587  0.000000  0.008264  0.000000  0.000000  0.000000  0.000000  0.000000  0.000000  0.000000  0.231405  0.016529  0.000000  0.000000  0.074380  0.057851  0.090909  0.123967  0.107438  0.033058  0.694215  11.057851  0.000000  
0.622951  0.418033  0.385246  1.418033  0.008197  0.016393  0.090164  0.008197  0.229508  0.303279  0.032787  0.139344  0.049180  0.311475  0.090164  0.008197  0.024590  0.008197  0.819672  3.795082  7.122951  0.254098  0.237705  3.704918  0.467213  1.000000  1.852459  0.000000  0.008197  0.016393  0.073770  0.000000  0.000000  0.008197  0.057377  0.008197  0.000000  0.000000  0.000000  0.000000  0.000000  0.000000  0.000000  1.409836  0.704918  0.032787  0.016393  0.155738  0.073770  0.262295  0.032787  0.163934  0.237705  0.163934  2.950820  0.000000  
0.126649  0.085752  0.065963  0.039578  0.001319  0.003958  0.007916  0.001319  0.050132  0.139842  0.079156  0.022427  0.110818  0.791557  0.062005  0.220317  0.014512  0.025066  0.013193  0.096306  1.131926  0.009235  0.034301  0.631926  0.054090  0.029024  1.000000  0.018470  0.091029  0.402375  0.029024  0.079156  0.036939  0.112137  0.134565  0.127968  0.131926  0.001319  0.043536  0.013193  0.088390  0.046174  0.583113  0.531662  0.738786  0.032982  0.022427  0.031662  0.027704  0.112137  0.015831  0.069921  0.013193  0.546174  0.283641  0.000000  
0.909091  1.000000  0.909091  0.090909  0.000000  0.000000  0.000000  0.000000  3.181818  2.090909  0.454545  0.000000  0.818182  2.181818  0.000000  0.000000  0.000000  0.000000  0.636364  2.090909  2.363636  0.000000  0.000000  5.727273  0.181818  0.545455  0.363636  1.000000  4.000000  0.636364  0.000000  0.909091  0.000000  0.090909  0.545455  0.090909  0.090909  0.000000  0.000000  0.000000  0.545455  0.000000  3.090909  3.272727  27.363636  0.000000  0.000000  0.272727  0.454545  0.272727  0.272727  1.090909  0.545455  3.454545  30.636364  0.000000  
0.060714  0.014286  0.003571  0.000000  0.000000  0.000000  0.000000  0.000000  0.025000  0.028571  0.010714  0.000000  0.003571  0.560714  0.000000  0.000000  0.000000  0.000000  0.064286  0.078571  0.617857  0.007143  0.003571  0.614286  0.203571  0.000000  0.153571  0.057143  1.000000  0.157143  0.003571  0.014286  0.000000  0.003571  0.000000  0.014286  0.000000  0.000000  0.010714  0.000000  0.214286  0.000000  1.125000  0.717857  0.875000  0.000000  0.000000  0.010714  0.014286  0.028571  0.014286  0.078571  0.017857  0.367857  0.025000  0.000000  
0.211896  0.014870  0.011152  0.029740  0.000000  0.014870  0.000000  0.007435  0.081784  0.014870  0.026022  0.014870  0.026022  0.293680  0.000000  0.044610  0.014870  0.037175  0.048327  0.338290  0.118959  0.011152  0.014870  0.765799  0.022305  0.026022  0.223048  0.007435  0.085502  1.000000  0.052045  0.018587  0.018587  0.059480  0.048327  0.107807  0.223048  0.003717  0.000000  0.014870  0.018587  0.022305  0.063197  2.375465  2.200743  0.033457  0.000000  0.089219  0.044610  0.066914  0.026022  0.297398  0.126394  1.007435  0.174721  0.000000  
0.000000  0.000000  0.000000  0.000000  0.000000  0.000000  0.000000  0.000000  0.000000  0.000000  0.000000  0.000000  0.000000  0.000000  0.000000  0.000000  0.000000  0.000000  0.000000  0.333333  0.000000  0.000000  0.000000  0.333333  2.333333  0.000000  4.000000  0.000000  0.000000  0.333333  1.000000  0.333333  0.000000  0.000000  0.333333  0.333333  0.333333  0.000000  0.000000  0.000000  0.000000  0.000000  0.666667  0.666667  0.000000  0.000000  0.000000  0.333333  0.333333  0.000000  0.000000  0.000000  0.000000  3.000000  75.333336  0.000000  
0.048611  0.048611  0.027778  0.048611  0.000000  0.027778  0.006944  0.013889  0.611111  0.076389  0.048611  0.048611  0.041667  3.875000  0.062500  0.333333  0.034722  0.277778  0.055556  0.298611  0.173611  0.000000  0.013889  0.993056  0.208333  0.076389  0.722222  0.201389  0.458333  0.256944  0.159722  1.000000  0.319444  0.479167  0.201389  0.937500  0.520833  0.291667  0.270833  0.138889  0.159722  0.569444  3.548611  3.472222  0.493056  0.652778  0.402778  0.118056  0.138889  0.236111  0.201389  0.423611  0.041667  1.423611  0.076389  0.000000  
0.000000  0.427083  0.281250  0.010417  0.000000  0.020833  0.010417  0.000000  0.166667  0.312500  0.166667  0.083333  0.104167  0.906250  0.031250  0.114583  0.083333  0.177083  0.250000  1.031250  0.260417  0.020833  0.062500  0.635417  0.166667  0.104167  0.375000  0.145833  0.062500  0.145833  0.052083  0.270833  1.000000  0.197917  0.093750  0.302083  0.291667  0.093750  0.020833  0.052083  0.166667  0.031250  1.468750  1.072917  1.343750  0.718750  0.208333  0.260417  0.187500  0.916667  0.604167  3.447917  0.218750  18.093750  2.041667  0.000000  
0.641304  0.141304  0.130435  0.228261  0.000000  0.010870  0.000000  0.010870  0.206522  0.271739  0.054348  0.010870  0.184783  4.500000  0.141304  0.206522  0.130435  0.141304  0.717391  2.250000  3.217391  0.054348  0.184783  3.847826  1.630435  0.010870  1.576087  0.076087  0.347826  1.967391  0.369565  0.532609  0.163043  1.000000  1.413043  0.271739  0.586957  0.000000  0.184783  0.000000  0.206522  0.206522  2.043478  4.000000  4.565217  0.021739  0.065217  0.032609  0.206522  0.391304  0.086957  0.130435  0.000000  1.826087  6.989130  0.000000  
0.006107  0.006107  0.007634  0.006107  0.000000  0.000000  0.000000  0.000000  0.003053  0.003053  0.000000  0.000000  0.003053  0.001527  0.004580  0.010687  0.004580  0.000000  0.010687  0.015267  0.044275  0.003053  0.003053  0.012214  0.029008  0.000000  0.012214  0.000000  0.003053  0.051908  0.010687  0.007634  0.001527  0.006107  1.000000  0.024427  0.044275  0.000000  0.000000  0.000000  0.000000  0.000000  0.000000  0.349618  0.004580  0.001527  0.000000  0.004580  0.007634  0.019847  0.006107  0.009160  0.001527  0.048855  0.145038  0.000000  
0.023906  0.005387  0.003367  0.000000  0.000000  0.000000  0.000000  0.000337  0.002020  0.005387  0.002020  0.001347  0.001684  0.093939  0.001010  0.108081  0.001010  0.018182  0.005051  0.009428  0.095623  0.001010  0.005051  0.035354  0.003030  0.001684  0.024242  0.004377  0.000673  0.081818  0.013805  0.015152  0.009428  0.077778  0.040741  1.000000  1.104040  0.003367  0.001010  0.000673  0.004377  0.000673  0.009091  0.334343  0.004714  0.004377  0.004040  0.004040  0.006397  0.008081  0.003704  0.003030  0.011785  0.023906  0.023906  0.000000  
0.789474  0.315789  0.315789  0.578947  0.000000  0.000000  0.052632  0.000000  0.315789  0.157895  0.052632  0.052632  0.105263  2.421053  0.000000  0.000000  0.000000  0.000000  0.000000  0.421053  0.157895  0.000000  0.052632  0.368421  0.157895  0.105263  0.263158  0.157895  0.105263  0.052632  0.000000  0.000000  0.000000  0.315789  0.052632  0.368421  1.000000  0.000000  0.000000  0.000000  0.000000  0.105263  0.210526  0.736842  1.473684  0.842105  1.000000  0.578947  2.421053  3.000000  0.421053  0.368421  0.105263  9.368421  14.526316  0.000000  
0.369565  0.000000  0.000000  0.000000  0.000000  0.000000  0.000000  0.000000  0.000000  0.010870  0.000000  0.000000  0.000000  0.021739  0.000000  0.000000  0.000000  0.000000  0.000000  0.032609  0.010870  0.000000  0.000000  0.021739  0.000000  0.000000  0.010870  0.000000  0.000000  0.000000  0.000000  0.000000  0.000000  0.000000  0.000000  0.010870  0.000000  1.000000  0.021739  0.000000  0.010870  0.000000  6.728261  7.369565  0.000000  0.000000  0.000000  0.000000  0.010870  0.010870  0.000000  0.347826  0.000000  1.130435  2.858696  0.000000  
0.142857  0.000000  0.000000  0.000000  0.000000  0.000000  0.000000  0.000000  0.000000  0.002268  0.000000  0.000000  0.000000  0.684807  0.000000  0.000000  0.000000  0.000000  0.000000  0.009070  0.006803  0.000000  0.000000  0.009070  0.000000  0.000000  0.002268  0.000000  0.000000  0.000000  0.000000  0.000000  0.000000  0.006803  0.000000  0.043084  0.000000  0.036281  1.000000  0.002268  0.015873  0.000000  1.095238  0.489796  0.000000  0.000000  0.000000  0.000000  0.002268  0.002268  0.000000  0.045351  0.000000  0.303855  0.097506  0.000000  
2.507692  0.046154  0.000000  0.000000  0.000000  0.000000  0.000000  0.000000  0.000000  0.015385  0.000000  0.000000  0.000000  0.353846  0.000000  0.000000  0.000000  0.000000  0.000000  0.030769  0.015385  0.000000  0.000000  0.030769  0.000000  0.000000  0.015385  0.000000  0.000000  0.000000  0.000000  0.000000  0.000000  0.000000  0.000000  0.015385  0.000000  0.092308  0.000000  1.000000  0.600000  0.000000  6.400000  1.861538  0.000000  0.000000  0.000000  0.000000  0.015385  0.015385  0.000000  0.015385  0.000000  1.492308  0.984615  0.000000  
0.100855  0.006838  0.000000  0.006838  0.000000  0.000000  0.000000  0.000000  0.008547  0.015385  0.005128  0.003419  0.005128  0.037607  0.001709  0.008547  0.000000  0.003419  0.008547  0.054701  0.029060  0.003419  0.003419  0.051282  0.008547  0.005128  0.017094  0.005128  0.006838  0.006838  0.001709  0.005128  0.010256  0.006838  0.008547  0.018803  0.013675  0.000000  0.001709  0.001709  1.000000  0.001709  0.029060  0.099145  0.017094  0.008547  0.010256  0.000000  0.008547  0.011966  0.000000  0.017094  0.000000  4.338461  0.107692  0.000000  
0.000000  0.012821  0.000000  0.025641  0.000000  0.000000  0.000000  0.000000  0.032051  0.064103  0.019231  0.012821  0.025641  0.134615  0.006410  0.032051  0.000000  0.012821  0.038462  0.211538  0.102564  0.012821  0.012821  0.224359  0.038462  0.019231  0.108974  0.019231  0.025641  0.051282  0.006410  0.019231  0.032051  0.025641  0.032051  0.076923  0.070513  0.000000  0.006410  0.006410  0.025641  1.000000  0.076923  0.224359  0.044872  0.032051  0.032051  0.000000  0.032051  0.044872  0.000000  0.032051  0.000000  13.282051  0.102564  0.000000  
0.816564  0.003461  0.001483  0.001731  0.000000  0.000000  0.000247  0.000000  0.001978  0.004450  0.001731  0.000742  0.001483  0.086527  0.000742  0.001978  0.000494  0.000989  0.002225  0.027689  0.007417  0.000742  0.001236  0.015080  0.002472  0.001483  0.004944  0.001483  0.001731  0.001978  0.000742  0.016069  0.002472  0.001731  0.001731  0.005933  0.003708  0.011619  0.062299  0.009147  0.028430  0.002225  1.000000  0.680346  0.006922  0.002719  0.002967  0.000000  0.002967  0.004697  0.000000  0.057849  0.000494  0.590111  0.000742  0.000000  
0.267960  0.025005  0.019033  0.028363  0.000187  0.001679  0.000560  0.000187  0.038627  0.033029  0.005785  0.004665  0.015115  0.123904  0.006344  0.016048  0.007091  0.006904  0.018100  0.187722  0.110468  0.006531  0.012129  0.162157  0.040119  0.013622  0.077813  0.004292  0.010450  0.054674  0.008584  0.009890  0.012502  0.012502  0.025378  0.054115  0.049076  0.010636  0.026311  0.004665  0.021646  0.003732  0.120731  1.000000  0.254152  0.055048  0.064751  0.016234  0.006158  0.064191  0.007091  0.053182  0.239784  0.418175  0.079492  0.000000  
0.366422  0.082108  0.072304  0.099265  0.001225  0.011029  0.007353  0.001225  0.017157  0.039216  0.011029  0.006127  0.012255  0.077206  0.011029  0.006127  0.004902  0.007353  0.007353  0.047794  0.044118  0.001225  0.008578  0.035539  0.006127  0.006127  0.017157  0.004902  0.006127  0.009804  0.001225  0.004902  0.011029  0.006127  0.004902  0.028186  0.006127  0.002451  0.002451  0.003676  0.013480  0.006127  0.026961  0.094363  1.000000  0.164216  0.091912  0.150735  0.041667  0.061275  0.095588  0.074755  3.113971  0.458333  1.411765  0.000000  
0.960041  0.102459  0.074795  0.180328  0.001025  0.026639  0.004098  0.000000  0.233607  0.537910  0.092213  0.165984  0.268443  1.211066  1.223361  0.138320  0.108607  0.133197  0.210041  1.351434  0.895492  0.011270  0.090164  0.882172  0.185451  0.141393  0.579918  0.039959  0.117828  0.392418  0.115779  0.177254  0.193648  0.137295  0.185451  0.646516  0.335041  0.084016  0.121926  0.061475  0.141393  0.077869  1.318648  1.758197  1.700820  1.000000  9.003074  0.099385  0.057377  0.256148  0.040984  0.164959  0.020492  0.980533  3.232582  0.000000  
0.324926  0.017804  0.014837  0.007418  0.001484  0.002967  0.000000  0.000000  0.034125  0.020772  0.005935  0.000000  0.007418  0.112760  0.008902  0.010386  0.002967  0.007418  0.007418  0.198813  0.084570  0.000000  0.005935  0.051929  0.004451  0.002967  0.020772  0.002967  0.004451  0.014837  0.008902  0.010386  0.007418  0.010386  0.016320  0.044510  0.029674  0.002967  0.005935  0.005935  0.011869  0.005935  0.078635  0.758160  0.283383  0.210682  1.000000  0.019288  0.013353  0.275964  0.007418  0.350148  0.007418  0.912463  2.934718  0.000000  
7.384615  12.538462  2.923077  10.461538  0.692308  0.846154  0.384615  0.153846  7.307693  30.076923  1.384615  2.384615  2.538461  16.692308  7.846154  1.153846  1.769231  2.615385  2.923077  10.153846  6.384615  0.076923  0.769231  5.384615  1.384615  1.923077  3.769231  0.692308  0.846154  2.153846  0.384615  1.615385  1.846154  1.461538  0.769231  3.461539  1.307692  0.769231  1.230769  1.076923  1.076923  0.923077  8.615385  14.846154  16.538462  59.307693  18.692308  1.000000  2.461539  121.615387  16.230770  2.615385  0.538462  10.000000  111.153847  0.000000  
0.059347  0.044510  0.017804  0.071217  0.011869  0.014837  0.014837  0.005935  0.133531  0.231454  0.020772  0.032641  0.029674  0.142433  0.255193  0.017804  0.026706  0.029674  0.038576  0.089021  0.106825  0.000000  0.059347  0.053412  0.005935  0.011869  0.047478  0.005935  0.008902  0.020772  0.002967  0.026706  0.026706  0.008902  0.008902  0.047478  0.011869  0.011869  0.017804  0.011869  0.005935  0.005935  0.094955  0.127596  0.210682  0.545994  0.121662  0.020772  1.000000  4.462908  0.011869  0.044510  0.002967  0.047478  1.611276  0.000000  
0.054264  0.029939  0.010425  0.049185  0.002406  0.012831  0.004812  0.003208  0.174285  0.119487  0.005881  0.013365  0.020850  0.105052  0.127239  0.009088  0.027265  0.036889  0.014167  0.065223  0.052927  0.000802  0.003742  0.044373  0.006950  0.009890  0.034215  0.008821  0.009623  0.040364  0.005613  0.026464  0.026196  0.011762  0.005881  0.026464  0.010158  0.006415  0.010960  0.008019  0.009623  0.005613  0.102914  0.147554  0.237102  0.578455  0.160118  0.079925  0.045710  1.000000  0.012296  0.018177  0.005079  0.075916  0.009623  0.000000  
76.000000  37.000000  12.000000  20.000000  1.000000  2.000000  1.000000  1.000000  36.000000  44.000000  8.000000  9.000000  19.000000  175.000000  25.000000  19.000000  9.000000  12.000000  22.000000  184.000000  38.000000  2.000000  6.000000  183.000000  34.000000  14.000000  49.000000  2.000000  9.000000  18.000000  9.000000  21.000000  95.000000  30.000000  23.000000  58.000000  51.000000  6.000000  8.000000  4.000000  15.000000  19.000000  76.000000  354.000000  135.000000  927.000000  683.000000  15.000000  59.000000  178.000000  0.000000  282.000000  10.000000  828.000000  801.000000  0.000000  
0.423939  0.044498  0.021042  0.024491  0.000345  0.002070  0.004139  0.000345  0.016557  0.041394  0.007244  0.005519  0.011038  0.046568  0.011728  0.005519  0.003449  0.005519  0.008279  0.053467  0.087271  0.001380  0.003449  0.040704  0.006899  0.006209  0.016557  0.003449  0.004829  0.012763  0.002070  0.008279  0.011728  0.004484  0.008969  0.040014  0.018627  0.002760  0.003449  0.002760  0.018627  0.008969  0.119007  0.194205  0.076233  0.245947  0.170059  0.115212  0.042083  0.048637  0.042773  1.000000  0.513970  0.150742  0.260435  0.000000  
0.000000  0.000000  0.000000  0.000000  0.000000  0.000000  0.000000  0.000000  0.000000  0.000000  0.000000  0.000000  0.000000  0.000000  0.000000  0.000000  0.000000  0.000000  0.000000  0.000000  0.000000  0.000000  0.000000  0.000000  0.000000  0.000000  0.000000  0.000000  0.000000  0.000000  0.000000  0.000000  0.000000  0.000000  0.000000  0.000000  0.000000  0.000000  0.000000  0.000000  0.000000  0.000000  0.000000  0.000000  0.000000  0.000000  0.000000  0.000000  0.000000  0.000000  0.000000  0.000000  0.000000  26.000000  1861.000000  0.000000  
0.020704  0.029318  0.019193  0.024936  0.000151  0.001058  0.000907  0.000000  0.032492  0.044733  0.008765  0.017379  0.024331  0.344869  0.034306  0.018437  0.001814  0.002720  0.020553  0.120901  0.092640  0.003627  0.007103  0.150673  0.016926  0.013450  0.043827  0.003778  0.009370  0.015415  0.002871  0.015717  0.040955  0.020855  0.014508  0.049267  0.051685  0.010428  0.010428  0.010125  0.011637  0.038839  0.073749  0.178631  0.046849  0.081759  0.083119  0.013148  0.009219  0.031434  0.012241  0.252985  0.280943  1.000000  0.000000  0.000000  
0.021615  0.003523  0.001333  0.003714  0.000190  0.001143  0.000571  0.000190  0.002761  0.004285  0.000857  0.001143  0.000857  0.007332  0.002571  0.001143  0.000571  0.000857  0.001047  0.007808  0.004761  0.000286  0.001238  0.005713  0.000762  0.001428  0.005332  0.000476  0.000667  0.001619  0.000762  0.001428  0.001714  0.001143  0.001047  0.003333  0.002380  0.001428  0.001428  0.000857  0.001428  0.001333  0.024948  0.009808  0.016854  0.013997  0.019044  0.004094  0.009522  0.008570  0.004285  0.005808  0.086365  0.039040  1.000000  0.000000  
0.000000  0.000000  0.000000  0.000000  0.000000  0.000000  0.000000  0.000000  0.000000  0.000000  0.000000  0.000000  0.000000  0.000000  0.000000  0.000000  0.000000  0.000000  0.000000  0.000000  0.000000  0.000000  0.000000  0.000000  0.000000  0.000000  0.000000  0.000000  0.000000  0.000000  0.000000  0.000000  0.000000  0.000000  0.000000  0.000000  0.000000  0.000000  0.000000  0.000000  0.000000  0.000000  0.000000  0.000000  0.000000  0.000000  0.000000  0.000000  0.000000  0.000000  0.000000  0.000000  0.000000  0.000000  23484.000000  0.000000  
0.002248  0.000500  0.001343  0.001976  0.007238  0.003271  0.010516  0.011154  0.000795  0.000469  0.004107  0.002259  0.000912  0.000350  0.000491  0.002471  0.003422  0.001627  0.002103  0.000407  0.000644  0.003505  0.003079  0.000429  0.002868  0.002856  0.001146  0.009512  0.001885  0.001924  0.018214  0.002629  0.003220  0.003289  0.001233  0.000579  0.007238  0.003289  0.001502  0.003913  0.001304  0.002526  0.000496  0.000431  0.001104  0.001010  0.001215  0.008750  0.001719  0.000516  0.031548  0.000586  0.031548  0.000388  0.000308  0.031548  