1.000000  0.015660  0.008949  0.147651  0.000000  0.000000  0.000000  0.000000  0.073826  0.026846  0.008949  0.004474  0.008949  0.617450  0.004474  0.011186  1.803132  0.257271  0.015660  0.089485  0.049217  0.004474  0.004474  0.082774  0.011186  0.008949  0.029083  0.004474  0.006711  0.411633  0.004474  0.017897  0.013423  0.013423  0.158837  0.091723  0.024609  1.948546  0.154362  2.131991  1.185682  0.091723  22.693512  20.185682  0.335570  0.255034  0.082774  0.038031  0.004474  0.013423  0.004474  2.487696  0.355705  1.272931  1.270694  0.000000  
0.099803  1.000000  0.002146  0.054552  0.001967  0.003041  0.003935  0.000715  0.110714  0.102665  0.027902  0.019674  0.070292  0.218566  0.030227  0.023073  0.013057  0.020211  0.011447  0.097299  0.062601  0.001789  0.005545  0.084600  0.008943  0.020748  0.043820  0.010016  0.025219  0.018422  0.003756  0.014488  0.017707  0.032910  0.005008  0.063495  0.011805  0.004650  0.003935  0.001252  0.015740  0.003219  0.065999  0.134860  0.045251  0.036845  0.060097  0.055983  0.006618  0.056877  0.020390  0.020032  0.059202  0.089072  0.187623  0.000000  
0.033514  0.683243  1.000000  0.077838  0.001081  0.008649  0.001081  0.001081  0.080000  0.477838  0.042162  0.038919  0.064865  0.294054  0.042162  0.008649  0.002162  0.011892  0.020541  0.126486  0.129730  0.002162  0.016216  0.120000  0.007568  0.047568  0.064865  0.044324  0.082162  0.006486  0.003243  0.011892  0.014054  0.019459  0.008649  0.048649  0.004324  0.001081  0.004324  0.004324  0.027027  0.003243  0.063784  0.172973  0.049730  0.020541  0.029189  0.031351  0.009730  0.072432  0.014054  0.045405  1.403243  0.117838  0.404324  0.000000  
0.396364  7.970909  2.520000  1.000000  0.014545  0.010909  0.000000  0.003636  0.243636  5.207273  0.160000  0.003636  0.203636  1.400000  0.240000  0.014545  0.007273  0.101818  0.003636  0.058182  0.047273  0.000000  0.003636  0.032727  0.007273  0.000000  0.025455  0.003636  0.003636  0.014545  0.000000  0.014545  0.003636  0.007273  0.003636  0.054545  0.003636  0.000000  0.000000  0.047273  0.029091  0.000000  0.036364  0.145455  0.003636  0.007273  0.010909  0.207273  0.050909  0.218182  0.018182  0.014545  0.003636  0.036364  0.654545  0.000000  
0.000000  0.000000  0.000000  0.285714  1.000000  0.000000  0.000000  0.000000  0.000000  7.214286  0.071429  0.000000  0.000000  0.285714  0.000000  0.000000  0.000000  0.000000  0.000000  0.000000  0.000000  0.000000  0.000000  0.000000  0.000000  0.000000  0.000000  0.000000  0.000000  0.000000  0.000000  0.000000  0.000000  0.000000  0.000000  0.000000  0.000000  0.000000  0.000000  0.000000  0.000000  0.000000  0.000000  0.000000  0.000000  0.000000  0.000000  0.000000  0.000000  0.000000  0.000000  0.000000  0.000000  0.000000  0.000000  0.000000  
0.719101  0.044944  0.000000  0.044944  0.000000  1.000000  0.000000  0.000000  0.000000  0.000000  0.000000  0.000000  0.000000  2.764045  0.101124  0.000000  0.000000  0.000000  0.000000  0.000000  0.000000  0.000000  0.000000  0.000000  0.000000  0.000000  0.000000  0.000000  0.000000  0.000000  0.000000  0.000000  0.000000  0.000000  0.000000  0.000000  0.000000  0.000000  0.011236  0.000000  0.022472  0.000000  0.224719  0.134831  0.000000  0.000000  0.000000  0.044944  0.000000  0.033708  0.000000  0.269663  0.000000  0.000000  0.314607  0.000000  
0.000000  0.000000  6.311475  0.000000  0.000000  0.000000  1.000000  0.000000  0.254098  0.385246  0.000000  0.000000  0.000000  0.516393  1.516393  0.000000  0.000000  0.000000  0.000000  0.000000  0.000000  0.000000  0.000000  0.000000  0.000000  0.000000  0.000000  0.000000  0.000000  0.000000  0.000000  0.000000  0.000000  0.000000  0.000000  0.000000  0.000000  0.000000  0.000000  0.000000  0.000000  0.000000  0.000000  0.000000  0.000000  0.000000  0.000000  0.000000  0.000000  0.000000  0.000000  0.000000  0.000000  0.000000  0.000000  0.000000  
0.214286  0.214286  0.000000  0.785714  0.000000  0.428571  0.000000  1.000000  0.857143  0.214286  0.214286  0.000000  0.000000  2.357143  0.928571  0.000000  0.000000  0.000000  0.000000  0.142857  0.000000  0.000000  0.000000  0.928571  0.071429  0.000000  0.071429  0.000000  0.000000  0.071429  0.000000  0.000000  0.000000  0.000000  0.000000  0.000000  0.000000  0.000000  0.000000  0.000000  0.000000  0.000000  0.071429  0.285714  0.000000  0.000000  0.000000  0.000000  0.000000  0.000000  0.000000  0.000000  0.000000  0.000000  0.071429  0.000000  
0.035176  0.026131  0.019765  0.019765  0.000335  0.001340  0.000670  0.000000  1.000000  0.156114  0.012395  0.007705  0.003350  0.073702  0.002345  0.000000  0.008375  0.021441  0.027806  0.006030  0.004020  0.000000  0.000335  0.002345  0.001675  0.001340  0.001005  0.024121  0.024456  0.011390  0.000000  0.002010  0.004020  0.003015  0.000000  0.001675  0.000000  0.000000  0.000000  0.000000  0.001340  0.000000  0.005025  0.156449  3.267337  0.005025  0.002345  0.041541  0.000335  0.078392  0.000670  0.000000  0.038191  0.021106  0.032496  0.000000  
0.019870  0.024939  0.007908  0.022303  0.000406  0.000608  0.001825  0.000406  0.040754  1.000000  0.091646  0.447689  0.024939  0.019870  0.009530  0.005069  0.000000  0.000608  0.254258  0.388078  0.393147  0.003852  0.081509  0.136050  0.018856  0.224858  0.325020  0.000406  0.000608  0.002839  0.003041  0.000203  0.000000  0.001014  0.000000  0.000203  0.001419  0.000000  0.001419  0.000000  0.000000  0.000000  0.006894  0.160989  0.294607  0.008921  0.000000  0.046026  0.002839  0.006083  0.000000  0.000000  0.000000  0.000000  0.007097  0.000000  
0.000000  0.111111  0.111111  0.349206  0.015873  0.126984  0.047619  0.000000  0.365079  0.571429  1.000000  0.095238  0.031746  0.492063  0.238095  0.206349  0.000000  0.000000  3.666667  21.682539  10.460318  0.031746  0.396825  2.761905  0.380952  0.539683  0.952381  0.015873  0.047619  0.015873  0.126984  0.000000  0.000000  0.158730  0.000000  0.000000  0.000000  0.000000  0.000000  0.000000  0.000000  0.000000  0.063492  3.587301  10.063492  0.000000  0.000000  0.587302  0.000000  0.126984  0.000000  0.000000  0.000000  0.000000  0.095238  0.000000  
0.119171  0.207254  0.176166  0.217617  0.005181  0.015544  0.015544  0.005181  0.093264  0.310881  0.108808  1.000000  0.326425  0.233161  0.051813  0.663212  0.031088  0.108808  0.979275  2.782383  2.544041  0.000000  0.253886  3.585492  0.010363  0.922280  5.248704  0.031088  0.020725  1.290155  0.041451  0.093264  0.010363  0.010363  0.010363  0.010363  0.150259  0.000000  0.000000  0.000000  0.010363  0.000000  0.134715  1.445596  1.336788  0.010363  0.000000  0.227979  0.015544  0.067358  0.000000  0.056995  0.000000  0.000000  0.036269  0.000000  
0.000000  0.044212  0.010048  0.005225  0.000000  0.000402  0.000402  0.000000  0.006833  0.040997  0.023714  0.012862  1.000000  0.170016  0.001608  0.000402  0.000000  0.000000  0.025322  0.272508  0.209405  0.005225  0.025322  0.734325  0.055466  0.059887  0.245579  0.004421  0.010852  0.001608  0.020498  0.008039  0.008441  0.017283  0.000804  0.000804  0.000000  0.000000  0.000000  0.000000  0.000000  0.000000  0.004421  0.096463  0.254019  0.001206  0.000000  0.016077  0.002010  0.004421  0.000000  0.000000  0.000000  0.009646  0.012460  0.000000  
0.120723  0.011100  0.005052  0.020516  0.000383  0.003904  0.003675  0.000612  0.021588  0.016995  0.009875  0.004517  0.005971  1.000000  0.056419  0.070887  0.015923  0.033071  0.008497  0.075098  0.092245  0.000995  0.005818  0.115287  0.006966  0.006890  0.067672  0.007732  0.026640  0.027099  0.015923  0.035750  0.055883  0.199342  0.020286  0.204471  0.001148  0.000842  0.003292  0.000842  0.002297  0.005129  0.039577  0.082064  0.086274  0.004976  0.005129  0.004134  0.001378  0.002297  0.001378  0.016306  0.000689  0.093547  0.305672  0.000000  
0.159832  0.133893  0.091360  0.019073  0.000191  0.003433  0.006294  0.000381  0.142857  0.066756  0.006294  0.002861  0.010299  0.264734  1.000000  0.010490  0.008392  0.028991  0.008583  0.078390  0.086592  0.002098  0.002861  0.042342  0.004959  0.005340  0.018882  0.005150  0.021171  0.018119  0.001717  0.011444  0.006866  0.011635  0.005340  0.035094  0.007248  0.000954  0.004578  0.007820  0.016975  0.003242  0.060080  0.113103  0.198932  0.065039  0.092504  0.052260  0.039863  0.391188  0.015449  0.015640  0.025176  0.119779  0.195499  0.000000  
0.170732  0.050998  0.064302  0.057650  0.000000  0.004435  0.000000  0.000000  0.070953  0.031042  0.028825  0.000000  0.031042  0.232816  0.039911  1.000000  0.015521  0.011086  0.059867  1.818182  3.605321  0.017738  0.024390  0.616408  0.024390  0.004435  0.257206  0.031042  0.013304  0.110865  0.039911  0.099778  0.022173  0.215078  0.197339  0.130820  0.115299  0.000000  0.000000  0.000000  0.055432  0.000000  0.077605  1.851441  0.372506  0.184035  0.301552  0.048780  0.019956  0.778270  0.028825  0.059867  0.002217  0.474501  0.394679  0.000000  
0.114583  0.072917  0.083333  0.170139  0.003472  0.006944  0.006944  0.010417  0.138889  0.048611  0.017361  0.003472  0.010417  0.319444  0.000000  0.006944  1.000000  0.072917  0.156250  0.524306  0.305556  0.010417  0.048611  0.444444  0.055556  0.017361  0.322917  0.034722  0.048611  2.940972  0.086806  0.038194  0.006944  0.048611  0.024306  0.006944  0.000000  0.000000  0.013889  0.000000  0.000000  0.003472  0.034722  2.399306  4.732639  0.013889  0.006944  0.149306  0.031250  0.170139  0.006944  0.000000  0.003472  0.069444  0.243056  0.000000  
0.036517  0.039326  0.039326  0.019663  0.000000  0.000000  0.002809  0.002809  0.064607  0.002809  0.014045  0.019663  0.022472  1.294944  0.000000  0.030899  0.179775  1.000000  0.073034  0.213483  0.103933  0.000000  0.000000  0.556180  0.014045  0.039326  0.185393  0.106742  0.089888  0.092697  0.058989  3.544944  2.955056  0.297753  0.092697  0.106742  0.025281  0.042135  0.199438  0.028090  0.078652  0.250000  0.432584  0.988764  0.292135  0.053371  0.039326  0.064607  0.014045  0.075843  0.005618  0.193820  0.000000  0.306180  0.120787  0.000000  
0.033126  0.113872  0.165631  0.093168  0.000000  0.000000  0.002070  0.000000  0.018634  0.347826  0.057971  0.006211  0.041408  0.039337  0.002070  0.000000  0.000000  0.000000  1.000000  1.536232  0.002070  0.000000  0.113872  0.041408  0.002070  0.002070  0.014493  0.000000  0.000000  0.014493  0.000000  0.000000  0.000000  0.000000  0.000000  0.000000  0.000000  0.000000  0.000000  0.000000  0.000000  0.000000  0.000000  1.420290  2.817805  0.014493  0.018634  0.488613  0.047619  0.182195  0.041408  0.028986  0.010352  0.074534  0.503106  0.000000  
0.067635  0.021919  0.035696  0.039329  0.000376  0.001628  0.001378  0.000626  0.017911  0.047219  0.017159  0.007515  0.014404  0.035696  0.008392  0.003758  0.003883  0.001503  0.085671  1.000000  0.114103  0.000376  0.042836  0.069514  0.012650  0.017285  0.024424  0.001127  0.004384  0.006263  0.000752  0.001503  0.002380  0.008267  0.002004  0.014654  0.003382  0.000125  0.000251  0.001002  0.003507  0.000877  0.009143  0.104835  0.083918  0.019915  0.020165  0.018161  0.002255  0.010897  0.001503  0.034319  0.001628  0.068262  0.052229  0.000000  
0.019848  0.003167  0.001478  0.000633  0.000000  0.000000  0.000211  0.000000  0.006546  0.007390  0.001689  0.000000  0.006546  0.004223  0.000422  0.001267  0.000633  0.000422  0.000422  0.073057  1.000000  0.000000  0.000422  0.005068  0.000422  0.001267  0.005701  0.000211  0.000211  0.001689  0.001056  0.000845  0.001689  0.000000  0.000422  0.002323  0.002323  0.000211  0.000422  0.000633  0.003801  0.001689  0.005912  0.170819  0.019215  0.049620  0.043285  0.004223  0.000845  0.124789  0.005912  0.002111  0.000845  0.034206  0.169341  0.000000  
0.000000  0.000000  0.000000  0.000000  0.000000  0.000000  0.000000  0.000000  0.000000  0.000000  0.000000  0.000000  0.000000  0.000000  0.000000  0.000000  0.000000  0.000000  0.000000  0.042254  0.000000  1.000000  0.000000  0.000000  0.000000  0.000000  0.000000  0.000000  0.000000  0.000000  0.000000  0.000000  0.000000  0.000000  0.000000  0.000000  0.000000  0.000000  0.000000  0.000000  0.000000  0.000000  0.000000  0.056338  0.000000  0.000000  0.000000  0.000000  0.000000  1.169014  0.000000  0.000000  0.000000  0.000000  15.788733  0.000000  
0.176471  0.000000  0.000000  0.000000  0.000000  0.000000  0.000000  0.000000  0.000000  0.505882  0.117647  0.023529  0.211765  0.000000  0.000000  0.000000  0.000000  0.000000  0.176471  0.694118  0.000000  0.000000  1.000000  0.000000  0.000000  0.000000  0.000000  0.000000  0.000000  0.000000  0.000000  0.000000  0.000000  0.000000  0.000000  0.000000  0.000000  0.000000  0.000000  0.000000  0.000000  0.000000  0.000000  0.047059  0.058824  0.000000  0.000000  0.023529  1.741176  0.000000  0.000000  0.000000  0.000000  0.000000  4.423530  0.000000  
0.005225  0.047567  0.014368  0.022967  0.000000  0.001088  0.000653  0.000109  0.006640  0.012627  0.002177  0.002177  0.039512  0.032873  0.003701  0.002612  0.001306  0.001959  0.016436  0.388048  0.185153  0.010014  0.027648  1.000000  0.032764  0.004572  0.045608  0.001306  0.001306  0.013062  0.001959  0.001742  0.001415  0.009796  0.000653  0.004027  0.000653  0.000218  0.000109  0.000435  0.001742  0.000544  0.006313  0.114945  0.163274  0.019375  0.019811  0.020573  0.001959  0.019702  0.063133  0.023294  0.016327  0.106019  0.183738  0.000000  
0.000000  0.168776  0.164557  0.042194  0.000000  0.000000  0.000000  0.000000  0.016878  0.033755  0.037975  0.008439  0.029536  0.113924  0.033755  0.037975  0.000000  0.021097  0.042194  0.611814  1.312236  0.025316  0.097046  0.708861  1.000000  0.037975  0.206751  0.000000  0.000000  0.000000  0.097046  0.012658  0.021097  0.054852  0.000000  0.012658  0.000000  0.000000  0.000000  0.000000  0.000000  0.000000  0.000000  0.295359  0.016878  0.147679  0.147679  0.067511  0.029536  0.067511  0.000000  0.075949  0.016878  0.556962  1.679325  0.000000  
0.424419  0.389535  0.430233  1.290698  0.005814  0.023256  0.116279  0.005814  0.290698  0.215116  0.040698  0.116279  0.052326  0.575581  0.093023  0.011628  0.029070  0.011628  0.924419  3.988372  7.750000  0.093023  0.168605  4.936047  0.406977  1.000000  1.819767  0.000000  0.011628  0.023256  0.063953  0.000000  0.000000  0.011628  0.052326  0.011628  0.000000  0.000000  0.000000  0.000000  0.000000  0.000000  0.000000  1.703488  0.750000  0.052326  0.023256  0.174419  0.046512  0.232558  0.011628  0.156977  0.180233  0.127907  1.284884  0.000000  
0.064787  0.081555  0.066311  0.035061  0.000762  0.004573  0.006860  0.002287  0.056402  0.105945  0.086890  0.016006  0.108232  0.564787  0.054116  0.211128  0.017530  0.022866  0.034299  0.173780  0.985518  0.005335  0.020579  0.580031  0.041921  0.033537  1.000000  0.011433  0.081555  0.485518  0.022104  0.064787  0.028201  0.128811  0.078506  0.091463  0.097561  0.000762  0.025915  0.007622  0.063262  0.029726  0.383384  0.712652  0.781250  0.107470  0.105945  0.032774  0.013720  0.097561  0.010671  0.055640  0.007622  0.432927  0.236280  0.000000  
0.000000  1.454545  1.272727  0.090909  0.000000  0.000000  0.000000  0.000000  4.727273  1.727273  0.636364  0.000000  1.000000  3.000000  0.090909  0.000000  0.000000  0.000000  1.000000  2.636364  2.636364  0.000000  0.090909  8.636364  0.181818  0.818182  0.363636  1.000000  5.454545  1.000000  0.000000  1.363636  0.000000  0.090909  0.545455  0.090909  0.090909  0.000000  0.000000  0.000000  0.545455  0.363636  3.727273  5.000000  28.090910  0.000000  0.000000  0.363636  0.363636  0.454545  0.090909  1.727273  0.454545  3.090909  0.818182  0.000000  
0.034335  0.006438  0.006438  0.000000  0.000000  0.000000  0.000000  0.000000  0.027897  0.017167  0.010730  0.000000  0.002146  0.454936  0.002146  0.000000  0.000000  0.000000  0.079399  0.079399  0.708154  0.004292  0.002146  0.731760  0.152361  0.000000  0.137339  0.042918  1.000000  0.173820  0.002146  0.017167  0.000000  0.004292  0.000000  0.015021  0.000000  0.000000  0.006438  0.000000  0.212446  0.015021  0.796137  0.643777  0.697425  0.000000  0.000000  0.006438  0.006438  0.021459  0.000000  0.068670  0.010730  0.251073  0.133047  0.000000  
0.101377  0.027534  0.022528  0.021277  0.000000  0.010013  0.000000  0.002503  0.053817  0.007509  0.015019  0.012516  0.010013  0.138924  0.002503  0.027534  0.036295  0.018773  0.032541  0.126408  0.048811  0.002503  0.003755  0.345432  0.016270  0.016270  0.125156  0.005006  0.048811  1.000000  0.021277  0.021277  0.011264  0.038798  0.022528  0.050063  0.106383  0.001252  0.000000  0.005006  0.007509  0.017522  0.025031  1.241552  1.201502  0.175219  0.217772  0.047559  0.015019  0.041302  0.046308  0.141427  0.050063  0.591990  0.325407  0.000000  
0.000000  0.000000  0.000000  0.000000  0.000000  0.000000  0.000000  0.000000  0.000000  0.000000  0.000000  0.000000  0.000000  0.000000  0.000000  0.000000  0.000000  0.000000  0.000000  1.000000  0.000000  0.000000  0.000000  0.000000  4.666667  0.000000  8.000000  0.000000  0.000000  1.000000  1.000000  0.666667  0.000000  0.000000  0.333333  0.333333  0.333333  0.000000  0.000000  0.000000  0.000000  1.000000  0.666667  3.333333  0.000000  0.333333  0.333333  0.333333  0.333333  0.000000  0.333333  0.000000  0.000000  6.000000  6.666667  0.000000  
0.034884  0.069767  0.054264  0.027132  0.000000  0.023256  0.003876  0.007752  0.542636  0.034884  0.042636  0.031008  0.031008  2.705426  0.081395  0.310078  0.034884  0.197674  0.054264  0.220930  0.186047  0.000000  0.007752  0.926357  0.127907  0.069767  0.515504  0.120155  0.368217  0.224806  0.096899  1.000000  0.263566  0.488372  0.120155  0.713178  0.368217  0.120155  0.151163  0.073643  0.139535  0.329457  2.333333  2.771318  0.313953  0.724806  0.391473  0.089147  0.062016  0.263566  0.034884  0.329457  0.031008  0.732558  0.992248  0.000000  
0.000000  0.373333  0.240000  0.004444  0.000000  0.008889  0.004444  0.000000  0.128889  0.142222  0.133333  0.044444  0.053333  0.533333  0.022222  0.080000  0.057778  0.115556  0.160000  0.662222  0.142222  0.004444  0.031111  0.808889  0.088889  0.088889  0.244444  0.080000  0.044444  0.115556  0.031111  0.222222  1.000000  0.182222  0.048889  0.146667  0.155556  0.026667  0.008889  0.022222  0.088889  0.013333  0.755556  0.928889  0.777778  0.724444  0.288889  0.137778  0.066667  0.568889  0.582222  2.204444  0.097778  8.675555  3.426667  0.000000  
0.184492  0.042781  0.050802  0.114973  0.000000  0.010695  0.000000  0.002674  0.157754  0.117647  0.045455  0.005348  0.069519  1.860963  0.149733  0.163102  0.098930  0.082888  0.465241  1.414438  1.491979  0.018717  0.053476  1.794118  0.828877  0.010695  0.791444  0.042781  0.184492  1.628342  0.189840  0.288770  0.090909  1.000000  0.716578  0.131016  0.355615  0.000000  0.053476  0.000000  0.090909  0.090909  0.759358  2.205882  2.254011  0.588235  0.211230  0.013369  0.048128  0.200535  0.010695  0.064171  0.000000  0.836898  0.326203  0.000000  
0.000000  0.008333  0.011667  0.006667  0.000000  0.000000  0.000000  0.000000  0.005000  0.001667  0.000000  0.000000  0.003333  0.000000  0.001667  0.016667  0.013333  0.000000  0.016667  0.093333  0.046667  0.001667  0.003333  0.016667  0.028333  0.000000  0.015000  0.000000  0.003333  0.078333  0.010000  0.013333  0.001667  0.011667  1.000000  0.033333  0.051667  0.000000  0.000000  0.000000  0.000000  0.000000  0.000000  0.716667  0.005000  0.001667  0.000000  0.005000  0.003333  0.030000  0.001667  0.015000  0.001667  0.056667  0.156667  0.000000  
0.022358  0.006122  0.004259  0.000000  0.000000  0.000000  0.000000  0.000266  0.002129  0.003460  0.002396  0.001065  0.001597  0.058025  0.000532  0.129092  0.002396  0.016503  0.006388  0.007453  0.128826  0.000799  0.004525  0.039925  0.002129  0.001863  0.022624  0.003460  0.000532  0.119244  0.010647  0.018100  0.010114  0.106734  0.030876  1.000000  1.081714  0.001597  0.000799  0.000532  0.005323  0.000532  0.009316  0.358531  0.003993  0.014107  0.015172  0.001863  0.004259  0.009316  0.005590  0.003726  0.010647  0.016503  0.093692  0.000000  
0.115942  0.115942  0.130435  0.289855  0.000000  0.000000  0.014493  0.000000  0.246377  0.057971  0.043478  0.043478  0.028986  0.811594  0.000000  0.000000  0.000000  0.000000  0.000000  0.000000  0.057971  0.000000  0.014493  0.159420  0.086957  0.086957  0.173913  0.057971  0.072464  0.101449  0.000000  0.000000  0.000000  0.231884  0.072464  0.347826  1.000000  0.000000  0.000000  0.000000  0.000000  0.028986  0.072464  0.623188  0.710145  1.000000  2.347826  0.246377  0.623188  1.304348  0.231884  0.188406  0.072464  5.028986  4.333333  0.000000  
0.239130  0.021739  0.000000  0.000000  0.000000  0.000000  0.000000  0.000000  0.021739  0.021739  0.000000  0.000000  0.000000  0.043478  0.000000  0.000000  0.000000  0.000000  0.021739  0.065217  0.043478  0.000000  0.000000  0.065217  0.021739  0.000000  0.021739  0.000000  0.000000  0.021739  0.000000  0.021739  0.021739  0.021739  0.000000  0.021739  0.021739  1.000000  0.021739  0.000000  0.021739  0.000000  11.739130  16.239130  0.000000  0.021739  0.021739  0.000000  0.021739  0.021739  0.000000  0.630435  0.000000  1.652174  1.326087  0.000000  
0.385455  0.001818  0.000000  0.000000  0.000000  0.000000  0.000000  0.000000  0.001818  0.001818  0.000000  0.000000  0.000000  0.560000  0.000000  0.000000  0.000000  0.000000  0.001818  0.005455  0.003636  0.000000  0.000000  0.005455  0.001818  0.000000  0.001818  0.000000  0.000000  0.001818  0.000000  0.001818  0.001818  0.001818  0.000000  0.032727  0.001818  0.018182  1.000000  0.001818  0.010909  0.000000  0.689091  0.516364  0.000000  0.001818  0.001818  0.000000  0.001818  0.001818  0.000000  0.070909  0.000000  0.227273  0.158182  0.000000  
0.836364  0.009091  0.000000  0.000000  0.000000  0.000000  0.000000  0.000000  0.009091  0.009091  0.000000  0.000000  0.000000  0.227273  0.000000  0.000000  0.000000  0.000000  0.009091  0.027273  0.018182  0.000000  0.000000  0.027273  0.009091  0.000000  0.009091  0.000000  0.000000  0.009091  0.000000  0.009091  0.009091  0.009091  0.000000  0.009091  0.009091  0.036364  0.000000  1.000000  0.518182  0.000000  3.736364  1.481818  0.000000  0.009091  0.009091  0.000000  0.009091  0.009091  0.000000  0.018182  0.000000  0.881818  0.790909  0.000000  
0.053022  0.004242  0.003181  0.001060  0.000000  0.000000  0.000000  0.000000  0.004242  0.007423  0.002121  0.001060  0.002121  0.012725  0.001060  0.003181  0.001060  0.001060  0.004242  0.024390  0.013786  0.001060  0.001060  0.040297  0.003181  0.003181  0.008484  0.001060  0.002121  0.004242  0.001060  0.002121  0.004242  0.004242  0.002121  0.009544  0.007423  0.000000  0.000000  0.000000  1.000000  0.001060  0.021209  0.142100  0.013786  0.048780  0.048780  0.000000  0.006363  0.010604  0.001060  0.010604  0.003181  3.213150  0.020148  0.000000  
0.000000  0.035928  0.017964  0.011976  0.000000  0.000000  0.000000  0.000000  0.029940  0.053892  0.017964  0.011976  0.017964  0.101796  0.005988  0.023952  0.005988  0.011976  0.035928  0.191617  0.101796  0.005988  0.011976  0.281437  0.023952  0.017964  0.065868  0.011976  0.011976  0.035928  0.011976  0.017964  0.029940  0.023952  0.017964  0.071856  0.053892  0.000000  0.000000  0.000000  0.011976  1.000000  0.089820  0.377246  0.053892  0.730539  0.431138  0.000000  0.035928  0.053892  0.000000  0.083832  0.017964  15.083833  0.011976  0.000000  
0.477388  0.003241  0.002161  0.001080  0.000000  0.000000  0.000309  0.000000  0.002933  0.005556  0.001852  0.001080  0.001852  0.089366  0.000617  0.002315  0.000772  0.001080  0.003396  0.019293  0.010495  0.000772  0.001235  0.018213  0.002470  0.002161  0.006328  0.001235  0.001543  0.003396  0.000772  0.016206  0.002933  0.002624  0.001852  0.007254  0.005402  0.006174  0.052477  0.010032  0.028245  0.002470  1.000000  0.730360  0.006946  0.008026  0.008026  0.000154  0.002933  0.004322  0.000617  0.060812  0.002006  0.475999  0.094305  0.000000  
0.136909  0.024872  0.020875  0.023096  0.000111  0.000888  0.000777  0.000222  0.049300  0.024761  0.004775  0.004330  0.016100  0.107595  0.001777  0.016767  0.008550  0.005885  0.020986  0.209416  0.096269  0.001777  0.006662  0.159227  0.037531  0.019098  0.085165  0.003109  0.010771  0.063180  0.007328  0.007995  0.012214  0.015545  0.017211  0.037975  0.035643  0.003997  0.016322  0.002887  0.019209  0.002887  0.397846  1.000000  0.286476  0.054075  0.061959  0.014435  0.003220  0.052743  0.006551  0.048190  0.200422  0.329003  0.158783  0.000000  
0.087060  0.034032  0.030075  0.041947  0.000396  0.004749  0.002374  0.000791  0.031658  0.020182  0.005936  0.002374  0.004749  0.019786  0.004749  0.003957  0.003166  0.004353  0.017808  0.020182  0.072022  0.000000  0.002374  0.020182  0.004749  0.004749  0.008706  0.001583  0.002770  0.005540  0.000791  0.001979  0.005144  0.003166  0.002374  0.009102  0.004353  0.000396  0.000791  0.000791  0.004353  0.001583  0.008706  0.057380  1.000000  0.130590  0.102889  0.064503  0.009497  0.053027  0.051444  0.028492  1.349030  0.213692  1.396913  0.000000  
0.492476  0.114911  0.101915  0.139535  0.000684  0.019836  0.004788  0.000000  0.281806  0.373461  0.080711  0.093023  0.230506  1.564296  0.846101  0.134063  0.111491  0.100547  0.208618  1.344049  0.541040  0.006840  0.060192  0.931601  0.152531  0.125855  0.546512  0.025308  0.119015  0.370041  0.074555  0.152531  0.166895  0.158003  0.119699  0.488372  0.268810  0.032832  0.082763  0.041040  0.112859  0.049248  1.064296  1.748974  1.122435  1.000000  6.179206  0.088235  0.030096  0.252394  0.015048  0.161423  0.016416  0.547196  1.575239  0.000000  
0.187000  0.018000  0.016000  0.007000  0.000000  0.002000  0.000000  0.000000  0.029000  0.010000  0.005000  0.000000  0.000000  0.075000  0.007000  0.009000  0.005000  0.006000  0.008000  0.147000  0.080000  0.000000  0.004000  0.082000  0.002000  0.002000  0.015000  0.001000  0.003000  0.013000  0.006000  0.009000  0.006000  0.011000  0.009000  0.033000  0.020000  0.001000  0.004000  0.004000  0.010000  0.004000  0.065000  0.939000  0.247000  0.226000  1.000000  0.016000  0.009000  0.342000  0.003000  0.361000  0.006000  0.835000  2.075000  0.000000  
6.066667  10.266666  2.666667  8.266666  0.333333  0.533333  0.200000  0.133333  7.266667  30.266666  1.466667  2.666667  1.866667  16.000000  13.733334  1.266667  2.000000  2.266667  2.800000  11.200000  7.800000  0.200000  0.666667  7.666667  0.800000  2.333333  4.933333  0.533333  1.133333  3.133333  0.400000  2.133333  2.266667  2.200000  0.666667  3.266667  1.333333  0.400000  1.600000  1.000000  1.200000  0.666667  9.066667  15.400000  16.600000  69.533333  20.333334  1.000000  1.733333  91.333336  13.400000  2.333333  0.533333  12.000000  38.733334  0.000000  
0.034156  0.018975  0.007590  0.028463  0.005693  0.007590  0.005693  0.003795  0.064516  0.115750  0.005693  0.013283  0.015180  0.222011  0.233397  0.009488  0.017078  0.020873  0.015180  0.047438  0.047438  0.000000  0.022770  0.034156  0.003795  0.005693  0.020873  0.003795  0.007590  0.013283  0.003795  0.015180  0.015180  0.009488  0.005693  0.026565  0.007590  0.007590  0.009488  0.005693  0.003795  0.003795  0.053131  0.074004  0.110057  0.379507  0.075901  0.009488  1.000000  2.191651  0.003795  0.017078  0.003795  0.034156  0.161290  0.000000  
0.055175  0.031437  0.010693  0.040419  0.001283  0.011548  0.002352  0.001711  0.275449  0.106287  0.006630  0.015825  0.030582  0.143285  0.134944  0.012831  0.028229  0.029726  0.014328  0.076989  0.065227  0.001283  0.004277  0.061163  0.007913  0.012618  0.068221  0.007699  0.013901  0.048760  0.007485  0.029940  0.023524  0.018178  0.004919  0.034859  0.010265  0.004491  0.013901  0.008127  0.012618  0.004705  0.144140  0.155902  0.277588  0.651839  0.182421  0.051540  0.029085  1.000000  0.020103  0.014970  0.004277  0.071001  0.209153  0.000000  
99.000000  65.000000  21.000000  30.000000  1.000000  2.000000  3.000000  1.000000  64.000000  66.000000  13.000000  14.000000  34.000000  325.000000  54.000000  41.000000  16.000000  13.000000  42.000000  352.000000  80.000000  5.000000  9.000000  358.000000  56.000000  27.000000  87.000000  4.000000  17.000000  34.000000  14.000000  38.000000  157.000000  73.000000  27.000000  87.000000  80.000000  9.000000  13.000000  6.000000  24.000000  24.000000  133.000000  561.000000  241.000000  1624.000000  1111.000000  27.000000  80.000000  322.000000  0.000000  538.000000  17.000000  1392.000000  1183.000000  0.000000  
0.351675  0.036502  0.017706  0.029147  0.000272  0.001362  0.005993  0.000272  0.018251  0.043857  0.007355  0.007355  0.010896  0.051212  0.011169  0.007083  0.003814  0.006810  0.010896  0.097249  0.112503  0.001907  0.003814  0.052302  0.007355  0.007083  0.017706  0.003814  0.006538  0.014437  0.002996  0.007355  0.010896  0.007355  0.010624  0.043857  0.022065  0.001907  0.003814  0.002179  0.022065  0.007627  0.141106  0.218469  0.095887  0.262599  0.185508  0.124217  0.026968  0.122855  0.075184  1.000000  0.484337  0.158540  0.605557  0.000000  
0.000000  0.000000  0.000000  0.000000  0.000000  0.000000  0.000000  0.000000  0.000000  0.000000  0.000000  0.000000  0.000000  0.000000  0.000000  0.000000  0.000000  0.000000  0.000000  0.000000  0.000000  0.000000  0.000000  0.000000  0.000000  0.000000  0.000000  0.000000  0.000000  0.000000  0.000000  0.000000  0.000000  0.000000  0.000000  0.000000  0.000000  0.000000  0.000000  0.000000  0.000000  0.000000  0.000000  0.000000  0.000000  0.000000  0.000000  0.000000  0.000000  0.000000  0.000000  0.000000  0.000000  37.000000  0.000000  0.000000  
0.017992  0.028555  0.022287  0.025189  0.000116  0.001161  0.001045  0.000232  0.043297  0.045038  0.010215  0.012536  0.026117  0.310853  0.038537  0.022867  0.003366  0.003366  0.024260  0.137203  0.076843  0.001625  0.004759  0.161695  0.016135  0.014626  0.047707  0.002786  0.011376  0.019733  0.002438  0.017411  0.047127  0.029716  0.011492  0.045502  0.043645  0.004179  0.007545  0.006849  0.012072  0.021822  0.072548  0.209750  0.046779  0.134417  0.162159  0.012652  0.005107  0.061172  0.011143  0.267905  0.137203  1.000000  1.692745  0.000000  
0.007067  0.001701  0.000642  0.001474  0.000038  0.000265  0.000302  0.000113  0.001512  0.001776  0.000340  0.000491  0.000378  0.003250  0.001209  0.000567  0.000265  0.000340  0.000567  0.004082  0.002608  0.000113  0.000454  0.003137  0.000340  0.000567  0.002457  0.000189  0.000378  0.000907  0.000265  0.000605  0.000831  0.000756  0.000340  0.001398  0.001058  0.000302  0.000605  0.000302  0.000567  0.000529  0.009562  0.005442  0.009108  0.006387  0.008995  0.001663  0.002570  0.004460  0.000227  0.003099  0.040816  0.020635  1.000000  0.000000  
0.000000  0.000000  0.000000  0.000000  0.000000  0.000000  0.000000  0.000000  0.000000  0.000000  0.000000  0.000000  0.000000  0.000000  0.000000  0.000000  0.000000  0.000000  0.000000  0.000000  0.000000  0.000000  0.000000  0.000000  0.000000  0.000000  0.000000  0.000000  0.000000  0.000000  0.000000  0.000000  0.000000  0.000000  0.000000  0.000000  0.000000  0.000000  0.000000  0.000000  0.000000  0.000000  0.000000  0.000000  0.000000  0.000000  0.000000  0.000000  0.000000  0.000000  0.000000  0.000000  0.000000  0.000000  0.000000  0.000000  
0.001492  0.000422  0.001037  0.001902  0.008432  0.003344  0.002856  0.008432  0.000577  0.000449  0.003975  0.002271  0.000632  0.000276  0.000436  0.001486  0.001859  0.001672  0.001435  0.000353  0.000458  0.003744  0.003422  0.000329  0.002049  0.002406  0.000871  0.009512  0.001461  0.001116  0.018214  0.001964  0.002103  0.001631  0.001288  0.000515  0.003798  0.004651  0.001345  0.003008  0.001027  0.002441  0.000392  0.000332  0.000628  0.000825  0.000998  0.008146  0.001374  0.000461  0.031548  0.000521  0.031548  0.000340  0.000194  0.031548  