1.000000  0.039735  0.033113  0.231788  0.000000  0.000000  0.000000  0.000000  0.059603  0.092715  0.046358  0.013245  0.033113  1.000000  0.013245  0.033113  6.629139  1.026490  0.059603  0.238411  0.092715  0.000000  0.033113  0.158940  0.046358  0.033113  0.105960  0.033113  0.019868  1.039735  0.013245  0.019868  0.039735  0.006623  1.529801  0.225166  0.079470  6.953642  0.417219  4.668874  2.019868  0.609272  32.960266  41.231789  0.476821  0.993378  0.231788  0.046358  0.039735  0.033113  0.000000  2.364239  0.033113  1.741722  1.238411  0.000000  
0.187335  1.000000  0.001759  0.075638  0.014072  0.005277  0.017590  0.007036  0.135444  0.150396  0.035180  0.029903  0.128408  0.274406  0.019349  0.023747  0.017590  0.045734  0.021988  0.114336  0.033421  0.000000  0.021988  0.068602  0.014952  0.028144  0.043975  0.017590  0.021108  0.019349  0.001759  0.007916  0.021108  0.007916  0.012313  0.115215  0.016711  0.015831  0.007036  0.000880  0.029903  0.002639  0.072120  0.211961  0.049252  0.032542  0.048373  0.063325  0.012313  0.058927  0.006157  0.010554  0.043975  0.068602  0.256816  0.000000  
0.073298  1.397906  1.000000  0.743455  0.005236  0.005236  0.005236  0.026178  0.057592  1.680628  0.167539  0.136126  0.198953  1.146597  0.340314  0.010471  0.010471  0.015707  0.057592  0.308901  0.157068  0.000000  0.015707  0.109948  0.026178  0.167539  0.178010  0.026178  0.209424  0.005236  0.010471  0.010471  0.015707  0.005236  0.010471  0.062827  0.015707  0.000000  0.005236  0.005236  0.052356  0.000000  0.104712  0.623037  0.225131  0.151832  0.167539  0.120419  0.026178  0.094241  0.010471  0.057592  1.225131  0.282723  1.204188  0.000000  
0.226776  2.677596  2.920765  1.000000  0.065574  0.087432  0.016393  0.013661  0.896175  2.915301  0.240437  0.027322  0.226776  2.008197  0.204918  0.068306  0.016393  0.314208  0.027322  0.172131  0.081967  0.000000  0.013661  0.087432  0.013661  0.046448  0.065574  0.068306  0.098361  0.027322  0.002732  0.024590  0.019126  0.010929  0.046448  0.374317  0.030055  0.024590  0.051913  0.180328  0.109290  0.005464  0.210383  0.445355  0.019126  0.054645  0.103825  1.704918  0.180328  0.065574  0.043716  0.032787  0.010929  0.155738  1.005464  0.000000  
0.000000  0.000000  0.000000  22.000000  1.000000  0.000000  0.000000  0.000000  0.000000  203.000000  14.000000  3.000000  10.000000  6.000000  0.000000  0.000000  0.000000  0.000000  0.000000  0.000000  0.000000  0.000000  0.000000  0.000000  0.000000  0.000000  0.000000  0.000000  0.000000  0.000000  0.000000  0.000000  0.000000  0.000000  0.000000  0.000000  0.000000  0.000000  0.000000  0.000000  0.000000  0.000000  0.000000  0.000000  0.000000  0.000000  0.000000  0.000000  0.000000  0.000000  0.000000  0.000000  0.000000  0.000000  1.000000  0.000000  
78.500000  0.000000  0.000000  0.000000  0.000000  1.000000  0.000000  0.000000  0.000000  0.500000  0.000000  0.000000  0.000000  50.500000  0.000000  0.000000  0.000000  0.000000  0.000000  0.000000  0.000000  0.000000  0.000000  0.000000  0.000000  0.000000  0.000000  0.000000  0.000000  0.000000  0.000000  0.000000  0.000000  0.000000  0.000000  0.000000  0.000000  0.000000  0.500000  0.000000  0.500000  0.000000  3.000000  0.500000  0.500000  0.500000  0.000000  0.000000  0.000000  0.000000  0.000000  1.000000  0.000000  1.000000  8.500000  0.000000  
0.061538  0.092308  0.030769  0.061538  0.000000  0.000000  1.000000  0.000000  0.123077  0.061538  0.015385  0.000000  0.000000  0.446154  6.215384  0.015385  0.015385  0.015385  0.015385  0.046154  0.061538  0.000000  0.000000  0.015385  0.015385  0.015385  0.030769  0.000000  0.015385  0.015385  0.000000  0.000000  0.000000  0.000000  0.000000  0.030769  0.000000  0.000000  0.000000  0.000000  0.015385  0.000000  0.046154  0.230769  0.215385  0.400000  0.353846  0.030769  0.276923  0.784615  0.015385  0.015385  0.000000  0.215385  0.230769  0.000000  
0.000000  2.500000  0.000000  19.500000  1.000000  0.000000  0.000000  1.000000  1.500000  3.000000  0.000000  0.000000  0.000000  11.500000  0.000000  0.000000  0.000000  0.000000  0.000000  0.000000  0.000000  0.000000  0.000000  0.000000  0.000000  0.000000  0.000000  0.000000  0.000000  0.000000  0.000000  0.000000  0.000000  0.000000  0.000000  0.000000  0.000000  0.000000  0.000000  0.000000  0.000000  0.000000  0.000000  0.500000  0.000000  1.000000  0.000000  0.000000  0.000000  0.000000  0.000000  0.000000  0.000000  0.000000  1.000000  0.000000  
0.101083  0.041516  0.023466  0.211191  0.009025  0.003610  0.003610  0.003610  1.000000  0.460289  0.055957  0.023466  0.014440  0.205776  0.003610  0.009025  0.000000  0.064982  0.001805  0.009025  0.003610  0.000000  0.009025  0.030686  0.001805  0.001805  0.036101  0.133574  0.068592  0.003610  0.005415  0.016245  0.001805  0.000000  0.000000  0.003610  0.001805  0.000000  0.000000  0.000000  0.001805  0.000000  0.010830  0.397112  4.682311  0.113718  0.000000  0.030686  0.000000  0.037906  0.003610  0.000000  0.003610  0.028881  0.066787  0.000000  
0.019776  0.013758  0.000860  0.083405  0.003009  0.002580  0.006879  0.001720  0.011608  1.000000  0.149183  0.375322  0.030095  0.052021  0.005159  0.000000  0.000000  0.000000  0.314703  0.464316  0.233878  0.000430  0.123818  0.175838  0.013758  0.192605  0.354256  0.000860  0.000430  0.000860  0.003009  0.000000  0.000000  0.000000  0.000000  0.000000  0.000430  0.000000  0.000860  0.000000  0.000000  0.000000  0.005159  0.144884  0.317713  0.013328  0.000000  0.113929  0.002580  0.004299  0.001290  0.000000  0.000000  0.000000  0.006019  0.000000  
0.000000  0.030303  0.010101  0.525253  0.010101  0.030303  0.010101  0.000000  0.080808  0.575758  1.000000  0.030303  0.050505  0.343434  0.050505  0.050505  0.000000  0.000000  2.060606  9.828282  2.000000  0.000000  0.272727  1.666667  0.202020  0.202020  1.090909  0.030303  0.000000  0.030303  0.030303  0.000000  0.000000  0.000000  0.000000  0.000000  0.000000  0.000000  0.000000  0.000000  0.000000  0.000000  0.040404  1.404040  3.545455  0.242424  0.000000  0.202020  0.000000  0.030303  0.010101  0.000000  0.000000  0.000000  0.080808  0.000000  
0.122222  0.061111  0.044444  0.372222  0.005556  0.016667  0.022222  0.011111  0.016667  0.422222  0.055556  1.000000  0.227778  0.150000  0.038889  0.027778  0.005556  0.122222  0.355556  1.105556  0.638889  0.000000  0.494444  0.561111  0.061111  0.816667  1.533333  0.016667  0.027778  0.177778  0.055556  0.027778  0.000000  0.000000  0.072222  0.000000  0.061111  0.000000  0.000000  0.000000  0.000000  0.000000  0.072222  0.411111  0.383333  0.072222  0.000000  0.111111  0.005556  0.011111  0.005556  0.005556  0.000000  0.000000  0.044444  0.000000  
0.000000  0.011043  0.007362  0.053988  0.002454  0.000000  0.000000  0.000000  0.006135  0.127607  0.041718  0.023313  1.000000  0.277301  0.002454  0.000000  0.000000  0.001227  0.019632  0.236810  0.101840  0.000000  0.023313  0.665031  0.066258  0.078528  0.295706  0.006135  0.003681  0.001227  0.049080  0.000000  0.007362  0.000000  0.000000  0.000000  0.000000  0.000000  0.000000  0.000000  0.000000  0.000000  0.006135  0.072393  0.033129  0.015951  0.000000  0.030675  0.001227  0.003681  0.001227  0.000000  0.000000  0.011043  0.009816  0.000000  
0.305062  0.008664  0.000912  0.073415  0.005472  0.009120  0.022344  0.000912  0.011856  0.036024  0.031464  0.008208  0.036480  1.000000  0.113543  0.081167  0.016872  0.034200  0.009120  0.067031  0.073415  0.000000  0.009576  0.128135  0.006840  0.004104  0.054720  0.021432  0.027360  0.043776  0.017784  0.021432  0.037848  0.086639  0.047880  0.501596  0.001368  0.000456  0.002280  0.000912  0.001368  0.012312  0.017328  0.120383  0.184679  0.038304  0.006840  0.012312  0.004104  0.004560  0.004560  0.010944  0.000912  0.169175  0.225262  0.000000  
0.388805  0.146747  0.063540  0.033283  0.001513  0.003026  0.059002  0.001513  0.075643  0.074130  0.015129  0.003026  0.012103  0.258699  1.000000  0.018154  0.018154  0.018154  0.006051  0.051437  0.081694  0.000000  0.003026  0.025719  0.004539  0.010590  0.034796  0.004539  0.015129  0.027231  0.003026  0.007564  0.016641  0.004539  0.012103  0.077156  0.016641  0.009077  0.007564  0.004539  0.024206  0.006051  0.055976  0.169440  0.320726  0.346445  0.320726  0.046899  0.190620  0.468986  0.034796  0.019667  0.004539  0.279879  0.263238  0.000000  
0.600000  0.133333  0.106667  0.066667  0.000000  0.000000  0.000000  0.000000  0.066667  0.146667  0.106667  0.026667  0.026667  0.346667  0.080000  1.000000  0.013333  0.013333  0.520000  2.706667  4.680000  0.000000  0.133333  0.520000  0.013333  0.013333  0.320000  0.026667  0.026667  0.120000  0.026667  0.026667  0.040000  0.053333  1.213333  0.053333  0.293333  0.000000  0.000000  0.000000  0.053333  0.000000  0.346667  3.226667  0.573333  0.413333  0.360000  0.040000  0.040000  0.413333  0.026667  0.066667  0.026667  1.306667  0.373333  0.000000  
0.161765  0.022059  0.014706  1.808824  0.036765  0.014706  0.058824  0.029412  0.205882  0.022059  0.000000  0.022059  0.000000  0.132353  0.000000  0.000000  1.000000  1.147059  0.110294  0.345588  0.235294  0.000000  0.117647  0.022059  0.007353  0.080882  0.117647  0.000000  0.022059  2.610294  0.250000  0.036765  0.029412  0.000000  0.022059  0.000000  0.000000  0.000000  0.007353  0.000000  0.000000  0.007353  0.014706  1.992647  4.433824  0.117647  0.022059  0.411765  0.022059  0.102941  0.014706  0.000000  0.000000  0.110294  0.316176  0.000000  
0.033742  0.015337  0.009202  0.052147  0.000000  0.000000  0.000000  0.000000  0.021472  0.015337  0.006135  0.003067  0.003067  0.245399  0.000000  0.012270  0.015337  1.000000  0.009202  0.036810  0.030675  0.000000  0.006135  0.061350  0.009202  0.006135  0.027607  0.021472  0.006135  0.033742  0.009202  2.141104  1.944785  0.006135  0.009202  0.024540  0.030675  0.018405  0.018405  0.012270  0.015337  0.116564  0.110429  0.726994  0.061350  0.141104  0.147239  0.018405  0.003067  0.024540  0.006135  0.033742  0.000000  0.300613  0.036810  0.000000  
0.059880  0.149701  0.083832  0.275449  0.000000  0.000000  0.000000  0.000000  0.017964  0.520958  0.095808  0.023952  0.053892  0.047904  0.000000  0.000000  0.000000  0.000000  1.000000  3.706587  0.077844  0.000000  0.101796  0.137725  0.059880  0.017964  0.041916  0.000000  0.000000  0.000000  0.000000  0.000000  0.000000  0.000000  0.000000  0.000000  0.000000  0.000000  0.000000  0.000000  0.000000  0.000000  0.000000  0.431138  0.389222  0.047904  0.071856  0.209581  0.059880  0.161677  0.071856  0.029940  0.000000  0.077844  0.287425  0.000000  
0.117289  0.029627  0.057224  0.128653  0.001218  0.000406  0.002029  0.001623  0.018669  0.056006  0.021916  0.007305  0.038149  0.040179  0.009740  0.003247  0.004464  0.005682  0.077516  1.000000  0.095779  0.000406  0.065747  0.108766  0.029221  0.019886  0.033685  0.001623  0.001218  0.006494  0.001623  0.002029  0.003247  0.002435  0.005682  0.025568  0.004058  0.001218  0.001623  0.002435  0.004058  0.002029  0.012581  0.133929  0.075081  0.058036  0.023945  0.013393  0.003653  0.014610  0.003653  0.025974  0.002029  0.094968  0.081575  0.000000  
0.069492  0.016949  0.000000  0.001695  0.000000  0.000000  0.000000  0.000000  0.011864  0.033898  0.010169  0.000000  0.008475  0.010169  0.000000  0.003390  0.008475  0.003390  0.003390  0.010169  1.000000  0.000000  0.000000  0.005085  0.001695  0.003390  0.008475  0.000000  0.000000  0.006780  0.000000  0.001695  0.005085  0.000000  0.003390  0.010169  0.005085  0.005085  0.001695  0.000000  0.008475  0.003390  0.023729  0.113559  0.079661  0.177966  0.179661  0.003390  0.001695  0.215254  0.003390  0.003390  0.000000  0.079661  0.481356  0.000000  
0.000000  0.000000  0.000000  0.000000  0.000000  0.000000  0.000000  0.000000  0.000000  0.000000  0.000000  0.000000  0.000000  0.000000  0.000000  0.000000  0.000000  0.000000  0.000000  0.000000  0.000000  1.000000  0.000000  0.000000  0.000000  0.000000  0.000000  0.000000  0.000000  0.000000  0.000000  0.000000  0.000000  0.000000  0.000000  0.000000  0.000000  0.000000  0.000000  0.000000  0.000000  0.000000  0.000000  0.000000  0.000000  0.000000  0.000000  0.000000  0.000000  2.000000  0.000000  0.000000  0.000000  0.000000  2.000000  0.000000  
0.135135  0.000000  0.000000  0.000000  0.000000  0.000000  0.000000  0.000000  0.000000  0.608108  0.067568  0.000000  0.216216  0.000000  0.000000  0.000000  0.000000  0.000000  0.067568  0.135135  0.000000  0.000000  1.000000  0.000000  0.000000  0.000000  0.000000  0.000000  0.000000  0.000000  0.000000  0.000000  0.000000  0.000000  0.000000  0.000000  0.000000  0.000000  0.000000  0.000000  0.000000  0.000000  0.000000  0.135135  0.000000  0.000000  0.000000  0.013514  0.783784  0.013514  0.000000  0.000000  0.000000  0.000000  0.567568  0.000000  
0.013012  0.119063  0.013012  0.111906  0.001301  0.001952  0.003904  0.000000  0.008458  0.025374  0.002602  0.003253  0.041640  0.034483  0.002602  0.003253  0.003253  0.003904  0.035133  0.359792  0.182173  0.000000  0.051399  1.000000  0.048796  0.008458  0.044242  0.009109  0.004554  0.014314  0.005205  0.003253  0.004554  0.004554  0.001952  0.009759  0.015615  0.000651  0.001301  0.001301  0.003253  0.001952  0.014314  0.087833  0.149642  0.036435  0.016916  0.021470  0.002602  0.024723  0.018868  0.013663  0.005205  0.133377  0.199740  0.000000  
0.008403  0.079832  0.046218  0.037815  0.000000  0.000000  0.000000  0.000000  0.004202  0.033613  0.016807  0.008403  0.033613  0.046218  0.029412  0.004202  0.000000  0.004202  0.025210  0.113445  0.483193  0.000000  0.050420  0.075630  1.000000  0.008403  0.029412  0.000000  0.000000  0.004202  0.004202  0.004202  0.004202  0.004202  0.000000  0.004202  0.000000  0.000000  0.000000  0.000000  0.000000  0.000000  0.000000  0.147059  0.000000  0.021008  0.008403  0.016807  0.008403  0.016807  0.021008  0.029412  0.000000  0.184874  0.487395  0.000000  
0.569620  0.341772  0.189873  3.151899  0.050633  0.025316  0.392405  0.025316  0.202532  0.721519  0.164557  0.088608  0.075949  0.493671  0.075949  0.025316  0.050633  0.025316  0.810127  2.645570  3.734177  0.012658  0.341772  2.025316  0.189873  1.000000  1.455696  0.050633  0.012658  0.367089  0.101266  0.063291  0.063291  0.012658  0.139241  0.025316  0.126582  0.000000  0.012658  0.012658  0.025316  0.012658  0.164557  1.126582  0.962025  0.050633  0.025316  0.379747  0.050633  0.278481  0.025316  0.075949  0.075949  0.265823  0.683544  0.000000  
0.195238  0.109524  0.090476  0.347619  0.004762  0.004762  0.028571  0.004762  0.038095  0.547619  0.161905  0.114286  0.176190  0.733333  0.138095  0.028571  0.038095  0.033333  0.457143  0.876190  1.466667  0.000000  0.061905  0.847619  0.076190  0.242857  1.000000  0.033333  0.114286  0.800000  0.057143  0.066667  0.142857  0.023810  0.138095  0.076190  0.219048  0.009524  0.038095  0.023810  0.047619  0.057143  0.466667  0.347619  0.633333  0.066667  0.114286  0.138095  0.009524  0.100000  0.009524  0.095238  0.100000  0.480952  1.319048  0.000000  
0.134615  0.115385  0.038462  0.000000  0.000000  0.000000  0.000000  0.000000  0.288462  0.365385  0.000000  0.000000  0.115385  0.230769  0.000000  0.000000  0.000000  0.000000  0.000000  0.230769  0.153846  0.000000  0.115385  1.173077  0.019231  0.057692  0.019231  1.000000  0.846154  0.423077  0.000000  0.019231  0.019231  0.038462  0.134615  0.000000  0.000000  0.019231  0.000000  0.000000  0.057692  0.000000  0.346154  0.480769  3.153846  0.115385  0.057692  0.057692  0.019231  0.019231  0.057692  0.096154  0.000000  1.019231  0.365385  0.000000  
0.116667  0.016667  0.016667  0.000000  0.000000  0.000000  0.000000  0.000000  0.100000  0.100000  0.016667  0.000000  0.000000  0.900000  0.000000  0.000000  0.000000  0.050000  0.033333  0.100000  0.700000  0.000000  0.116667  0.966667  0.150000  0.000000  0.350000  0.083333  1.000000  1.966667  0.100000  0.000000  0.000000  0.033333  0.000000  0.000000  0.033333  0.000000  0.016667  0.000000  0.350000  0.033333  1.016667  0.533333  1.450000  0.050000  0.016667  0.050000  0.016667  0.033333  0.016667  0.100000  0.000000  0.883333  0.366667  0.000000  
0.146341  0.146341  0.073171  0.105691  0.000000  0.032520  0.000000  0.024390  0.081301  0.024390  0.040650  0.008130  0.024390  0.268293  0.008130  0.032520  0.065041  0.048780  0.008130  0.065041  0.349593  0.000000  0.032520  1.601626  0.113821  0.008130  0.252033  0.105691  0.081301  1.000000  0.032520  0.048780  0.040650  0.008130  0.089431  0.081301  0.105691  0.024390  0.073171  0.024390  0.040650  0.081301  0.195122  1.967480  1.284553  0.284553  0.276423  0.130081  0.024390  0.040650  0.024390  0.211382  0.024390  0.739837  1.918699  0.000000  
0.000000  0.000000  0.000000  0.000000  0.000000  0.000000  0.000000  0.000000  0.000000  0.000000  0.000000  0.000000  0.000000  0.000000  0.000000  0.000000  0.000000  0.000000  0.000000  0.022727  0.000000  0.000000  0.000000  0.136364  0.181818  0.000000  0.000000  0.022727  0.045455  0.000000  1.000000  0.000000  0.000000  0.000000  0.000000  0.022727  0.000000  0.000000  0.000000  0.000000  0.000000  0.000000  0.000000  0.386364  0.000000  0.136364  0.181818  0.022727  0.000000  0.000000  0.000000  0.000000  0.000000  0.454545  0.181818  0.000000  
0.552632  0.289474  0.184211  0.210526  0.000000  0.052632  0.026316  0.000000  2.210526  0.868421  0.052632  0.026316  0.184211  5.447369  0.052632  0.605263  0.052632  0.657895  0.052632  0.184211  0.263158  0.000000  0.026316  1.078947  0.210526  0.052632  0.552632  0.184211  0.421053  0.105263  0.710526  1.000000  1.105263  0.105263  0.552632  1.842105  0.921053  0.500000  0.131579  0.315789  0.105263  1.105263  2.605263  1.552632  0.500000  2.973684  4.263158  0.210526  0.131579  0.263158  0.184211  0.921053  0.105263  2.578947  2.131579  0.000000  
0.168831  0.584416  0.272727  0.272727  0.000000  0.012987  0.012987  0.000000  0.116883  0.311688  0.155844  0.064935  0.103896  0.454545  0.012987  0.103896  0.103896  0.584416  0.129870  0.623377  0.116883  0.000000  0.051948  0.402597  0.116883  0.103896  0.233766  0.129870  0.038961  0.155844  0.038961  0.506494  1.000000  0.051948  0.116883  0.311688  0.220779  0.233766  0.051948  0.051948  0.103896  0.155844  0.974026  0.688312  0.480519  1.181818  1.402597  0.129870  0.103896  0.818182  0.233766  2.220779  0.181818  12.038961  2.909091  0.000000  
1.500000  0.500000  0.500000  0.000000  0.000000  0.000000  0.000000  0.000000  1.000000  2.000000  0.000000  0.500000  0.000000  7.000000  2.000000  2.500000  0.500000  0.500000  2.000000  7.000000  19.500000  0.000000  0.500000  33.000000  6.000000  0.500000  7.000000  1.500000  0.500000  0.000000  2.000000  5.500000  1.500000  1.000000  11.000000  3.000000  7.500000  0.500000  0.000000  0.000000  0.500000  0.500000  3.500000  8.500000  5.500000  1.000000  2.000000  0.500000  0.500000  0.500000  0.500000  0.500000  0.000000  6.000000  4.000000  0.000000  
0.012245  0.002721  0.002721  0.002721  0.000000  0.000000  0.000000  0.000000  0.001361  0.002721  0.000000  0.000000  0.001361  0.002721  0.001361  0.001361  0.002721  0.000000  0.002721  0.012245  0.019048  0.000000  0.002721  0.006803  0.016327  0.000000  0.006803  0.000000  0.000000  0.008163  0.006803  0.001361  0.001361  0.000000  1.000000  0.023129  0.039456  0.000000  0.000000  0.000000  0.000000  0.000000  0.000000  0.243537  0.001361  0.013605  0.019048  0.004082  0.002721  0.010884  0.001361  0.002721  0.001361  0.028571  0.029932  0.000000  
0.018748  0.002721  0.000907  0.001814  0.000000  0.000000  0.000000  0.000605  0.001512  0.009374  0.001210  0.000000  0.000605  0.022982  0.001210  0.061687  0.000605  0.009072  0.000907  0.002419  0.031751  0.000000  0.005745  0.018748  0.000605  0.000605  0.002117  0.000605  0.000302  0.040520  0.005443  0.005745  0.001512  0.006653  0.035379  1.000000  0.615664  0.000302  0.000605  0.000302  0.000907  0.000302  0.002721  0.400060  0.003931  0.026005  0.018446  0.003629  0.003629  0.007257  0.002419  0.001210  0.000907  0.024796  0.031751  0.000000  
0.142857  0.025974  0.038961  0.090909  0.000000  0.000000  0.000000  0.000000  0.064935  0.064935  0.012987  0.012987  0.012987  0.285714  0.000000  0.012987  0.012987  0.012987  0.012987  0.077922  0.025974  0.000000  0.012987  0.038961  0.012987  0.012987  0.025974  0.012987  0.012987  0.012987  0.000000  0.012987  0.012987  0.012987  0.012987  0.103896  1.000000  0.000000  0.000000  0.000000  0.000000  0.012987  0.012987  1.181818  0.142857  0.246753  0.688312  0.103896  0.129870  0.194805  0.064935  0.025974  0.038961  1.740260  1.181818  0.000000  
2.972973  0.027027  0.000000  0.027027  0.000000  0.000000  0.000000  0.000000  0.027027  0.054054  0.027027  0.027027  0.027027  0.081081  0.000000  0.027027  0.027027  0.027027  0.027027  0.135135  0.054054  0.000000  0.027027  0.135135  0.027027  0.027027  0.054054  0.027027  0.027027  0.027027  0.000000  0.027027  0.027027  0.000000  0.027027  0.135135  0.081081  1.000000  0.000000  0.000000  0.000000  0.027027  13.621622  19.459459  0.027027  0.459459  1.000000  0.000000  0.027027  0.027027  0.000000  0.108108  0.027027  2.297297  0.378378  0.000000  
0.113636  0.000000  0.000000  0.000000  0.000000  0.000000  0.000000  0.000000  0.002525  0.002525  0.000000  0.000000  0.000000  0.166667  0.000000  0.000000  0.000000  0.000000  0.000000  0.005051  0.002525  0.000000  0.000000  0.002525  0.000000  0.000000  0.002525  0.000000  0.000000  0.002525  0.000000  0.000000  0.000000  0.000000  0.000000  0.005051  0.002525  0.000000  1.000000  0.000000  0.000000  0.000000  0.560606  0.037879  0.005051  0.027778  0.027778  0.000000  0.000000  0.000000  0.000000  0.015152  0.000000  0.275253  0.025253  0.000000  
0.190476  0.000000  0.000000  0.007937  0.000000  0.000000  0.000000  0.000000  0.007937  0.007937  0.000000  0.000000  0.000000  0.071429  0.000000  0.000000  0.000000  0.000000  0.007937  0.023810  0.007937  0.000000  0.000000  0.015873  0.000000  0.000000  0.007937  0.000000  0.000000  0.007937  0.000000  0.000000  0.000000  0.000000  0.007937  0.023810  0.007937  0.007937  0.000000  1.000000  0.103175  0.000000  1.595238  0.357143  0.007937  0.087302  0.214286  0.000000  0.000000  0.000000  0.000000  0.007937  0.000000  0.793651  0.142857  0.000000  
0.038462  0.004274  0.004274  0.004274  0.000000  0.000000  0.000000  0.000000  0.004274  0.008547  0.004274  0.000000  0.004274  0.012821  0.000000  0.000000  0.000000  0.000000  0.004274  0.025641  0.008547  0.000000  0.004274  0.017094  0.004274  0.004274  0.008547  0.004274  0.000000  0.004274  0.000000  0.000000  0.004274  0.000000  0.004274  0.017094  0.012821  0.000000  0.000000  0.000000  1.000000  0.012821  0.076923  0.149573  0.012821  0.029915  0.106838  0.000000  0.004274  0.004274  0.000000  0.004274  0.004274  4.316239  0.085470  0.000000  
0.000000  0.000000  0.000000  0.004255  0.000000  0.000000  0.000000  0.000000  0.008511  0.008511  0.004255  0.004255  0.004255  0.012766  0.000000  0.004255  0.004255  0.004255  0.004255  0.029787  0.008511  0.000000  0.004255  0.021277  0.004255  0.004255  0.012766  0.004255  0.004255  0.008511  0.004255  0.004255  0.004255  0.000000  0.004255  0.029787  0.012766  0.000000  0.000000  0.000000  0.004255  1.000000  0.063830  0.072340  0.008511  0.059574  0.217021  0.000000  0.004255  0.004255  0.000000  0.004255  0.004255  1.761702  0.004255  0.000000  
0.963855  0.010953  0.008762  0.013143  0.000000  0.000000  0.000000  0.000000  0.016429  0.023001  0.010953  0.005476  0.007667  0.107338  0.002191  0.006572  0.005476  0.006572  0.014239  0.058050  0.018620  0.000000  0.007667  0.043812  0.010953  0.006572  0.024096  0.006572  0.005476  0.015334  0.003286  0.006572  0.010953  0.003286  0.013143  0.052574  0.023001  0.017525  0.165389  0.024096  0.014239  0.006572  1.000000  1.667032  0.024096  0.110624  0.200438  0.000000  0.010953  0.007667  0.000000  0.042716  0.008762  0.785323  0.165389  0.000000  
0.242636  0.009536  0.005298  0.030515  0.000636  0.000212  0.000848  0.000000  0.018436  0.015681  0.006357  0.003814  0.013350  0.083068  0.006569  0.006781  0.008476  0.009112  0.013562  0.086671  0.055096  0.000000  0.004874  0.082009  0.030939  0.007205  0.051918  0.004450  0.006357  0.041958  0.009324  0.004026  0.009112  0.002967  0.018012  0.022039  0.013774  0.002755  0.007205  0.003179  0.007417  0.004238  0.079466  1.000000  0.153634  0.128205  0.147277  0.007629  0.004238  0.037508  0.002755  0.025641  0.048527  0.417038  0.178851  0.000000  
0.253039  0.074033  0.029834  0.085083  0.000000  0.003315  0.004420  0.000000  0.009945  0.059669  0.014365  0.006630  0.013260  0.037569  0.001105  0.003315  0.004420  0.009945  0.004420  0.030939  0.017680  0.000000  0.004420  0.020994  0.003315  0.004420  0.014365  0.003315  0.004420  0.006630  0.001105  0.003315  0.006630  0.001105  0.004420  0.030939  0.003315  0.003315  0.001105  0.003315  0.006630  0.003315  0.017680  0.130387  1.000000  0.117127  0.139227  0.069613  0.014365  0.023204  0.056354  0.088398  1.754696  0.271823  3.885083  0.000000  
0.288445  0.066898  0.045178  0.125977  0.004344  0.001738  0.026064  0.000869  0.194613  0.326672  0.095569  0.110339  0.165074  0.534318  0.178106  0.079930  0.109470  0.108601  0.137272  0.430061  0.213727  0.000000  0.038228  0.314509  0.078193  0.079930  0.233710  0.044309  0.053866  0.128584  0.038228  0.047785  0.057341  0.021720  0.201564  0.386620  0.101651  0.088619  0.096438  0.052997  0.042572  0.057341  0.431798  0.746308  0.572546  1.000000  3.496090  0.047785  0.036490  0.134666  0.025195  0.045178  0.013901  0.337098  0.560382  0.000000  
0.771429  0.228571  0.085714  0.371429  0.000000  0.000000  0.000000  0.000000  0.228571  0.171429  0.085714  0.028571  0.114286  0.228571  0.028571  0.085714  0.028571  0.085714  0.142857  0.400000  0.542857  0.000000  0.085714  0.342857  0.114286  0.085714  0.428571  0.142857  0.085714  0.485714  0.114286  0.171429  0.514286  0.085714  0.114286  0.171429  0.114286  0.171429  0.228571  0.142857  0.114286  0.257143  0.485714  12.600000  1.571429  1.314286  1.000000  0.228571  0.028571  1.828571  0.028571  2.257143  0.485714  5.485714  13.371428  0.000000  
27.000000  52.666668  35.333332  77.666664  2.000000  1.000000  4.333333  0.333333  33.666668  114.000000  11.333333  3.666667  10.666667  126.000000  64.666664  7.000000  29.333334  11.000000  14.333333  35.333332  17.000000  0.000000  2.000000  30.000000  5.000000  10.333333  15.333333  1.333333  3.666667  12.666667  1.333333  2.666667  3.666667  5.000000  3.666667  13.000000  6.666667  3.666667  5.000000  17.000000  2.333333  2.000000  26.666666  46.000000  36.000000  135.333328  34.333332  1.000000  5.666667  79.000000  50.666668  5.333333  0.000000  14.666667  127.333336  0.000000  
0.075117  0.159624  0.098592  0.380282  0.018779  0.009390  0.023474  0.023474  0.107981  0.338028  0.032864  0.032864  0.089202  0.586854  0.258216  0.023474  0.075117  0.061033  0.028169  0.084507  0.051643  0.000000  0.051643  0.061033  0.009390  0.018779  0.037559  0.004695  0.014085  0.023474  0.000000  0.014085  0.023474  0.009390  0.009390  0.061033  0.009390  0.154930  0.089202  0.018779  0.009390  0.018779  0.169014  0.122066  0.192488  0.760563  0.093897  0.032864  1.000000  0.812207  0.009390  0.032864  0.000000  0.000000  0.112676  0.000000  
0.204403  0.047170  0.028302  0.229560  0.006289  0.006289  0.018868  0.003145  1.106918  0.361635  0.044025  0.040881  0.056604  0.474843  0.223270  0.047170  0.213836  0.069182  0.094340  0.179245  0.116352  0.000000  0.018868  0.216981  0.050314  0.050314  0.210692  0.047170  0.072327  0.138365  0.022013  0.081761  0.094340  0.022013  0.044025  0.116352  0.056604  0.056604  0.094340  0.091195  0.056604  0.034591  0.289308  0.632075  0.632075  1.396226  0.361635  0.022013  0.166667  1.000000  0.034591  0.037736  0.003145  0.100629  1.364780  0.000000  
54.000000  28.000000  17.000000  40.000000  1.000000  3.000000  2.000000  1.000000  23.000000  60.000000  13.000000  11.000000  19.000000  68.000000  14.000000  10.000000  11.000000  14.000000  17.000000  69.000000  17.000000  0.000000  10.000000  53.000000  11.000000  10.000000  27.000000  4.000000  5.000000  15.000000  3.000000  8.000000  11.000000  3.000000  14.000000  61.000000  25.000000  12.000000  8.000000  8.000000  12.000000  19.000000  53.000000  163.000000  95.000000  553.000000  254.000000  11.000000  41.000000  84.000000  0.000000  155.000000  3.000000  324.000000  377.000000  0.000000  
1.018494  0.058124  0.019815  0.067371  0.001321  0.003963  0.009247  0.001321  0.035667  0.070013  0.014531  0.010568  0.019815  0.072655  0.017173  0.006605  0.010568  0.010568  0.017173  0.126816  0.067371  0.000000  0.006605  0.054161  0.009247  0.009247  0.033025  0.005284  0.005284  0.025099  0.005284  0.011889  0.017173  0.003963  0.015852  0.073976  0.025099  0.005284  0.005284  0.006605  0.035667  0.014531  0.173052  0.327609  0.080581  0.426684  0.364597  0.073976  0.027741  0.100396  0.031704  1.000000  1.081902  0.371202  0.664465  0.000000  
0.000000  0.000000  0.000000  0.000000  0.000000  0.000000  0.000000  0.000000  0.000000  0.000000  0.000000  0.000000  0.000000  0.000000  0.000000  0.000000  0.000000  0.000000  0.000000  0.000000  0.000000  0.000000  0.000000  0.000000  0.000000  0.000000  0.000000  0.000000  0.000000  0.000000  0.000000  0.000000  0.000000  0.000000  0.000000  0.000000  0.000000  0.000000  0.000000  0.000000  0.000000  0.000000  0.000000  0.000000  0.000000  0.000000  0.000000  0.000000  0.000000  0.000000  0.000000  0.000000  0.000000  171.000000  0.000000  0.000000  
0.028580  0.018577  0.009145  0.028294  0.000857  0.000857  0.003715  0.000000  0.015147  0.030294  0.010289  0.009145  0.015719  0.073164  0.014861  0.004573  0.007431  0.009717  0.019434  0.070592  0.038582  0.000000  0.006002  0.048014  0.008860  0.008574  0.027151  0.004573  0.005430  0.012861  0.002858  0.012289  0.022578  0.002572  0.012003  0.029723  0.012289  0.010003  0.007431  0.007716  0.006288  0.005430  0.030294  0.133181  0.024007  0.249786  0.209203  0.011432  0.007431  0.023435  0.003715  0.208631  0.100314  1.000000  1.302086  0.000000  
0.160804  0.022613  0.012563  0.027638  0.003769  0.003769  0.013819  0.001256  0.017588  0.033920  0.006281  0.008794  0.005025  0.056533  0.018844  0.013819  0.006281  0.006281  0.008794  0.050251  0.040201  0.000000  0.010050  0.041457  0.005025  0.006281  0.036432  0.003769  0.003769  0.008794  0.005025  0.008794  0.010050  0.005025  0.005025  0.018844  0.017588  0.018844  0.015075  0.013819  0.020101  0.010050  0.103015  0.158291  0.103015  0.082915  0.114322  0.031407  0.101759  0.066583  0.032663  0.028894  0.341709  0.342965  1.000000  0.000000  
0.000000  0.000000  0.000000  0.000000  0.000000  0.000000  0.000000  0.000000  0.000000  0.000000  0.000000  0.000000  0.000000  0.000000  0.000000  0.000000  0.000000  0.000000  0.000000  0.000000  0.000000  0.000000  0.000000  0.000000  0.000000  0.000000  0.000000  0.000000  0.000000  0.000000  0.000000  0.000000  0.000000  0.000000  0.000000  0.000000  0.000000  0.000000  0.000000  0.000000  0.000000  0.000000  0.000000  0.000000  0.000000  0.000000  0.000000  0.000000  0.000000  0.000000  0.000000  0.000000  0.000000  0.000000  0.000000  0.000000  
0.002567  0.000936  0.002283  0.001649  0.031548  0.022308  0.003913  0.022308  0.001340  0.000654  0.003171  0.002351  0.001105  0.000674  0.001227  0.003643  0.002705  0.001747  0.002441  0.000636  0.001299  0.031548  0.003667  0.000805  0.002045  0.003549  0.002177  0.004375  0.004073  0.002845  0.004756  0.005118  0.003595  0.022308  0.001164  0.000549  0.003595  0.005186  0.001585  0.002811  0.002062  0.002058  0.001044  0.000459  0.001049  0.000930  0.005333  0.018214  0.002162  0.001769  0.031548  0.001147  0.031548  0.000533  0.001118  0.031548  