1.000000  0.075472  0.037736  0.132075  0.000000  0.000000  0.000000  0.000000  0.056604  0.146226  0.037736  0.023585  0.037736  1.292453  0.014151  0.042453  4.547170  0.962264  0.061321  0.353774  0.169811  0.014151  0.023585  0.320755  0.047170  0.037736  0.117925  0.023585  0.023585  1.688679  0.037736  0.080189  0.070755  0.033019  0.537736  0.202830  0.113208  6.466981  0.283019  3.716981  1.858491  0.250000  43.042454  38.221699  0.584906  0.712264  0.353774  0.042453  0.000000  0.000000  0.000000  2.905660  0.127358  2.320755  1.674528  0.000000  
0.143098  1.000000  0.002245  0.050505  0.003648  0.010943  0.010943  0.002525  0.140292  0.161055  0.035073  0.020763  0.093154  0.267957  0.035915  0.023008  0.017396  0.024972  0.014590  0.108586  0.061448  0.001684  0.009259  0.084175  0.010382  0.026655  0.052189  0.013468  0.025814  0.019080  0.004489  0.015432  0.020763  0.026094  0.009820  0.081930  0.014590  0.007856  0.005892  0.002245  0.022727  0.006173  0.058642  0.194725  0.065657  0.034231  0.056117  0.051627  0.010662  0.057800  0.006734  0.013187  0.043490  0.104377  0.206510  0.000000  
0.059761  0.776892  1.000000  0.183267  0.001992  0.017928  0.001992  0.001992  0.059761  0.693227  0.073705  0.071713  0.097610  0.358566  0.061753  0.017928  0.001992  0.013944  0.031873  0.149402  0.151394  0.003984  0.023904  0.127490  0.013944  0.075697  0.087649  0.049801  0.097610  0.007968  0.001992  0.013944  0.021912  0.017928  0.021912  0.055777  0.007968  0.001992  0.007968  0.003984  0.041833  0.003984  0.105578  0.332669  0.145418  0.087649  0.111554  0.057769  0.021912  0.065737  0.007968  0.037849  1.480080  0.231076  0.569721  0.000000  
0.829932  11.904762  4.544218  1.000000  0.061224  0.122449  0.000000  0.000000  1.156463  7.741497  0.408163  0.040816  0.394558  4.673470  0.367347  0.081633  0.047619  0.537415  0.034014  0.170068  0.224490  0.013605  0.006803  0.095238  0.013605  0.020408  0.081633  0.054422  0.034014  0.047619  0.006803  0.088435  0.013605  0.013605  0.047619  0.306122  0.006803  0.013605  0.047619  0.204082  0.163265  0.006803  0.197279  0.340136  0.027211  0.047619  0.081633  1.632653  0.204082  0.047619  0.034014  0.034014  0.006803  0.129252  1.278912  0.000000  
0.000000  0.000000  0.000000  4.000000  0.000000  0.000000  0.000000  0.000000  0.000000  158.000000  10.000000  6.000000  8.000000  11.000000  0.000000  0.000000  0.000000  0.000000  0.000000  0.000000  0.000000  0.000000  0.000000  0.000000  0.000000  2.000000  1.000000  0.000000  0.000000  0.000000  0.000000  0.000000  0.000000  0.000000  0.000000  0.000000  0.000000  0.000000  0.000000  0.000000  0.000000  0.000000  0.000000  0.000000  0.000000  0.000000  0.000000  0.000000  1.000000  2.000000  0.000000  0.000000  0.000000  0.000000  0.000000  0.000000  
3.721519  0.063291  0.000000  0.037975  0.000000  1.000000  0.012658  0.012658  0.050633  0.063291  0.000000  0.000000  0.000000  3.746835  0.177215  0.000000  0.000000  0.000000  0.000000  0.000000  0.000000  0.000000  0.000000  0.000000  0.000000  0.000000  0.000000  0.000000  0.000000  0.000000  0.000000  0.000000  0.000000  0.000000  0.000000  0.000000  0.000000  0.000000  0.025316  0.000000  0.050633  0.000000  0.316456  0.088608  0.075949  0.075949  0.025316  0.037975  0.000000  0.088608  0.012658  0.291139  0.000000  0.278481  0.455696  0.000000  
0.060729  0.093117  1.323887  0.012146  0.000000  0.008097  1.000000  0.000000  0.080972  0.048583  0.008097  0.000000  0.008097  0.170040  2.230769  0.008097  0.008097  0.020243  0.008097  0.024291  0.076923  0.000000  0.008097  0.012146  0.000000  0.008097  0.012146  0.008097  0.012146  0.012146  0.000000  0.008097  0.008097  0.008097  0.008097  0.020243  0.008097  0.000000  0.000000  0.008097  0.012146  0.000000  0.032389  0.076923  0.170040  0.068826  0.101215  0.036437  0.060729  0.149798  0.020243  0.008097  0.008097  0.093117  0.149798  0.000000  
1.000000  1.000000  0.000000  11.500000  0.000000  0.000000  0.000000  1.000000  1.000000  1.000000  0.000000  0.000000  0.000000  18.000000  0.000000  0.000000  0.000000  0.000000  0.000000  0.000000  0.000000  0.000000  0.000000  0.000000  0.000000  0.000000  0.000000  0.000000  0.000000  0.000000  0.000000  0.000000  0.000000  0.000000  0.000000  0.000000  0.000000  0.000000  0.000000  0.000000  0.000000  0.000000  0.000000  0.000000  0.000000  0.000000  0.000000  0.000000  0.000000  0.000000  0.000000  0.000000  0.000000  0.000000  1.000000  0.000000  
0.081367  0.046379  0.028478  0.082994  0.002441  0.005696  0.001627  0.001627  1.000000  0.318145  0.034174  0.014646  0.005696  0.203417  0.005696  0.008137  0.000814  0.035801  0.002441  0.008950  0.008137  0.000000  0.005696  0.039056  0.000814  0.002441  0.028478  0.063466  0.071603  0.004882  0.003255  0.013832  0.001627  0.002441  0.000814  0.003255  0.002441  0.000000  0.000000  0.000000  0.000814  0.000000  0.011391  0.338487  5.544345  0.050448  0.000814  0.054516  0.000814  0.038242  0.007323  0.000000  0.015460  0.023596  0.078112  0.000000  
0.027047  0.020035  0.002254  0.048084  0.001002  0.005760  0.003256  0.000751  0.014025  1.000000  0.112196  0.398447  0.013023  0.061608  0.006261  0.000000  0.000000  0.000000  0.333333  0.445279  0.374656  0.001002  0.090158  0.124718  0.014025  0.276484  0.348610  0.000751  0.000501  0.001252  0.002004  0.000000  0.000000  0.000501  0.000000  0.000000  0.001002  0.000000  0.001252  0.000000  0.000000  0.000000  0.005760  0.146506  0.387929  0.001252  0.000000  0.054846  0.003256  0.004508  0.004007  0.000000  0.001002  0.000000  0.006511  0.000000  
0.028169  0.084507  0.098592  0.591549  0.014085  0.084507  0.014085  0.000000  0.140845  0.690141  1.000000  0.042254  0.028169  0.661972  0.126761  0.098592  0.000000  0.000000  2.394366  18.183098  8.169014  0.028169  0.267606  3.394366  0.253521  0.225352  1.521127  0.028169  0.000000  0.056338  0.014085  0.000000  0.000000  0.000000  0.000000  0.000000  0.000000  0.000000  0.000000  0.000000  0.000000  0.000000  0.084507  2.014085  10.563380  0.056338  0.000000  0.915493  0.000000  0.056338  0.070423  0.000000  0.000000  0.000000  0.056338  0.000000  
0.117216  0.109890  0.073260  0.249084  0.003663  0.036630  0.014652  0.003663  0.069597  0.424908  0.058608  1.000000  0.084249  0.216117  0.062271  0.058608  0.003663  0.106227  0.402930  1.249084  1.450549  0.003663  0.523810  1.120879  0.080586  0.875458  2.051282  0.018315  0.054945  0.267399  0.047619  0.043956  0.000000  0.000000  0.065934  0.000000  0.095238  0.000000  0.000000  0.000000  0.000000  0.000000  0.095238  0.578755  0.739927  0.007326  0.000000  0.285714  0.010989  0.018315  0.018315  0.018315  0.000000  0.000000  0.018315  0.000000  
0.000000  0.107527  0.025090  0.060932  0.001792  0.000000  0.000000  0.000000  0.016129  0.077061  0.064516  0.062724  1.000000  0.417563  0.007168  0.000000  0.000000  0.001792  0.037634  0.591398  0.492832  0.008961  0.078853  2.051971  0.123656  0.141577  0.786738  0.008961  0.010753  0.001792  0.037634  0.000000  0.008961  0.001792  0.000000  0.000000  0.000000  0.000000  0.000000  0.000000  0.000000  0.000000  0.010753  0.154122  0.546595  0.016129  0.000000  0.132616  0.005376  0.008961  0.005376  0.000000  0.001792  0.025090  0.026882  0.000000  
0.172856  0.011975  0.002782  0.018870  0.001331  0.009798  0.004476  0.000605  0.007621  0.012822  0.012096  0.002419  0.008951  1.000000  0.053103  0.084553  0.011612  0.019475  0.004839  0.067497  0.095682  0.000968  0.009919  0.088666  0.004355  0.006653  0.054675  0.005443  0.014274  0.013306  0.015120  0.014757  0.015967  0.179872  0.023467  0.245313  0.005201  0.000363  0.000968  0.000726  0.001089  0.008346  0.012338  0.059514  0.164268  0.006290  0.006653  0.003750  0.001935  0.001814  0.001935  0.013790  0.000968  0.113221  0.255232  0.000000  
0.359198  0.269270  0.172148  0.045735  0.001028  0.009250  0.043165  0.001028  0.200411  0.116650  0.010277  0.006166  0.021069  0.415725  1.000000  0.015416  0.014388  0.050874  0.009764  0.063720  0.189106  0.002569  0.003083  0.034430  0.004625  0.008736  0.025180  0.009250  0.038027  0.024152  0.001028  0.014388  0.009250  0.009764  0.007708  0.047276  0.009250  0.002569  0.008736  0.017472  0.029291  0.005653  0.087359  0.219424  0.465057  0.211716  0.309353  0.110997  0.178828  0.448099  0.044707  0.022610  0.007194  0.271840  0.401850  0.000000  
0.321267  0.117647  0.076923  0.036199  0.000000  0.000000  0.000000  0.000000  0.076923  0.104072  0.063348  0.013575  0.004525  0.298643  0.058824  1.000000  0.004525  0.013575  0.352941  2.914027  4.764706  0.018100  0.076923  0.628959  0.013575  0.013575  0.262443  0.022624  0.027149  0.104072  0.013575  0.018100  0.027149  0.104072  0.746606  0.049774  0.361991  0.000000  0.000000  0.000000  0.040724  0.000000  0.371041  2.642534  0.642534  0.171946  0.307692  0.049774  0.040724  0.402715  0.027149  0.063348  0.067873  1.045249  0.574661  0.000000  
1.097561  0.390244  0.243902  2.682927  0.048780  0.146341  0.097561  0.073171  0.975610  0.097561  0.000000  0.073171  0.000000  0.878049  0.000000  0.000000  1.000000  2.804878  0.341463  1.658537  1.414634  0.048780  0.317073  0.170732  0.024390  0.243902  0.414634  0.000000  0.097561  10.853659  0.609756  0.121951  0.073171  0.000000  0.048780  0.000000  0.000000  0.000000  0.024390  0.000000  0.000000  0.000000  0.073171  7.439024  27.170732  0.219512  0.073171  1.073171  0.121951  0.439024  0.121951  0.000000  0.073171  0.390244  1.390244  0.000000  
0.046272  0.033419  0.028278  0.051414  0.000000  0.000000  0.000000  0.000000  0.048843  0.023136  0.005141  0.002571  0.002571  0.347044  0.000000  0.023136  0.007712  1.000000  0.012853  0.077121  0.082262  0.000000  0.010283  0.143959  0.012853  0.010283  0.043702  0.023136  0.010283  0.061697  0.010283  3.115681  2.367609  0.015424  0.007712  0.041131  0.069409  0.012853  0.017995  0.010283  0.025707  0.053985  0.226221  1.187661  0.113111  0.115681  0.218509  0.071979  0.007712  0.043702  0.030848  0.092545  0.000000  0.424165  0.131105  0.000000  
0.071130  0.209205  0.138075  0.154812  0.000000  0.000000  0.000000  0.000000  0.029289  0.531381  0.087866  0.025105  0.054393  0.071130  0.004184  0.000000  0.000000  0.000000  1.000000  6.117155  0.117155  0.000000  0.092050  0.267782  0.075314  0.025105  0.062762  0.000000  0.000000  0.000000  0.000000  0.000000  0.000000  0.016736  0.000000  0.000000  0.000000  0.000000  0.000000  0.000000  0.000000  0.000000  0.000000  0.589958  1.523013  0.029289  0.096234  0.414226  0.112971  0.271967  0.112971  0.050209  0.000000  0.100418  0.979079  0.000000  
0.074140  0.023963  0.036346  0.041010  0.000322  0.000643  0.000643  0.000482  0.017208  0.035864  0.011097  0.003699  0.007237  0.041975  0.008684  0.002895  0.000965  0.002734  0.045031  1.000000  0.127051  0.000804  0.032808  0.112094  0.018656  0.013831  0.027983  0.000804  0.000965  0.007076  0.000804  0.001287  0.001447  0.004342  0.002252  0.019299  0.003056  0.000643  0.000804  0.000804  0.001769  0.000643  0.009649  0.107913  0.087810  0.023159  0.020264  0.017530  0.002895  0.012705  0.003699  0.029109  0.004342  0.073657  0.056610  0.000000  
0.036462  0.002586  0.000517  0.000517  0.000000  0.000000  0.000000  0.000000  0.004138  0.008534  0.003103  0.000000  0.003879  0.004138  0.000517  0.001034  0.001552  0.001034  0.000776  0.005172  1.000000  0.000000  0.000000  0.002845  0.000776  0.001293  0.002845  0.000259  0.000259  0.003103  0.000259  0.000517  0.001810  0.000259  0.000776  0.002069  0.001293  0.001034  0.001034  0.000000  0.002586  0.001034  0.005431  0.095164  0.032842  0.066460  0.077838  0.003362  0.000259  0.147918  0.004138  0.001810  0.000000  0.033876  0.224205  0.000000  
0.000000  0.000000  0.000000  0.000000  0.000000  0.000000  0.000000  0.000000  0.000000  0.000000  0.000000  0.000000  0.000000  0.000000  0.000000  0.000000  0.000000  0.000000  0.000000  0.227273  0.000000  1.000000  0.000000  0.000000  0.000000  0.000000  0.000000  0.000000  0.000000  0.000000  0.000000  0.000000  0.000000  0.000000  0.000000  0.000000  0.000000  0.000000  0.000000  0.000000  0.000000  0.000000  0.000000  0.227273  0.000000  0.000000  0.000000  0.000000  0.000000  1.045455  0.000000  0.000000  0.000000  0.000000  20.909090  0.000000  
0.603175  0.000000  0.000000  0.000000  0.000000  0.000000  0.000000  0.000000  0.000000  0.634921  0.142857  0.031746  0.285714  0.000000  0.000000  0.095238  0.000000  0.000000  0.253968  0.777778  0.000000  0.000000  1.000000  0.079365  0.000000  0.000000  0.000000  0.000000  0.000000  0.000000  0.000000  0.000000  0.000000  0.079365  0.000000  0.000000  0.000000  0.000000  0.000000  0.000000  0.000000  0.000000  0.000000  0.238095  0.063492  0.000000  0.000000  0.174603  2.761905  0.000000  0.000000  0.000000  0.000000  0.000000  6.571429  0.000000  
0.004271  0.037014  0.009965  0.034641  0.000475  0.003005  0.001265  0.000000  0.007434  0.014236  0.001265  0.002056  0.010914  0.025625  0.001740  0.002689  0.000633  0.001740  0.020721  0.299905  0.179057  0.008542  0.025783  1.000000  0.030212  0.006011  0.032268  0.003638  0.004271  0.010756  0.002373  0.002056  0.001107  0.006327  0.001107  0.006960  0.010440  0.000316  0.000633  0.000633  0.001265  0.000475  0.010123  0.071022  0.133344  0.012338  0.014869  0.023568  0.002214  0.017874  0.027048  0.016925  0.012022  0.086681  0.186333  0.000000  
0.183673  0.673469  0.510204  0.142857  0.000000  0.000000  0.000000  0.000000  0.020408  0.040816  0.020408  0.020408  0.020408  0.346939  0.183673  0.000000  0.000000  0.000000  0.061224  0.244898  4.877551  0.081633  0.040816  0.122449  1.000000  0.020408  0.040816  0.000000  0.000000  0.000000  0.000000  0.000000  0.000000  0.020408  0.000000  0.000000  0.000000  0.000000  0.000000  0.000000  0.000000  0.000000  0.000000  0.142857  0.020408  0.000000  0.020408  0.244898  0.020408  0.040816  0.224490  0.224490  0.061224  0.265306  7.000000  0.000000  
0.500000  0.525424  0.322034  2.296610  0.016949  0.050847  0.186441  0.008475  0.313559  0.669492  0.144068  0.084746  0.025424  0.838983  0.118644  0.050847  0.016949  0.016949  0.737288  4.338983  8.728813  0.110169  0.254237  3.652542  0.203390  1.000000  1.813559  0.033898  0.016949  0.449153  0.093220  0.067797  0.059322  0.033898  0.084746  0.033898  0.144068  0.000000  0.016949  0.008475  0.025424  0.008475  0.220339  1.364407  1.279661  0.059322  0.042373  0.796610  0.076271  0.355932  0.067797  0.152542  0.288136  0.305085  1.050847  0.000000  
0.120548  0.089041  0.069863  0.093151  0.001370  0.013699  0.010959  0.001370  0.060274  0.323288  0.115068  0.102740  0.056164  0.634247  0.053425  0.038356  0.012329  0.023288  0.267123  0.627397  1.279452  0.016438  0.052055  0.820548  0.084932  0.169863  1.000000  0.028767  0.093151  0.806849  0.045205  0.082192  0.110959  0.065753  0.094521  0.041096  0.190411  0.006849  0.023288  0.013699  0.050685  0.016438  0.538356  0.376712  0.694521  0.042466  0.075342  0.119178  0.017808  0.154795  0.016438  0.065753  0.102740  0.513699  0.398630  0.000000  
0.333333  0.333333  0.303030  0.090909  0.000000  0.000000  0.000000  0.000000  0.666667  0.575758  0.000000  0.000000  0.060606  0.666667  0.030303  0.000000  0.000000  0.000000  0.000000  0.606061  0.666667  0.000000  0.151515  2.848485  0.030303  0.090909  0.030303  1.000000  1.878788  0.757576  0.000000  0.030303  0.030303  0.181818  0.151515  0.000000  0.000000  0.030303  0.000000  0.000000  0.090909  0.000000  0.848485  0.878788  11.151515  0.090909  0.151515  0.333333  0.060606  0.060606  0.151515  0.333333  0.000000  1.848485  0.363636  0.000000  
0.086957  0.021739  0.021739  0.005435  0.000000  0.000000  0.000000  0.000000  0.103261  0.065217  0.010870  0.000000  0.000000  0.875000  0.005435  0.000000  0.000000  0.027174  0.027174  0.103261  0.994565  0.005435  0.065217  1.173913  0.108696  0.005435  0.282609  0.043478  1.000000  1.684783  0.054348  0.000000  0.000000  0.092391  0.000000  0.000000  0.059783  0.000000  0.010870  0.000000  0.244565  0.016304  1.081522  0.461957  1.543478  0.027174  0.016304  0.065217  0.021739  0.032609  0.021739  0.108696  0.005435  0.728261  0.260870  0.000000  
0.147132  0.067332  0.059850  0.032419  0.000000  0.042394  0.000000  0.004988  0.092269  0.014963  0.024938  0.004988  0.004988  0.177057  0.007481  0.034913  0.014963  0.029925  0.009975  0.069825  0.109726  0.007481  0.014963  1.506234  0.089776  0.009975  0.209476  0.054863  0.089776  1.000000  0.014963  0.039900  0.027431  0.029925  0.037406  0.069825  0.089776  0.009975  0.024938  0.009975  0.027431  0.022444  0.214464  1.598504  1.197008  0.102244  0.231920  0.122195  0.019950  0.049875  0.017456  0.177057  0.044888  0.536160  0.513716  0.000000  
0.000000  0.000000  0.000000  0.000000  0.000000  0.000000  0.000000  0.000000  0.000000  0.000000  0.000000  0.000000  0.000000  0.000000  0.000000  0.000000  0.000000  0.000000  0.000000  0.060976  0.000000  0.000000  0.000000  0.292683  0.268293  0.000000  0.000000  0.036585  0.109756  0.000000  1.000000  0.000000  0.000000  0.000000  0.000000  0.036585  0.000000  0.000000  0.000000  0.000000  0.000000  0.000000  0.000000  0.646341  0.000000  0.060976  0.292683  0.024390  0.000000  0.000000  0.000000  0.000000  0.000000  0.670732  0.134146  0.000000  
0.154639  0.247423  0.164948  0.061856  0.000000  0.113402  0.010309  0.000000  3.020618  0.649485  0.051546  0.041237  0.051546  3.597938  0.041237  0.783505  0.010309  0.474227  0.061856  0.298969  0.412371  0.000000  0.010309  1.731959  0.226804  0.061856  0.608247  0.123711  0.546392  0.123711  0.536082  1.000000  0.917526  0.257732  0.298969  2.123711  1.164948  0.298969  0.051546  0.154639  0.082474  0.340206  3.515464  1.917526  0.804124  1.567010  4.721650  0.298969  0.195876  0.319588  0.226804  0.680412  0.371134  2.731959  2.154639  0.000000  
0.202128  0.872340  0.553191  0.202128  0.000000  0.042553  0.010638  0.000000  0.191489  0.351064  0.148936  0.074468  0.031915  0.712766  0.031915  0.148936  0.031915  0.500000  0.159574  1.063830  0.234043  0.000000  0.031915  0.776596  0.148936  0.095745  0.297872  0.106383  0.074468  0.212766  0.031915  0.595745  1.000000  0.180851  0.074468  0.446809  0.319149  0.180851  0.031915  0.031915  0.085106  0.053191  1.638298  0.914894  1.000000  0.627660  1.659575  0.404255  0.148936  1.287234  0.648936  3.372340  0.744681  13.436171  6.095745  0.000000  
0.611765  0.105882  0.117647  0.105882  0.000000  0.000000  0.000000  0.000000  0.588235  0.670588  0.000000  0.058824  0.000000  1.529412  0.305882  1.200000  0.058824  0.082353  0.670588  2.223529  4.011765  0.070588  0.200000  5.670588  1.552941  0.235294  2.823529  0.376471  0.400000  0.000000  0.564706  1.988235  0.482353  1.000000  1.976471  1.211765  4.305882  0.070588  0.000000  0.000000  0.105882  0.023529  0.929412  3.329412  1.670588  0.235294  0.976471  0.129412  0.200000  0.305882  0.152941  0.105882  0.035294  2.388235  1.094118  0.000000  
0.006615  0.004410  0.005513  0.005513  0.000000  0.000000  0.000000  0.000000  0.004410  0.005513  0.000000  0.000000  0.001103  0.004410  0.003308  0.002205  0.002205  0.000000  0.004410  0.025358  0.029768  0.000000  0.003308  0.012128  0.028666  0.001103  0.011025  0.000000  0.000000  0.012128  0.006615  0.002205  0.002205  0.003308  1.000000  0.038589  0.069460  0.000000  0.000000  0.000000  0.000000  0.000000  0.000000  0.276736  0.004410  0.007718  0.018743  0.007718  0.004410  0.014333  0.004410  0.005513  0.009923  0.038589  0.062845  0.000000  
0.021149  0.005144  0.003144  0.002001  0.000000  0.000000  0.000000  0.000286  0.002001  0.007716  0.000857  0.000000  0.000286  0.041726  0.002286  0.071449  0.000286  0.005716  0.000857  0.002858  0.102029  0.000572  0.004287  0.025436  0.000572  0.000572  0.002001  0.000286  0.000286  0.041726  0.003144  0.005144  0.000857  0.015719  0.024007  1.000000  0.891398  0.000286  0.000000  0.000286  0.000857  0.000000  0.002858  0.345813  0.006288  0.012003  0.017719  0.002858  0.004287  0.008288  0.006288  0.002286  0.004001  0.042298  0.067162  0.000000  
0.046798  0.012315  0.014778  0.019704  0.000000  0.000000  0.000000  0.000000  0.034483  0.027094  0.012315  0.009852  0.002463  0.096059  0.002463  0.012315  0.000000  0.009852  0.009852  0.051724  0.022167  0.000000  0.004926  0.039409  0.012315  0.009852  0.024631  0.014778  0.014778  0.009852  0.000000  0.012315  0.007389  0.029557  0.004926  0.078818  1.000000  0.000000  0.000000  0.000000  0.000000  0.004926  0.012315  0.807882  0.135468  0.078818  0.467980  0.071429  0.105911  0.150246  0.027094  0.014778  0.046798  0.945813  0.667488  0.000000  
1.300000  0.100000  0.000000  0.050000  0.000000  0.000000  0.000000  0.000000  0.050000  0.100000  0.050000  0.050000  0.050000  0.100000  0.000000  0.000000  0.000000  0.000000  0.050000  0.250000  0.100000  0.000000  0.000000  0.200000  0.000000  0.050000  0.100000  0.000000  0.000000  0.050000  0.000000  0.050000  0.050000  0.000000  0.000000  0.100000  0.050000  1.000000  0.000000  0.000000  0.000000  0.000000  34.099998  40.549999  0.000000  0.200000  0.550000  0.000000  0.000000  0.000000  0.000000  1.050000  0.000000  4.750000  1.450000  0.000000  
0.177885  0.002404  0.000000  0.000000  0.000000  0.000000  0.000000  0.000000  0.000000  0.002404  0.000000  0.000000  0.000000  0.637019  0.000000  0.000000  0.000000  0.000000  0.002404  0.007212  0.004808  0.000000  0.000000  0.007212  0.002404  0.000000  0.002404  0.000000  0.000000  0.002404  0.000000  0.000000  0.002404  0.002404  0.002404  0.004808  0.002404  0.000000  1.000000  0.000000  0.000000  0.000000  0.500000  0.031250  0.000000  0.004808  0.019231  0.000000  0.000000  0.000000  0.000000  0.064904  0.000000  0.300481  0.108173  0.000000  
0.607759  0.017241  0.000000  0.000000  0.000000  0.000000  0.000000  0.000000  0.004310  0.008621  0.000000  0.000000  0.000000  0.073276  0.000000  0.000000  0.000000  0.000000  0.004310  0.017241  0.008621  0.000000  0.000000  0.012931  0.000000  0.000000  0.004310  0.000000  0.004310  0.004310  0.000000  0.000000  0.004310  0.000000  0.000000  0.008621  0.004310  0.000000  0.000000  1.000000  0.146552  0.000000  1.254310  0.181034  0.000000  0.008621  0.008621  0.000000  0.000000  0.000000  0.000000  0.004310  0.000000  0.625000  0.172414  0.000000  
0.043750  0.004464  0.002679  0.002679  0.000000  0.000000  0.000000  0.000000  0.003571  0.007143  0.001786  0.000893  0.001786  0.008929  0.000893  0.002679  0.000893  0.001786  0.003571  0.017857  0.008929  0.000893  0.001786  0.017857  0.002679  0.002679  0.006250  0.001786  0.001786  0.002679  0.000893  0.001786  0.002679  0.001786  0.002679  0.008036  0.006250  0.000000  0.000893  0.000000  1.000000  0.000893  0.049107  0.056250  0.006250  0.011607  0.030357  0.000000  0.000000  0.000000  0.000000  0.007143  0.001786  1.720536  0.058929  0.000000  
0.000000  0.004005  0.002670  0.001335  0.000000  0.000000  0.000000  0.000000  0.002670  0.006676  0.001335  0.001335  0.001335  0.009346  0.001335  0.002670  0.001335  0.001335  0.002670  0.017356  0.008011  0.000000  0.001335  0.016021  0.002670  0.002670  0.005340  0.001335  0.001335  0.002670  0.001335  0.002670  0.002670  0.001335  0.002670  0.008011  0.005340  0.000000  0.000000  0.000000  0.001335  1.000000  0.052069  0.038718  0.006676  0.016021  0.052069  0.000000  0.000000  0.000000  0.000000  0.006676  0.002670  1.897196  0.006676  0.000000  
0.659028  0.008249  0.004125  0.004583  0.000000  0.000687  0.000229  0.000000  0.005729  0.015124  0.003896  0.002062  0.003896  0.068515  0.001375  0.004354  0.001604  0.002291  0.006187  0.036205  0.017644  0.001146  0.002521  0.033226  0.004812  0.004125  0.011687  0.002750  0.002521  0.005729  0.001604  0.003896  0.005729  0.003437  0.005041  0.016728  0.011228  0.005270  0.043080  0.006416  0.010999  0.001375  1.000000  0.679423  0.010999  0.019936  0.071952  0.000000  0.000000  0.000000  0.000229  0.045830  0.003437  0.368240  0.099908  0.000000  
0.240412  0.019377  0.009622  0.014165  0.000267  0.000535  0.000401  0.000000  0.019778  0.011359  0.003875  0.002405  0.003074  0.126019  0.007083  0.007216  0.001871  0.004945  0.009622  0.098223  0.037552  0.001737  0.002673  0.102766  0.024322  0.005078  0.044100  0.002405  0.006682  0.039022  0.005479  0.003207  0.005746  0.006415  0.011626  0.020045  0.017239  0.001203  0.002539  0.001203  0.005345  0.000935  0.086062  1.000000  0.272484  0.055994  0.122010  0.013230  0.004276  0.038086  0.007083  0.034478  0.114526  0.334492  0.177736  0.000000  
0.300115  0.060710  0.029782  0.074456  0.001145  0.003436  0.004582  0.000000  0.012600  0.037801  0.013746  0.004582  0.012600  0.037801  0.008018  0.004582  0.004582  0.005727  0.006873  0.032073  0.036655  0.000000  0.002291  0.028637  0.004582  0.004582  0.017182  0.004582  0.004582  0.006873  0.001145  0.004582  0.008018  0.004582  0.004582  0.020619  0.004582  0.002291  0.001145  0.002291  0.005727  0.003436  0.021764  0.085911  1.000000  0.058419  0.084765  0.040092  0.019473  0.037801  0.059565  0.060710  2.328751  0.179840  3.381443  0.000000  
0.715021  0.218107  0.132716  0.148148  0.004115  0.007202  0.021605  0.001029  0.558642  0.581276  0.158436  0.185185  0.099794  1.943416  0.604938  0.239712  0.089506  0.159465  0.276749  1.297325  0.698560  0.014403  0.058642  1.118313  0.166667  0.150206  0.528807  0.063786  0.154321  0.318930  0.057613  0.098765  0.108025  0.121399  0.261317  0.969136  0.282922  0.111111  0.106996  0.060700  0.075103  0.037037  1.299383  2.099794  2.225309  1.000000  8.075103  0.117284  0.100823  0.339506  0.064815  0.149177  0.110082  0.967078  1.895062  0.000000  
1.266055  0.110092  0.064220  0.110092  0.000000  0.000000  0.000000  0.000000  0.293578  0.174312  0.073394  0.027523  0.036697  0.348624  0.036697  0.110092  0.036697  0.045872  0.100917  0.559633  0.504587  0.009174  0.055046  0.495413  0.137615  0.073394  0.431193  0.091743  0.082569  0.532110  0.100917  0.165138  0.412844  0.247706  0.100917  0.183486  0.146789  0.100917  0.110092  0.091743  0.091743  0.055046  0.614679  13.165137  1.862385  0.605505  1.000000  0.119266  0.064220  2.201835  0.045872  1.954128  0.807339  5.504587  12.211009  0.000000  
12.625000  23.375000  8.375000  16.250000  1.125000  1.500000  1.625000  0.250000  13.250000  60.750000  6.375000  2.125000  4.000000  50.500000  28.000000  3.000000  5.625000  4.875000  6.500000  18.625000  17.250000  0.250000  0.875000  16.250000  1.250000  5.375000  9.875000  0.625000  1.750000  4.750000  0.500000  2.000000  1.250000  3.125000  1.000000  5.000000  2.125000  1.125000  1.750000  5.250000  1.625000  1.125000  13.000000  21.000000  23.875000  47.375000  14.000000  1.000000  3.250000  213.750000  26.000000  4.000000  0.125000  12.125000  67.125000  0.000000  
0.036866  0.032258  0.018433  0.071429  0.009217  0.009217  0.029954  0.016129  0.087558  0.186636  0.025346  0.032258  0.036866  0.308756  0.410138  0.018433  0.023041  0.025346  0.041475  0.082949  0.135945  0.002304  0.050691  0.064516  0.011521  0.013825  0.043779  0.006912  0.009217  0.029954  0.006912  0.020737  0.018433  0.018433  0.011521  0.036866  0.025346  0.046083  0.057604  0.009217  0.011521  0.009217  0.112903  0.103687  0.237327  0.380184  0.046083  0.018433  1.000000  2.870968  0.023041  0.032258  0.002304  0.027650  0.099078  0.000000  
0.041633  0.011550  0.005909  0.023100  0.002686  0.003492  0.010475  0.001074  0.213269  0.084878  0.006715  0.008058  0.010744  0.227236  0.194198  0.014504  0.019608  0.011550  0.023368  0.060435  0.055332  0.001343  0.003760  0.059629  0.012893  0.015847  0.044856  0.011281  0.018802  0.030083  0.002955  0.016385  0.017728  0.016653  0.009132  0.024174  0.014504  0.006984  0.018265  0.012624  0.016385  0.006178  0.070642  0.165995  0.272898  0.414182  0.096428  0.005103  0.031695  1.000000  0.014773  0.017728  0.001074  0.051840  0.179694  0.000000  
74.000000  42.000000  27.000000  36.000000  1.000000  5.000000  2.000000  1.000000  43.000000  82.000000  14.000000  18.000000  53.000000  158.000000  70.000000  21.000000  13.000000  18.000000  30.000000  173.000000  51.000000  3.000000  11.000000  120.000000  22.000000  21.000000  56.000000  6.000000  9.000000  27.000000  6.000000  18.000000  20.000000  11.000000  20.000000  89.000000  38.000000  11.000000  14.000000  4.000000  22.000000  24.000000  115.000000  277.000000  239.000000  955.000000  484.000000  14.000000  63.000000  176.000000  0.000000  255.000000  10.000000  869.000000  668.000000  0.000000  
0.481426  0.037519  0.015973  0.032318  0.000371  0.002600  0.005201  0.000371  0.021545  0.050892  0.008544  0.007058  0.014487  0.046434  0.011887  0.005201  0.006315  0.005201  0.011144  0.071322  0.096211  0.001857  0.005201  0.038633  0.005572  0.006686  0.017459  0.003715  0.004829  0.012630  0.001857  0.008915  0.012259  0.004829  0.007429  0.034547  0.015230  0.002972  0.003343  0.002972  0.019316  0.008915  0.119985  0.175334  0.071694  0.201337  0.141902  0.044948  0.027860  0.059807  0.037890  1.000000  0.653046  0.173848  0.663076  0.000000  
0.000000  0.000000  0.000000  0.000000  0.000000  0.000000  0.000000  0.000000  0.000000  0.000000  0.000000  0.000000  0.000000  0.000000  0.000000  0.000000  0.000000  0.000000  0.000000  0.000000  0.000000  0.000000  0.000000  0.000000  0.000000  0.000000  0.000000  0.000000  0.000000  0.000000  0.000000  0.000000  0.000000  0.000000  0.000000  0.000000  0.000000  0.000000  0.000000  0.000000  0.000000  0.000000  0.000000  0.000000  0.000000  0.000000  0.000000  0.000000  0.000000  0.000000  0.000000  0.000000  0.000000  23.000000  0.000000  0.000000  
0.023294  0.020524  0.011710  0.012969  0.000378  0.001133  0.001385  0.000000  0.019768  0.022538  0.007555  0.007051  0.003777  0.107026  0.012969  0.007429  0.002015  0.005666  0.015361  0.090028  0.058172  0.001763  0.004785  0.071393  0.007807  0.007051  0.025057  0.002644  0.006925  0.013095  0.001889  0.011332  0.016620  0.006170  0.005666  0.026064  0.015865  0.004911  0.003400  0.003651  0.004785  0.001385  0.033745  0.130194  0.039159  0.115966  0.206245  0.014354  0.008562  0.026316  0.008310  0.224754  0.258877  1.000000  1.279527  0.000000  
0.120469  0.019723  0.007463  0.020256  0.001066  0.005330  0.005330  0.001066  0.015458  0.023987  0.004264  0.005864  0.004797  0.046908  0.014392  0.007463  0.003198  0.004797  0.005864  0.042644  0.029851  0.001066  0.007463  0.031983  0.004797  0.007463  0.030384  0.002665  0.003731  0.009062  0.004264  0.007463  0.009595  0.006930  0.005330  0.016525  0.013859  0.006397  0.007463  0.004797  0.015458  0.007463  0.078358  0.102345  0.091684  0.075693  0.106077  0.023987  0.060768  0.046908  0.025586  0.031983  0.455757  0.229744  1.000000  0.000000  
0.000000  0.000000  0.000000  0.000000  0.000000  0.000000  0.000000  0.000000  0.000000  0.000000  0.000000  0.000000  0.000000  0.000000  0.000000  0.000000  0.000000  0.000000  0.000000  0.000000  0.000000  0.000000  0.000000  0.000000  0.000000  0.000000  0.000000  0.000000  0.000000  0.000000  0.000000  0.000000  0.000000  0.000000  0.000000  0.000000  0.000000  0.000000  0.000000  0.000000  0.000000  0.000000  0.000000  0.000000  0.000000  0.000000  0.000000  0.000000  0.000000  0.000000  0.000000  0.000000  0.000000  0.000000  0.000000  0.000000  
0.002167  0.000528  0.001408  0.002602  0.031548  0.003549  0.002007  0.022308  0.000900  0.000499  0.003744  0.001909  0.001336  0.000347  0.000715  0.002122  0.004927  0.001600  0.002041  0.000400  0.000507  0.006726  0.003975  0.000397  0.004507  0.002904  0.001168  0.005492  0.002326  0.001575  0.003484  0.003203  0.003254  0.003422  0.001048  0.000533  0.001566  0.007054  0.001547  0.002071  0.000943  0.001153  0.000478  0.000365  0.001068  0.001012  0.003022  0.011154  0.001514  0.000517  0.031548  0.000608  0.031548  0.000354  0.000728  0.031548  