1.000000  0.038462  0.030769  0.230769  0.000000  0.000000  0.000000  0.000000  0.061538  0.092308  0.046154  0.015385  0.030769  1.000000  0.015385  0.030769  6.615385  1.023077  0.061538  0.238462  0.092308  0.000000  0.030769  0.161538  0.046154  0.030769  0.107692  0.030769  0.023077  1.038462  0.015385  0.023077  0.038462  0.007692  1.523077  0.223077  0.076923  6.938461  0.415385  4.661539  2.015385  0.607692  32.884617  41.138462  0.476923  0.992308  0.230769  0.046154  0.038462  0.030769  0.000000  2.361538  0.030769  1.738461  1.238461  0.000000  
0.187097  1.000000  0.001843  0.075576  0.013825  0.005530  0.017512  0.007373  0.135484  0.150230  0.035023  0.029493  0.128111  0.274654  0.019355  0.023963  0.017512  0.046083  0.022120  0.114286  0.033180  0.000000  0.022120  0.068203  0.014747  0.028571  0.044240  0.017512  0.021198  0.019355  0.001843  0.008295  0.021198  0.008295  0.011982  0.115207  0.016590  0.015668  0.007373  0.000922  0.029493  0.002765  0.071889  0.211982  0.048848  0.032258  0.047926  0.063594  0.011982  0.058986  0.006452  0.010138  0.044240  0.068203  0.257143  0.000000  
0.071006  1.402367  1.000000  0.745562  0.005917  0.005917  0.005917  0.023669  0.059172  1.680473  0.165680  0.136095  0.201183  1.147929  0.343195  0.011834  0.011834  0.017751  0.059172  0.307692  0.159763  0.000000  0.017751  0.112426  0.023669  0.165680  0.177515  0.023669  0.207101  0.005917  0.011834  0.011834  0.017751  0.005917  0.011834  0.065089  0.017751  0.000000  0.005917  0.005917  0.053254  0.000000  0.106509  0.621302  0.224852  0.153846  0.165680  0.118343  0.023669  0.094675  0.011834  0.059172  1.224852  0.284024  1.207101  0.000000  
0.226351  2.675676  2.918919  1.000000  0.064189  0.087838  0.016892  0.013514  0.895270  2.912162  0.239865  0.027027  0.226351  2.006757  0.206081  0.067568  0.016892  0.314189  0.027027  0.172297  0.081081  0.000000  0.013514  0.087838  0.013514  0.047297  0.064189  0.067568  0.097973  0.027027  0.003378  0.023649  0.020270  0.010135  0.047297  0.375000  0.030405  0.023649  0.050676  0.179054  0.108108  0.006757  0.209459  0.445946  0.020270  0.054054  0.104730  1.702703  0.179054  0.064189  0.043919  0.033784  0.010135  0.155405  1.003378  0.000000  
0.000000  0.000000  0.000000  19.000000  1.000000  0.000000  0.000000  0.000000  0.000000  178.000000  12.000000  3.000000  9.000000  5.000000  0.000000  0.000000  0.000000  0.000000  0.000000  0.000000  0.000000  0.000000  0.000000  0.000000  0.000000  0.000000  0.000000  0.000000  0.000000  0.000000  0.000000  0.000000  0.000000  0.000000  0.000000  0.000000  0.000000  0.000000  0.000000  0.000000  0.000000  0.000000  0.000000  0.000000  0.000000  0.000000  0.000000  0.000000  0.000000  0.000000  0.000000  0.000000  0.000000  0.000000  1.000000  0.000000  
73.500000  0.000000  0.000000  0.000000  0.000000  1.000000  0.000000  0.000000  0.000000  0.500000  0.000000  0.000000  0.000000  47.000000  0.000000  0.000000  0.000000  0.000000  0.000000  0.000000  0.000000  0.000000  0.000000  0.000000  0.000000  0.000000  0.000000  0.000000  0.000000  0.000000  0.000000  0.000000  0.000000  0.000000  0.000000  0.000000  0.000000  0.000000  0.500000  0.000000  0.500000  0.000000  3.000000  0.500000  0.500000  0.500000  0.000000  0.000000  0.000000  0.000000  0.000000  1.000000  0.000000  1.000000  8.000000  0.000000  
0.056180  0.089888  0.033708  0.056180  0.000000  0.000000  1.000000  0.000000  0.123596  0.056180  0.011236  0.000000  0.000000  0.449438  6.202247  0.011236  0.022472  0.022472  0.011236  0.044944  0.056180  0.000000  0.000000  0.022472  0.011236  0.011236  0.033708  0.000000  0.022472  0.022472  0.000000  0.000000  0.000000  0.000000  0.000000  0.033708  0.000000  0.000000  0.000000  0.000000  0.022472  0.000000  0.044944  0.235955  0.213483  0.404494  0.359551  0.033708  0.269663  0.775281  0.011236  0.022472  0.000000  0.213483  0.235955  0.000000  
0.000000  2.500000  0.000000  21.000000  1.000000  0.000000  0.000000  1.000000  1.500000  3.000000  0.000000  0.000000  0.000000  12.500000  0.000000  0.000000  0.000000  0.000000  0.000000  0.000000  0.000000  0.000000  0.000000  0.000000  0.000000  0.000000  0.000000  0.000000  0.000000  0.000000  0.000000  0.000000  0.000000  0.000000  0.000000  0.000000  0.000000  0.000000  0.000000  0.000000  0.000000  0.000000  0.000000  0.500000  0.000000  1.000000  0.000000  0.000000  0.000000  0.000000  0.000000  0.000000  0.000000  0.000000  1.000000  0.000000  
0.100418  0.041841  0.023013  0.211297  0.008368  0.004184  0.004184  0.004184  1.000000  0.460251  0.056485  0.023013  0.014644  0.205021  0.004184  0.008368  0.000000  0.064854  0.002092  0.008368  0.004184  0.000000  0.008368  0.031381  0.002092  0.002092  0.035565  0.133891  0.069038  0.004184  0.006276  0.016736  0.002092  0.000000  0.000000  0.004184  0.002092  0.000000  0.000000  0.000000  0.002092  0.000000  0.010460  0.397490  4.684101  0.112971  0.000000  0.031381  0.000000  0.037657  0.004184  0.000000  0.004184  0.029289  0.066946  0.000000  
0.019608  0.013869  0.000956  0.083214  0.002869  0.002391  0.006695  0.001913  0.011478  1.000000  0.149211  0.375418  0.030129  0.052128  0.005261  0.000000  0.000000  0.000000  0.314682  0.464371  0.233859  0.000478  0.123864  0.175992  0.013869  0.192731  0.354376  0.000956  0.000478  0.000956  0.002869  0.000000  0.000000  0.000000  0.000000  0.000000  0.000478  0.000000  0.000956  0.000000  0.000000  0.000000  0.005261  0.144907  0.317551  0.013391  0.000000  0.113821  0.002391  0.004304  0.001435  0.000000  0.000000  0.000000  0.006217  0.000000  
0.000000  0.025641  0.012821  0.525641  0.012821  0.025641  0.012821  0.000000  0.076923  0.576923  1.000000  0.025641  0.051282  0.346154  0.051282  0.051282  0.000000  0.000000  2.064103  9.846154  2.000000  0.000000  0.269231  1.666667  0.205128  0.205128  1.089744  0.025641  0.000000  0.025641  0.025641  0.000000  0.000000  0.000000  0.000000  0.000000  0.000000  0.000000  0.000000  0.000000  0.000000  0.000000  0.038462  1.410256  3.551282  0.243590  0.000000  0.205128  0.000000  0.025641  0.012821  0.000000  0.000000  0.000000  0.076923  0.000000  
0.121951  0.060976  0.042683  0.371951  0.006098  0.018293  0.024390  0.012195  0.018293  0.420732  0.054878  1.000000  0.225610  0.152439  0.036585  0.030488  0.006098  0.121951  0.353659  1.109756  0.640244  0.000000  0.493902  0.560976  0.060976  0.817073  1.536585  0.018293  0.030488  0.176829  0.054878  0.030488  0.000000  0.000000  0.073171  0.000000  0.060976  0.000000  0.000000  0.000000  0.000000  0.000000  0.073171  0.414634  0.384146  0.073171  0.000000  0.109756  0.006098  0.012195  0.006098  0.006098  0.000000  0.000000  0.042683  0.000000  
0.000000  0.011136  0.007795  0.053452  0.002227  0.000000  0.000000  0.000000  0.005568  0.128062  0.042316  0.023385  1.000000  0.277283  0.002227  0.000000  0.000000  0.001114  0.020045  0.237194  0.101336  0.000000  0.023385  0.664811  0.066815  0.079065  0.296214  0.006682  0.003341  0.001114  0.048998  0.000000  0.007795  0.000000  0.000000  0.000000  0.000000  0.000000  0.000000  0.000000  0.000000  0.000000  0.005568  0.072383  0.033408  0.015590  0.000000  0.031180  0.001114  0.003341  0.001114  0.000000  0.000000  0.011136  0.010022  0.000000  
0.305063  0.008654  0.000865  0.073561  0.005625  0.009087  0.022501  0.000865  0.011683  0.035915  0.031588  0.008222  0.036348  1.000000  0.113371  0.081350  0.016876  0.034184  0.009087  0.067071  0.073561  0.000000  0.009520  0.128083  0.006923  0.004327  0.054955  0.021636  0.027261  0.043704  0.017741  0.021636  0.037646  0.086543  0.048031  0.501514  0.001298  0.000433  0.002164  0.000865  0.001298  0.012116  0.017309  0.120294  0.184768  0.038511  0.006923  0.012116  0.004327  0.004760  0.004760  0.010818  0.000865  0.169191  0.225444  0.000000  
0.389752  0.147516  0.063665  0.032609  0.001553  0.003106  0.059006  0.001553  0.076087  0.074534  0.015528  0.003106  0.012422  0.259317  1.000000  0.018634  0.018634  0.018634  0.006211  0.051242  0.082298  0.000000  0.003106  0.026398  0.004658  0.010870  0.034161  0.004658  0.015528  0.027950  0.003106  0.007764  0.017081  0.004658  0.012422  0.077640  0.017081  0.009317  0.007764  0.004658  0.024845  0.006211  0.055901  0.169255  0.321429  0.346273  0.321429  0.046584  0.190994  0.468944  0.034161  0.020186  0.004658  0.279503  0.263975  0.000000  
0.594595  0.135135  0.108108  0.067568  0.000000  0.000000  0.000000  0.000000  0.067568  0.148649  0.108108  0.027027  0.027027  0.351351  0.081081  1.000000  0.013514  0.013514  0.527027  2.716216  4.689189  0.000000  0.135135  0.527027  0.013514  0.013514  0.324324  0.027027  0.027027  0.121622  0.027027  0.027027  0.040541  0.054054  1.216216  0.054054  0.297297  0.000000  0.000000  0.000000  0.054054  0.000000  0.351351  3.229730  0.567568  0.418919  0.364865  0.040541  0.040541  0.418919  0.027027  0.067568  0.027027  1.310811  0.378378  0.000000  
0.158730  0.023810  0.015873  1.801587  0.039683  0.015873  0.055556  0.031746  0.206349  0.023810  0.000000  0.023810  0.000000  0.134921  0.000000  0.000000  1.000000  1.142857  0.111111  0.341270  0.238095  0.000000  0.119048  0.023810  0.007937  0.079365  0.119048  0.000000  0.023810  2.603175  0.246032  0.039683  0.031746  0.000000  0.023810  0.000000  0.000000  0.000000  0.007937  0.000000  0.000000  0.007937  0.015873  1.984127  4.420635  0.119048  0.023810  0.412698  0.023810  0.103175  0.015873  0.000000  0.000000  0.111111  0.317460  0.000000  
0.033742  0.015337  0.009202  0.052147  0.000000  0.000000  0.000000  0.000000  0.021472  0.015337  0.006135  0.003067  0.003067  0.245399  0.000000  0.012270  0.015337  1.000000  0.009202  0.036810  0.030675  0.000000  0.006135  0.061350  0.009202  0.006135  0.027607  0.021472  0.006135  0.033742  0.009202  2.144172  1.947853  0.006135  0.009202  0.024540  0.030675  0.018405  0.018405  0.012270  0.015337  0.116564  0.110429  0.726994  0.061350  0.141104  0.147239  0.018405  0.003067  0.024540  0.006135  0.033742  0.000000  0.300613  0.036810  0.000000  
0.062500  0.148438  0.085938  0.273438  0.000000  0.000000  0.000000  0.000000  0.015625  0.523438  0.093750  0.023438  0.054688  0.046875  0.000000  0.000000  0.000000  0.000000  1.000000  3.710938  0.078125  0.000000  0.101562  0.140625  0.062500  0.015625  0.039062  0.000000  0.000000  0.000000  0.000000  0.000000  0.000000  0.000000  0.000000  0.000000  0.000000  0.000000  0.000000  0.000000  0.000000  0.000000  0.000000  0.429688  0.390625  0.046875  0.070312  0.210938  0.062500  0.164062  0.070312  0.031250  0.000000  0.078125  0.289062  0.000000  
0.117287  0.029577  0.057114  0.128506  0.001020  0.000510  0.002040  0.001530  0.018868  0.056094  0.021928  0.007139  0.038246  0.040286  0.009689  0.003060  0.004589  0.005609  0.077511  1.000000  0.095869  0.000510  0.065783  0.108618  0.029067  0.019888  0.033656  0.001530  0.001020  0.006629  0.001530  0.002040  0.003060  0.002550  0.005609  0.025497  0.004080  0.001020  0.001530  0.002550  0.004080  0.002040  0.012749  0.134115  0.074962  0.058134  0.023967  0.013259  0.003570  0.014788  0.003570  0.026007  0.002040  0.094850  0.081591  0.000000  
0.068729  0.017182  0.000000  0.001718  0.000000  0.000000  0.000000  0.000000  0.012027  0.034364  0.010309  0.000000  0.008591  0.010309  0.000000  0.003436  0.008591  0.003436  0.003436  0.010309  1.000000  0.000000  0.000000  0.005155  0.001718  0.003436  0.008591  0.000000  0.000000  0.006873  0.000000  0.001718  0.005155  0.000000  0.003436  0.010309  0.005155  0.005155  0.001718  0.000000  0.008591  0.003436  0.024055  0.113402  0.079038  0.178694  0.180412  0.003436  0.001718  0.214777  0.003436  0.003436  0.000000  0.079038  0.481100  0.000000  
0.000000  0.000000  0.000000  0.000000  0.000000  0.000000  0.000000  0.000000  0.000000  0.000000  0.000000  0.000000  0.000000  0.000000  0.000000  0.000000  0.000000  0.000000  0.000000  0.000000  0.000000  1.000000  0.000000  0.000000  0.000000  0.000000  0.000000  0.000000  0.000000  0.000000  0.000000  0.000000  0.000000  0.000000  0.000000  0.000000  0.000000  0.000000  0.000000  0.000000  0.000000  0.000000  0.000000  0.000000  0.000000  0.000000  0.000000  0.000000  0.000000  2.000000  0.000000  0.000000  0.000000  0.000000  2.000000  0.000000  
0.138889  0.000000  0.000000  0.000000  0.000000  0.000000  0.000000  0.000000  0.000000  0.611111  0.069444  0.000000  0.222222  0.000000  0.000000  0.000000  0.000000  0.000000  0.069444  0.138889  0.000000  0.000000  1.000000  0.000000  0.000000  0.000000  0.000000  0.000000  0.000000  0.000000  0.000000  0.000000  0.000000  0.000000  0.000000  0.000000  0.000000  0.000000  0.000000  0.000000  0.000000  0.000000  0.000000  0.138889  0.000000  0.000000  0.000000  0.013889  0.777778  0.013889  0.000000  0.000000  0.000000  0.000000  0.569444  0.000000  
0.012996  0.119015  0.012996  0.112175  0.001368  0.002052  0.004104  0.000000  0.008208  0.025308  0.002736  0.003420  0.041724  0.034200  0.002736  0.003420  0.003420  0.004104  0.034884  0.359781  0.181943  0.000000  0.051300  1.000000  0.048564  0.008208  0.044460  0.008892  0.004788  0.014364  0.005472  0.003420  0.004788  0.004788  0.002052  0.009576  0.015732  0.000684  0.001368  0.001368  0.003420  0.002052  0.014364  0.087551  0.149795  0.036252  0.017100  0.021204  0.002736  0.024624  0.019152  0.013680  0.005472  0.133379  0.199726  0.000000  
0.009901  0.079208  0.044554  0.039604  0.000000  0.000000  0.000000  0.000000  0.004950  0.034653  0.014851  0.009901  0.034653  0.044554  0.029703  0.004950  0.000000  0.004950  0.024752  0.113861  0.485149  0.000000  0.049505  0.074257  1.000000  0.009901  0.029703  0.000000  0.000000  0.004950  0.004950  0.004950  0.004950  0.004950  0.000000  0.004950  0.000000  0.000000  0.000000  0.000000  0.000000  0.000000  0.000000  0.148515  0.000000  0.019802  0.009901  0.014851  0.009901  0.014851  0.019802  0.029703  0.000000  0.183168  0.490099  0.000000  
0.569231  0.338462  0.184615  3.169231  0.046154  0.030769  0.400000  0.030769  0.200000  0.723077  0.169231  0.092308  0.076923  0.492308  0.076923  0.030769  0.046154  0.030769  0.815385  2.661538  3.753846  0.015385  0.338462  2.030769  0.184615  1.000000  1.461538  0.046154  0.015385  0.369231  0.107692  0.061538  0.061538  0.015385  0.138462  0.030769  0.123077  0.000000  0.015385  0.015385  0.030769  0.015385  0.169231  1.138462  0.969231  0.046154  0.030769  0.384615  0.046154  0.276923  0.030769  0.076923  0.076923  0.261538  0.692308  0.000000  
0.193370  0.110497  0.088398  0.348066  0.005525  0.005525  0.027624  0.005525  0.038674  0.546961  0.160221  0.116022  0.176796  0.734807  0.138122  0.027624  0.038674  0.033149  0.458564  0.878453  1.469613  0.000000  0.060773  0.850829  0.077348  0.243094  1.000000  0.033149  0.116022  0.801105  0.055249  0.066298  0.143646  0.022099  0.138122  0.077348  0.220994  0.011050  0.038674  0.022099  0.049724  0.055249  0.469613  0.348066  0.635359  0.066298  0.116022  0.138122  0.011050  0.099448  0.011050  0.093923  0.099448  0.480663  1.320442  0.000000  
0.130435  0.108696  0.043478  0.000000  0.000000  0.000000  0.000000  0.000000  0.282609  0.369565  0.000000  0.000000  0.108696  0.239130  0.000000  0.000000  0.000000  0.000000  0.000000  0.239130  0.152174  0.000000  0.108696  1.173913  0.021739  0.065217  0.021739  1.000000  0.847826  0.413043  0.000000  0.021739  0.021739  0.043478  0.130435  0.000000  0.000000  0.021739  0.000000  0.000000  0.065217  0.000000  0.347826  0.478261  3.130435  0.108696  0.065217  0.065217  0.021739  0.021739  0.065217  0.086957  0.000000  1.021739  0.369565  0.000000  
0.115385  0.019231  0.019231  0.000000  0.000000  0.000000  0.000000  0.000000  0.096154  0.096154  0.019231  0.000000  0.000000  0.903846  0.000000  0.000000  0.000000  0.057692  0.038462  0.096154  0.711538  0.000000  0.115385  0.980769  0.153846  0.000000  0.346154  0.076923  1.000000  1.980769  0.096154  0.000000  0.000000  0.038462  0.000000  0.000000  0.038462  0.000000  0.019231  0.000000  0.346154  0.038462  1.019231  0.538462  1.461538  0.057692  0.019231  0.057692  0.019231  0.038462  0.019231  0.096154  0.000000  0.884615  0.365385  0.000000  
0.142857  0.142857  0.071429  0.102041  0.000000  0.030612  0.000000  0.020408  0.081633  0.020408  0.040816  0.010204  0.020408  0.265306  0.010204  0.030612  0.061224  0.051020  0.010204  0.061224  0.346939  0.000000  0.030612  1.602041  0.112245  0.010204  0.255102  0.102041  0.081633  1.000000  0.030612  0.051020  0.040816  0.010204  0.091837  0.081633  0.102041  0.020408  0.071429  0.020408  0.040816  0.081633  0.193878  1.969388  1.285714  0.285714  0.275510  0.132653  0.020408  0.040816  0.020408  0.214286  0.020408  0.744898  1.918367  0.000000  
0.000000  0.000000  0.000000  0.000000  0.000000  0.000000  0.000000  0.000000  0.000000  0.000000  0.000000  0.000000  0.000000  0.000000  0.000000  0.000000  0.000000  0.000000  0.000000  0.026316  0.000000  0.000000  0.000000  0.131579  0.184211  0.000000  0.000000  0.026316  0.052632  0.000000  1.000000  0.000000  0.000000  0.000000  0.000000  0.026316  0.000000  0.000000  0.000000  0.000000  0.000000  0.000000  0.000000  0.394737  0.000000  0.131579  0.184211  0.026316  0.000000  0.000000  0.000000  0.000000  0.000000  0.447368  0.184211  0.000000  
0.548387  0.290323  0.193548  0.225806  0.000000  0.064516  0.032258  0.000000  2.225806  0.870968  0.064516  0.032258  0.193548  5.516129  0.064516  0.612903  0.064516  0.677419  0.064516  0.193548  0.258065  0.000000  0.032258  1.096774  0.225806  0.064516  0.548387  0.193548  0.419355  0.096774  0.709677  1.000000  1.129032  0.096774  0.548387  1.870968  0.935484  0.516129  0.129032  0.322581  0.096774  1.129032  2.645161  1.580645  0.516129  3.000000  4.322581  0.225806  0.129032  0.258065  0.193548  0.935484  0.096774  2.612903  2.161290  0.000000  
0.166667  0.583333  0.266667  0.266667  0.000000  0.016667  0.016667  0.000000  0.116667  0.316667  0.150000  0.066667  0.100000  0.450000  0.016667  0.100000  0.100000  0.583333  0.133333  0.616667  0.116667  0.000000  0.050000  0.400000  0.116667  0.100000  0.233333  0.133333  0.033333  0.150000  0.033333  0.500000  1.000000  0.050000  0.116667  0.316667  0.216667  0.233333  0.050000  0.050000  0.100000  0.150000  0.966667  0.683333  0.483333  1.183333  1.400000  0.133333  0.100000  0.816667  0.233333  2.216667  0.183333  11.983334  2.900000  0.000000  
1.333333  0.666667  0.666667  0.000000  0.000000  0.000000  0.000000  0.000000  1.000000  1.666667  0.000000  0.333333  0.000000  6.666667  1.666667  2.333333  0.333333  0.333333  1.666667  6.666667  18.000000  0.000000  0.666667  30.666666  5.333333  0.666667  6.666667  1.333333  0.666667  0.000000  2.000000  5.000000  1.333333  1.000000  10.333333  2.666667  7.000000  0.333333  0.000000  0.000000  0.333333  0.333333  3.333333  7.666667  5.000000  1.000000  2.000000  0.333333  0.333333  0.666667  0.666667  0.333333  0.000000  5.666667  3.666667  0.000000  
0.012539  0.003135  0.003135  0.003135  0.000000  0.000000  0.000000  0.000000  0.001567  0.003135  0.000000  0.000000  0.001567  0.003135  0.001567  0.001567  0.003135  0.000000  0.003135  0.012539  0.018809  0.000000  0.003135  0.006270  0.015674  0.000000  0.006270  0.000000  0.000000  0.007837  0.006270  0.001567  0.001567  0.000000  1.000000  0.023511  0.039185  0.000000  0.000000  0.000000  0.000000  0.000000  0.000000  0.242947  0.001567  0.014107  0.018809  0.004702  0.003135  0.010972  0.001567  0.003135  0.001567  0.028213  0.029781  0.000000  
0.018664  0.002625  0.000875  0.001750  0.000000  0.000000  0.000000  0.000583  0.001458  0.009332  0.001167  0.000000  0.000583  0.023039  0.001167  0.061826  0.000583  0.009041  0.000875  0.002333  0.031788  0.000000  0.005833  0.018664  0.000583  0.000583  0.002041  0.000583  0.000292  0.040537  0.005541  0.005833  0.001458  0.006707  0.035287  1.000000  0.615631  0.000292  0.000583  0.000292  0.000875  0.000292  0.002625  0.400117  0.003791  0.025955  0.018373  0.003500  0.003500  0.007291  0.002333  0.001167  0.000875  0.024789  0.031788  0.000000  
0.147059  0.029412  0.044118  0.088235  0.000000  0.000000  0.000000  0.000000  0.058824  0.058824  0.014706  0.014706  0.014706  0.279412  0.000000  0.014706  0.014706  0.014706  0.014706  0.073529  0.029412  0.000000  0.014706  0.044118  0.014706  0.014706  0.029412  0.014706  0.014706  0.014706  0.000000  0.014706  0.014706  0.014706  0.014706  0.102941  1.000000  0.000000  0.000000  0.000000  0.000000  0.014706  0.014706  1.176471  0.147059  0.250000  0.691176  0.102941  0.132353  0.191176  0.058824  0.029412  0.044118  1.735294  1.176471  0.000000  
2.970588  0.029412  0.000000  0.029412  0.000000  0.000000  0.000000  0.000000  0.029412  0.058824  0.029412  0.029412  0.029412  0.088235  0.000000  0.029412  0.029412  0.029412  0.029412  0.147059  0.058824  0.000000  0.029412  0.147059  0.029412  0.029412  0.058824  0.029412  0.029412  0.029412  0.000000  0.029412  0.029412  0.000000  0.029412  0.147059  0.088235  1.000000  0.000000  0.000000  0.000000  0.029412  13.588235  19.411764  0.029412  0.470588  1.000000  0.000000  0.029412  0.029412  0.000000  0.117647  0.029412  2.294118  0.382353  0.000000  
0.112710  0.000000  0.000000  0.000000  0.000000  0.000000  0.000000  0.000000  0.002398  0.002398  0.000000  0.000000  0.000000  0.167866  0.000000  0.000000  0.000000  0.000000  0.000000  0.004796  0.002398  0.000000  0.000000  0.002398  0.000000  0.000000  0.002398  0.000000  0.000000  0.002398  0.000000  0.000000  0.000000  0.000000  0.000000  0.004796  0.002398  0.000000  1.000000  0.000000  0.000000  0.000000  0.561151  0.038369  0.004796  0.028777  0.028777  0.000000  0.000000  0.000000  0.000000  0.014388  0.000000  0.275779  0.026379  0.000000  
0.187970  0.000000  0.000000  0.007519  0.000000  0.000000  0.000000  0.000000  0.007519  0.007519  0.000000  0.000000  0.000000  0.067669  0.000000  0.000000  0.000000  0.000000  0.007519  0.022556  0.007519  0.000000  0.000000  0.015038  0.000000  0.000000  0.007519  0.000000  0.000000  0.007519  0.000000  0.000000  0.000000  0.000000  0.007519  0.022556  0.007519  0.007519  0.000000  1.000000  0.105263  0.000000  1.593985  0.353383  0.007519  0.090226  0.218045  0.000000  0.000000  0.000000  0.000000  0.007519  0.000000  0.789474  0.142857  0.000000  
0.039823  0.004425  0.004425  0.004425  0.000000  0.000000  0.000000  0.000000  0.004425  0.008850  0.004425  0.000000  0.004425  0.013274  0.000000  0.000000  0.000000  0.000000  0.004425  0.026549  0.008850  0.000000  0.004425  0.017699  0.004425  0.004425  0.008850  0.004425  0.000000  0.004425  0.000000  0.000000  0.004425  0.000000  0.004425  0.017699  0.013274  0.000000  0.000000  0.000000  1.000000  0.013274  0.075221  0.150442  0.013274  0.030973  0.106195  0.000000  0.004425  0.004425  0.000000  0.004425  0.004425  4.309734  0.084071  0.000000  
0.000000  0.000000  0.000000  0.004219  0.000000  0.000000  0.000000  0.000000  0.008439  0.008439  0.004219  0.004219  0.004219  0.012658  0.000000  0.004219  0.004219  0.004219  0.004219  0.029536  0.008439  0.000000  0.004219  0.021097  0.004219  0.004219  0.012658  0.004219  0.004219  0.008439  0.004219  0.004219  0.004219  0.000000  0.004219  0.029536  0.012658  0.000000  0.000000  0.000000  0.004219  1.000000  0.063291  0.071730  0.008439  0.059072  0.219409  0.000000  0.004219  0.004219  0.000000  0.004219  0.004219  1.763713  0.004219  0.000000  
0.964079  0.010429  0.009270  0.012746  0.000000  0.000000  0.000000  0.000000  0.016222  0.023175  0.010429  0.005794  0.008111  0.107764  0.002317  0.006952  0.005794  0.006952  0.013905  0.057937  0.018540  0.000000  0.008111  0.044032  0.010429  0.006952  0.024334  0.006952  0.005794  0.015064  0.003476  0.006952  0.010429  0.003476  0.012746  0.052144  0.023175  0.017381  0.165701  0.024334  0.013905  0.006952  1.000000  1.666280  0.024334  0.110081  0.200464  0.000000  0.010429  0.008111  0.000000  0.042874  0.009270  0.785632  0.165701  0.000000  
0.242664  0.009548  0.005356  0.030508  0.000699  0.000233  0.000932  0.000000  0.018398  0.015603  0.006288  0.003726  0.013274  0.083139  0.006521  0.006754  0.008384  0.009082  0.013507  0.086633  0.055193  0.000000  0.004891  0.081975  0.030973  0.007219  0.051933  0.004425  0.006288  0.041919  0.009315  0.003959  0.009082  0.003027  0.017932  0.022124  0.013740  0.002795  0.007219  0.003260  0.007452  0.004192  0.079413  1.000000  0.153703  0.128319  0.147182  0.007685  0.004192  0.037494  0.002795  0.025617  0.048440  0.417094  0.178854  0.000000  
0.253289  0.074013  0.029605  0.085526  0.000000  0.003289  0.004934  0.000000  0.009868  0.059211  0.014803  0.006579  0.013158  0.037829  0.001645  0.003289  0.004934  0.009868  0.004934  0.031250  0.018092  0.000000  0.004934  0.021382  0.003289  0.004934  0.014803  0.003289  0.004934  0.006579  0.001645  0.003289  0.006579  0.001645  0.004934  0.031250  0.003289  0.003289  0.001645  0.003289  0.006579  0.003289  0.018092  0.129934  1.000000  0.116776  0.139803  0.069079  0.014803  0.023026  0.055921  0.088816  1.754934  0.271382  3.886513  0.000000  
0.288153  0.067269  0.045181  0.125502  0.004016  0.002008  0.026104  0.001004  0.194779  0.326305  0.095382  0.110442  0.164659  0.534137  0.177711  0.080321  0.109438  0.108434  0.137550  0.429719  0.213855  0.000000  0.038153  0.314257  0.078313  0.080321  0.233936  0.044177  0.054217  0.128514  0.038153  0.048193  0.057229  0.022088  0.201807  0.386546  0.101406  0.088353  0.096386  0.053213  0.042169  0.057229  0.431727  0.745984  0.572289  1.000000  3.494980  0.048193  0.036145  0.134538  0.025100  0.045181  0.014056  0.337349  0.560241  0.000000  
0.777778  0.222222  0.074074  0.370370  0.000000  0.000000  0.000000  0.000000  0.222222  0.185185  0.074074  0.037037  0.111111  0.222222  0.037037  0.074074  0.037037  0.074074  0.148148  0.407407  0.555556  0.000000  0.074074  0.333333  0.111111  0.074074  0.444444  0.148148  0.074074  0.481481  0.111111  0.185185  0.518519  0.074074  0.111111  0.185185  0.111111  0.185185  0.222222  0.148148  0.111111  0.259259  0.481481  12.740741  1.592593  1.333333  1.000000  0.222222  0.037037  1.851852  0.037037  2.296296  0.481481  5.555555  13.518518  0.000000  
25.666666  49.666668  33.333332  73.333336  2.000000  1.000000  4.000000  0.333333  31.666666  107.666664  10.666667  3.333333  10.000000  119.000000  61.000000  6.666667  27.666666  10.333333  13.666667  33.333332  16.000000  0.000000  2.000000  28.333334  4.666667  9.666667  14.333333  1.333333  3.333333  12.000000  1.333333  2.666667  3.333333  4.666667  3.333333  12.333333  6.333333  3.333333  4.666667  16.000000  2.333333  2.000000  25.333334  43.333332  34.000000  128.000000  32.333332  1.000000  5.333333  74.666664  48.000000  5.000000  0.000000  14.000000  120.333336  0.000000  
0.074627  0.159204  0.099502  0.378109  0.019900  0.009950  0.024876  0.024876  0.109453  0.338308  0.034826  0.034826  0.089552  0.587065  0.258706  0.024876  0.074627  0.059701  0.029851  0.084577  0.049751  0.000000  0.049751  0.059701  0.009950  0.019900  0.039801  0.004975  0.014925  0.024876  0.000000  0.014925  0.024876  0.009950  0.009950  0.059701  0.009950  0.154229  0.089552  0.019900  0.009950  0.019900  0.169154  0.124378  0.194030  0.761194  0.094527  0.034826  1.000000  0.810945  0.009950  0.034826  0.000000  0.000000  0.114428  0.000000  
0.205882  0.047794  0.029412  0.227941  0.007353  0.007353  0.018382  0.003676  1.106618  0.360294  0.044118  0.040441  0.055147  0.474265  0.224265  0.047794  0.213235  0.069853  0.095588  0.180147  0.117647  0.000000  0.018382  0.216912  0.051471  0.051471  0.209559  0.047794  0.073529  0.139706  0.022059  0.080882  0.095588  0.022059  0.044118  0.117647  0.055147  0.055147  0.095588  0.091912  0.055147  0.033088  0.290441  0.632353  0.632353  1.397059  0.360294  0.022059  0.165441  1.000000  0.033088  0.036765  0.003676  0.099265  1.363971  0.000000  
53.000000  28.000000  17.000000  39.000000  1.000000  3.000000  2.000000  1.000000  23.000000  59.000000  13.000000  11.000000  19.000000  67.000000  14.000000  10.000000  11.000000  14.000000  17.000000  68.000000  17.000000  0.000000  10.000000  52.000000  11.000000  10.000000  27.000000  4.000000  5.000000  15.000000  3.000000  8.000000  11.000000  3.000000  14.000000  60.000000  25.000000  12.000000  8.000000  8.000000  12.000000  19.000000  52.000000  161.000000  94.000000  545.000000  250.000000  11.000000  40.000000  83.000000  0.000000  153.000000  3.000000  319.000000  371.000000  0.000000  
1.017606  0.058099  0.019366  0.066901  0.001761  0.003521  0.008803  0.001761  0.035211  0.070423  0.014085  0.010563  0.019366  0.072183  0.017606  0.007042  0.010563  0.010563  0.017606  0.126761  0.066901  0.000000  0.007042  0.054577  0.008803  0.008803  0.033451  0.005282  0.005282  0.024648  0.005282  0.012324  0.017606  0.003521  0.015845  0.073944  0.024648  0.005282  0.005282  0.007042  0.035211  0.014085  0.172535  0.327465  0.080986  0.426056  0.364437  0.073944  0.028169  0.100352  0.031690  1.000000  1.080986  0.371479  0.663732  0.000000  
0.000000  0.000000  0.000000  0.000000  0.000000  0.000000  0.000000  0.000000  0.000000  0.000000  0.000000  0.000000  0.000000  0.000000  0.000000  0.000000  0.000000  0.000000  0.000000  0.000000  0.000000  0.000000  0.000000  0.000000  0.000000  0.000000  0.000000  0.000000  0.000000  0.000000  0.000000  0.000000  0.000000  0.000000  0.000000  0.000000  0.000000  0.000000  0.000000  0.000000  0.000000  0.000000  0.000000  0.000000  0.000000  0.000000  0.000000  0.000000  0.000000  0.000000  0.000000  0.000000  0.000000  124.000000  0.000000  0.000000  
0.028582  0.018560  0.009280  0.028211  0.000742  0.000742  0.003712  0.000000  0.015219  0.030438  0.010393  0.009280  0.015590  0.073125  0.014848  0.004454  0.007424  0.009651  0.019302  0.070527  0.038604  0.000000  0.005939  0.047884  0.008909  0.008537  0.027097  0.004454  0.005568  0.012992  0.002970  0.012249  0.022643  0.002598  0.011878  0.029696  0.012249  0.010022  0.007424  0.007795  0.006310  0.005568  0.030438  0.133259  0.024128  0.249814  0.209354  0.011507  0.007424  0.023385  0.003712  0.208612  0.100223  1.000000  1.302153  0.000000  
0.160345  0.022414  0.012069  0.027586  0.003448  0.003448  0.013793  0.001724  0.017241  0.034483  0.006897  0.008621  0.005172  0.056897  0.018966  0.013793  0.006897  0.006897  0.008621  0.050000  0.039655  0.000000  0.010345  0.041379  0.005172  0.006897  0.036207  0.003448  0.003448  0.008621  0.005172  0.008621  0.010345  0.005172  0.005172  0.018966  0.017241  0.018966  0.015517  0.013793  0.020690  0.010345  0.103448  0.158621  0.103448  0.082759  0.113793  0.031034  0.101724  0.067241  0.032759  0.029310  0.341379  0.343103  1.000000  0.000000  
0.000000  0.000000  0.000000  0.000000  0.000000  0.000000  0.000000  0.000000  0.000000  0.000000  0.000000  0.000000  0.000000  0.000000  0.000000  0.000000  0.000000  0.000000  0.000000  0.000000  0.000000  0.000000  0.000000  0.000000  0.000000  0.000000  0.000000  0.000000  0.000000  0.000000  0.000000  0.000000  0.000000  0.000000  0.000000  0.000000  0.000000  0.000000  0.000000  0.000000  0.000000  0.000000  0.000000  0.000000  0.000000  0.000000  0.000000  0.000000  0.000000  0.000000  0.000000  0.000000  0.000000  0.000000  0.000000  0.000000  
0.002767  0.000958  0.002427  0.001834  0.031548  0.022308  0.003344  0.022308  0.001443  0.000690  0.003572  0.002463  0.001053  0.000656  0.001243  0.003667  0.002811  0.001747  0.002788  0.000712  0.001308  0.031548  0.003718  0.000825  0.002220  0.003913  0.002345  0.004651  0.004375  0.003187  0.005118  0.005666  0.004073  0.018214  0.001249  0.000539  0.003826  0.005410  0.001545  0.002736  0.002099  0.002049  0.001074  0.000481  0.001279  0.001000  0.006071  0.018214  0.002225  0.001913  0.031548  0.001324  0.031548  0.000608  0.001310  0.031548  