1.000000  0.016698  0.009276  0.148423  0.000000  0.000000  0.000000  0.000000  0.074212  0.025974  0.009276  0.005566  0.009276  0.617811  0.003711  0.011132  1.801484  0.257885  0.016698  0.089054  0.048237  0.003711  0.005566  0.083488  0.011132  0.009276  0.029685  0.005566  0.007421  0.411874  0.003711  0.018553  0.012987  0.012987  0.159555  0.090909  0.024119  1.948052  0.153989  2.129870  1.185529  0.092764  22.677179  20.172543  0.335807  0.254174  0.081633  0.038961  0.005566  0.012987  0.003711  2.486085  0.356215  1.272727  1.270872  0.000000  
0.099867  1.000000  0.002071  0.054594  0.001923  0.003107  0.003995  0.000740  0.110667  0.102678  0.027815  0.019677  0.070277  0.218671  0.030182  0.023080  0.013020  0.020269  0.011392  0.097352  0.062583  0.001775  0.005622  0.084628  0.009025  0.020713  0.043793  0.010061  0.025300  0.018494  0.003699  0.014499  0.017754  0.032845  0.005030  0.063471  0.011836  0.004734  0.003847  0.001332  0.015683  0.003255  0.065986  0.134931  0.045273  0.036840  0.060068  0.055925  0.006658  0.056813  0.020417  0.019973  0.059180  0.089066  0.187602  0.000000  
0.033384  0.683612  1.000000  0.078149  0.000759  0.009105  0.001517  0.000759  0.080425  0.477997  0.042489  0.038695  0.065250  0.294385  0.041730  0.008346  0.002276  0.011381  0.020486  0.126707  0.129742  0.002276  0.016692  0.120637  0.007587  0.047041  0.064492  0.044765  0.081942  0.006070  0.003035  0.011381  0.014416  0.018968  0.008346  0.048558  0.003794  0.001517  0.003794  0.003794  0.027314  0.003035  0.063733  0.172989  0.049317  0.020486  0.028832  0.031866  0.009863  0.072838  0.013657  0.045524  1.402883  0.118361  0.404401  0.000000  
0.396896  7.980044  2.523282  1.000000  0.015521  0.011086  0.000000  0.002217  0.243902  5.215077  0.161863  0.004435  0.203991  1.401330  0.241685  0.013304  0.008869  0.101996  0.002217  0.057650  0.046563  0.000000  0.002217  0.031042  0.006652  0.000000  0.024390  0.004435  0.002217  0.013304  0.000000  0.013304  0.002217  0.006652  0.004435  0.053215  0.002217  0.000000  0.000000  0.048780  0.028825  0.000000  0.037694  0.146341  0.004435  0.006652  0.011086  0.208426  0.050998  0.219512  0.019956  0.015521  0.004435  0.037694  0.656319  0.000000  
0.000000  0.000000  0.000000  0.294118  1.000000  0.000000  0.000000  0.000000  0.000000  7.235294  0.058824  0.000000  0.000000  0.294118  0.000000  0.000000  0.000000  0.000000  0.000000  0.000000  0.000000  0.000000  0.000000  0.000000  0.000000  0.000000  0.000000  0.000000  0.000000  0.000000  0.000000  0.000000  0.000000  0.000000  0.000000  0.000000  0.000000  0.000000  0.000000  0.000000  0.000000  0.000000  0.000000  0.000000  0.000000  0.000000  0.000000  0.000000  0.000000  0.000000  0.000000  0.000000  0.000000  0.000000  0.000000  0.000000  
0.718447  0.048544  0.000000  0.048544  0.000000  1.000000  0.000000  0.000000  0.000000  0.000000  0.000000  0.000000  0.000000  2.747573  0.097087  0.000000  0.000000  0.000000  0.000000  0.000000  0.000000  0.000000  0.000000  0.000000  0.000000  0.000000  0.000000  0.000000  0.000000  0.000000  0.000000  0.000000  0.000000  0.000000  0.000000  0.000000  0.000000  0.000000  0.009709  0.000000  0.019417  0.000000  0.223301  0.135922  0.000000  0.000000  0.000000  0.048544  0.000000  0.029126  0.000000  0.271845  0.000000  0.000000  0.310680  0.000000  
0.000000  0.000000  6.308411  0.000000  0.000000  0.000000  1.000000  0.000000  0.252336  0.383178  0.000000  0.000000  0.000000  0.514019  1.514019  0.000000  0.000000  0.000000  0.000000  0.000000  0.000000  0.000000  0.000000  0.000000  0.000000  0.000000  0.000000  0.000000  0.000000  0.000000  0.000000  0.000000  0.000000  0.000000  0.000000  0.000000  0.000000  0.000000  0.000000  0.000000  0.000000  0.000000  0.000000  0.000000  0.000000  0.000000  0.000000  0.000000  0.000000  0.000000  0.000000  0.000000  0.000000  0.000000  0.000000  0.000000  
0.227273  0.181818  0.000000  0.772727  0.000000  0.454545  0.000000  1.000000  0.863636  0.227273  0.227273  0.000000  0.000000  2.363636  0.954545  0.000000  0.000000  0.000000  0.000000  0.136364  0.000000  0.000000  0.000000  0.909091  0.090909  0.000000  0.090909  0.000000  0.000000  0.090909  0.000000  0.000000  0.000000  0.000000  0.000000  0.000000  0.000000  0.000000  0.000000  0.000000  0.000000  0.000000  0.045455  0.318182  0.000000  0.000000  0.000000  0.000000  0.000000  0.000000  0.000000  0.000000  0.000000  0.000000  0.090909  0.000000  
0.035337  0.026258  0.019632  0.019877  0.000245  0.001227  0.000736  0.000000  1.000000  0.156074  0.012270  0.007853  0.003190  0.073620  0.002209  0.000000  0.008344  0.021595  0.027730  0.006135  0.003926  0.000000  0.000491  0.002454  0.001718  0.001227  0.000982  0.024049  0.024294  0.011288  0.000000  0.001963  0.004172  0.002945  0.000000  0.001718  0.000000  0.000000  0.000000  0.000000  0.001472  0.000000  0.004908  0.156564  3.266994  0.004908  0.002454  0.041472  0.000245  0.078282  0.000736  0.000000  0.038282  0.021104  0.032638  0.000000  
0.019776  0.024936  0.007911  0.022356  0.000344  0.000688  0.001892  0.000344  0.040757  1.000000  0.091660  0.447635  0.024936  0.019776  0.009458  0.005159  0.000000  0.000516  0.254170  0.388134  0.393121  0.003783  0.081513  0.136028  0.018917  0.224764  0.325022  0.000344  0.000516  0.002752  0.003095  0.000172  0.000000  0.001032  0.000000  0.000172  0.001376  0.000000  0.001376  0.000000  0.000000  0.000000  0.006879  0.160963  0.294583  0.008942  0.000000  0.046088  0.002752  0.006019  0.000000  0.000000  0.000000  0.000000  0.007051  0.000000  
0.000000  0.109890  0.109890  0.351648  0.010989  0.131868  0.054945  0.000000  0.362637  0.571429  1.000000  0.098901  0.032967  0.494505  0.230769  0.208791  0.000000  0.000000  3.637363  21.538462  10.384615  0.032967  0.395604  2.747253  0.373626  0.538462  0.945055  0.021978  0.043956  0.010989  0.131868  0.000000  0.000000  0.164835  0.000000  0.000000  0.000000  0.000000  0.000000  0.000000  0.000000  0.000000  0.065934  3.571429  10.000000  0.000000  0.000000  0.582418  0.000000  0.120879  0.000000  0.000000  0.000000  0.000000  0.087912  0.000000  
0.121739  0.208696  0.178261  0.217391  0.004348  0.017391  0.017391  0.004348  0.091304  0.308696  0.108696  1.000000  0.326087  0.234783  0.052174  0.660870  0.030435  0.108696  0.978261  2.782609  2.543478  0.000000  0.256522  3.582609  0.008696  0.921739  5.247826  0.030435  0.021739  1.291304  0.043478  0.095652  0.008696  0.008696  0.008696  0.008696  0.147826  0.000000  0.000000  0.000000  0.008696  0.000000  0.134783  1.447826  1.334783  0.008696  0.000000  0.226087  0.017391  0.069565  0.000000  0.056522  0.000000  0.000000  0.034783  0.000000  
0.000000  0.044283  0.010009  0.005156  0.000000  0.000303  0.000303  0.000000  0.006976  0.040946  0.023658  0.012739  1.000000  0.169851  0.001517  0.000303  0.000000  0.000000  0.025478  0.272672  0.209281  0.005156  0.025478  0.734001  0.055505  0.060055  0.245678  0.004246  0.010919  0.001517  0.020322  0.007886  0.008493  0.017288  0.000910  0.000607  0.000000  0.000000  0.000000  0.000000  0.000000  0.000000  0.004246  0.096451  0.254170  0.001213  0.000000  0.016075  0.001820  0.004246  0.000000  0.000000  0.000000  0.009706  0.012436  0.000000  
0.120702  0.011108  0.005023  0.020518  0.000354  0.003891  0.003679  0.000637  0.021579  0.016980  0.009905  0.004528  0.005943  1.000000  0.056389  0.070893  0.015919  0.033041  0.008490  0.075138  0.092260  0.000991  0.005802  0.115325  0.006934  0.006863  0.067638  0.007712  0.026673  0.027098  0.015919  0.035729  0.055894  0.199307  0.020306  0.204471  0.001132  0.000849  0.003325  0.000849  0.002264  0.005094  0.039550  0.082072  0.086246  0.004953  0.005094  0.004104  0.001415  0.002335  0.001415  0.016344  0.000708  0.093533  0.305646  0.000000  
0.159917  0.133956  0.091381  0.019038  0.000173  0.003461  0.006231  0.000346  0.142783  0.066805  0.006231  0.002769  0.010384  0.264798  1.000000  0.010557  0.008480  0.028903  0.008654  0.078401  0.086535  0.002077  0.002769  0.042229  0.005019  0.005365  0.018865  0.005192  0.021115  0.018172  0.001731  0.011423  0.006923  0.011596  0.005365  0.035133  0.007269  0.001038  0.004500  0.007788  0.016961  0.003288  0.060055  0.113015  0.198858  0.065074  0.092593  0.052267  0.039806  0.391139  0.015403  0.015576  0.025095  0.119765  0.195569  0.000000  
0.171717  0.050505  0.064646  0.056566  0.000000  0.004040  0.000000  0.000000  0.070707  0.030303  0.028283  0.000000  0.030303  0.232323  0.040404  1.000000  0.016162  0.012121  0.060606  1.818182  3.604040  0.018182  0.024242  0.616162  0.024242  0.004040  0.256566  0.030303  0.014141  0.111111  0.040404  0.098990  0.022222  0.214141  0.197980  0.131313  0.115152  0.000000  0.000000  0.000000  0.054545  0.000000  0.076768  1.850505  0.371717  0.183838  0.301010  0.048485  0.020202  0.777778  0.028283  0.060606  0.002020  0.474747  0.393939  0.000000  
0.115854  0.073171  0.082317  0.170732  0.003049  0.006098  0.006098  0.009146  0.140244  0.048780  0.018293  0.003049  0.009146  0.320122  0.000000  0.006098  1.000000  0.073171  0.155488  0.524390  0.304878  0.009146  0.048780  0.445122  0.054878  0.018293  0.323171  0.033537  0.048780  2.942073  0.085366  0.039634  0.006098  0.048780  0.024390  0.006098  0.000000  0.000000  0.012195  0.000000  0.000000  0.003049  0.033537  2.399390  4.734756  0.015244  0.006098  0.149390  0.030488  0.170732  0.006098  0.000000  0.003049  0.070122  0.243902  0.000000  
0.036939  0.039578  0.039578  0.018470  0.000000  0.000000  0.002639  0.002639  0.063325  0.002639  0.013193  0.018470  0.021108  1.292876  0.000000  0.031662  0.179420  1.000000  0.073879  0.211082  0.102902  0.000000  0.000000  0.554090  0.013193  0.039578  0.184697  0.105541  0.089710  0.092348  0.058047  3.543536  2.952507  0.298153  0.092348  0.105541  0.026385  0.042216  0.200528  0.029024  0.079156  0.250660  0.432718  0.989446  0.292876  0.052770  0.039578  0.063325  0.013193  0.076517  0.005277  0.192612  0.000000  0.306069  0.121372  0.000000  
0.033520  0.114525  0.166201  0.093575  0.000000  0.000000  0.002793  0.000000  0.019553  0.347765  0.058659  0.005587  0.041899  0.039106  0.002793  0.000000  0.000000  0.000000  1.000000  1.536313  0.002793  0.000000  0.113128  0.041899  0.001397  0.001397  0.013966  0.000000  0.000000  0.013966  0.000000  0.000000  0.000000  0.000000  0.000000  0.000000  0.000000  0.000000  0.000000  0.000000  0.000000  0.000000  0.000000  1.418994  2.815642  0.013966  0.018156  0.487430  0.047486  0.181564  0.040503  0.027933  0.009777  0.075419  0.502793  0.000000  
0.067638  0.021852  0.035700  0.039382  0.000320  0.001681  0.001441  0.000640  0.017850  0.045626  0.016729  0.007124  0.014248  0.031778  0.008004  0.003682  0.003922  0.001441  0.085808  1.000000  0.113984  0.000320  0.042904  0.069079  0.012567  0.017210  0.024334  0.001121  0.004402  0.006163  0.000800  0.001441  0.002241  0.008165  0.002001  0.014408  0.003282  0.000080  0.000240  0.000961  0.003442  0.000880  0.008805  0.104859  0.084047  0.019611  0.019931  0.018090  0.002241  0.010726  0.001361  0.033539  0.001601  0.067638  0.047707  0.000000  
0.019950  0.003159  0.001496  0.000665  0.000000  0.000000  0.000166  0.000000  0.006650  0.007481  0.001663  0.000000  0.006650  0.004156  0.000499  0.001164  0.000665  0.000499  0.000333  0.073150  1.000000  0.000000  0.000499  0.004988  0.000499  0.001330  0.005653  0.000166  0.000166  0.001663  0.000998  0.000831  0.001663  0.000000  0.000333  0.002328  0.002328  0.000166  0.000499  0.000665  0.003824  0.001663  0.005819  0.170740  0.019285  0.049543  0.043225  0.004156  0.000831  0.124688  0.005819  0.002161  0.000831  0.034248  0.169410  0.000000  
0.000000  0.000000  0.000000  0.000000  0.000000  0.000000  0.000000  0.000000  0.000000  0.000000  0.000000  0.000000  0.000000  0.000000  0.000000  0.000000  0.000000  0.000000  0.000000  0.044444  0.000000  1.000000  0.000000  0.000000  0.000000  0.000000  0.000000  0.000000  0.000000  0.000000  0.000000  0.000000  0.000000  0.000000  0.000000  0.000000  0.000000  0.000000  0.000000  0.000000  0.000000  0.000000  0.000000  0.055556  0.000000  0.000000  0.000000  0.000000  0.000000  1.177778  0.000000  0.000000  0.000000  0.000000  15.822222  0.000000  
0.181818  0.000000  0.000000  0.000000  0.000000  0.000000  0.000000  0.000000  0.000000  0.509091  0.118182  0.027273  0.218182  0.000000  0.000000  0.000000  0.000000  0.000000  0.181818  0.700000  0.000000  0.000000  1.000000  0.000000  0.000000  0.000000  0.000000  0.000000  0.000000  0.000000  0.000000  0.000000  0.000000  0.000000  0.000000  0.000000  0.000000  0.000000  0.000000  0.000000  0.000000  0.000000  0.000000  0.045455  0.054545  0.000000  0.000000  0.027273  1.745455  0.000000  0.000000  0.000000  0.000000  0.000000  4.445455  0.000000  
0.005272  0.047540  0.014411  0.022935  0.000000  0.001054  0.000615  0.000088  0.006591  0.012478  0.002109  0.002109  0.039455  0.032513  0.003691  0.002636  0.001318  0.001933  0.016432  0.388049  0.185149  0.010018  0.027680  1.000000  0.032777  0.004569  0.045606  0.001318  0.001318  0.013093  0.001933  0.001757  0.001406  0.009842  0.000615  0.004042  0.000615  0.000176  0.000088  0.000439  0.001757  0.000527  0.006327  0.114938  0.163269  0.019332  0.019772  0.020562  0.001933  0.019684  0.063093  0.023199  0.016344  0.105975  0.183128  0.000000  
0.000000  0.169643  0.163690  0.041667  0.000000  0.000000  0.000000  0.000000  0.014881  0.035714  0.038690  0.008929  0.029762  0.113095  0.035714  0.038690  0.000000  0.020833  0.041667  0.610119  1.312500  0.026786  0.098214  0.705357  1.000000  0.038690  0.208333  0.000000  0.000000  0.000000  0.098214  0.011905  0.020833  0.053571  0.000000  0.011905  0.000000  0.000000  0.000000  0.000000  0.000000  0.000000  0.000000  0.294643  0.017857  0.148810  0.148810  0.068452  0.029762  0.065476  0.000000  0.077381  0.014881  0.556548  1.678571  0.000000  
0.422727  0.386364  0.427273  1.290909  0.004545  0.022727  0.113636  0.004545  0.290909  0.213636  0.040909  0.113636  0.050000  0.572727  0.090909  0.009091  0.031818  0.009091  0.922727  3.986364  7.740909  0.090909  0.168182  4.936364  0.409091  1.000000  1.818182  0.000000  0.009091  0.022727  0.063636  0.000000  0.000000  0.013636  0.050000  0.009091  0.000000  0.000000  0.000000  0.000000  0.000000  0.000000  0.000000  1.704545  0.750000  0.050000  0.022727  0.172727  0.045455  0.231818  0.013636  0.159091  0.181818  0.127273  1.281818  0.000000  
0.065031  0.081574  0.066172  0.035368  0.000570  0.004564  0.006845  0.002282  0.056475  0.106104  0.086709  0.015973  0.108386  0.564746  0.054193  0.211067  0.017684  0.022818  0.034227  0.173987  0.985739  0.005134  0.020536  0.580148  0.041643  0.033657  1.000000  0.011409  0.081574  0.485454  0.022248  0.064461  0.028523  0.128922  0.078722  0.091272  0.097547  0.000570  0.025670  0.007986  0.063320  0.029663  0.383343  0.712493  0.780947  0.107245  0.106104  0.033086  0.013691  0.097547  0.010839  0.055904  0.007986  0.432972  0.236167  0.000000  
0.000000  1.375000  1.187500  0.062500  0.000000  0.000000  0.000000  0.000000  4.562500  1.687500  0.625000  0.000000  0.937500  2.875000  0.062500  0.000000  0.000000  0.000000  1.000000  2.500000  2.500000  0.000000  0.062500  8.250000  0.187500  0.750000  0.375000  1.000000  5.187500  0.937500  0.000000  1.312500  0.000000  0.125000  0.500000  0.125000  0.125000  0.000000  0.000000  0.000000  0.562500  0.312500  3.562500  4.750000  26.937500  0.000000  0.000000  0.312500  0.312500  0.437500  0.125000  1.625000  0.437500  2.937500  0.812500  0.000000  
0.034732  0.007236  0.005789  0.000000  0.000000  0.000000  0.000000  0.000000  0.027496  0.017366  0.010130  0.000000  0.001447  0.454414  0.001447  0.000000  0.000000  0.000000  0.079595  0.079595  0.707670  0.004342  0.002894  0.730825  0.151954  0.000000  0.137482  0.041968  1.000000  0.173661  0.002894  0.017366  0.000000  0.004342  0.000000  0.014472  0.000000  0.000000  0.005789  0.000000  0.211288  0.014472  0.795948  0.642547  0.697540  0.000000  0.000000  0.007236  0.007236  0.021708  0.000000  0.069465  0.011577  0.250362  0.133140  0.000000  
0.101739  0.027826  0.022609  0.020870  0.000000  0.009565  0.000000  0.002609  0.053913  0.007826  0.015652  0.012174  0.010435  0.139130  0.002609  0.026957  0.036522  0.018261  0.032174  0.126087  0.048696  0.002609  0.004348  0.345217  0.016522  0.016522  0.125217  0.005217  0.048696  1.000000  0.020870  0.021739  0.011304  0.039130  0.022609  0.049565  0.106957  0.000870  0.000000  0.005217  0.007826  0.017391  0.025217  1.241739  1.201739  0.174783  0.217391  0.047826  0.014783  0.040870  0.046087  0.141739  0.050435  0.592174  0.326087  0.000000  
0.000000  0.000000  0.000000  0.000000  0.000000  0.000000  0.000000  0.000000  0.000000  0.000000  0.000000  0.000000  0.000000  0.000000  0.000000  0.000000  0.000000  0.000000  0.000000  1.000000  0.000000  0.000000  0.000000  0.000000  4.000000  0.000000  7.000000  0.000000  0.000000  1.000000  1.000000  0.600000  0.000000  0.000000  0.400000  0.400000  0.400000  0.000000  0.000000  0.000000  0.000000  1.000000  0.600000  3.000000  0.000000  0.400000  0.400000  0.400000  0.200000  0.000000  0.400000  0.000000  0.000000  5.200000  5.800000  0.000000  
0.035912  0.069061  0.055249  0.027624  0.000000  0.022099  0.005525  0.008287  0.541436  0.035912  0.044199  0.030387  0.030387  2.707182  0.082873  0.309392  0.035912  0.198895  0.055249  0.220994  0.185083  0.000000  0.008287  0.928177  0.127072  0.069061  0.516575  0.121547  0.367403  0.226519  0.096685  1.000000  0.265193  0.488950  0.118785  0.715470  0.370166  0.118785  0.151934  0.074586  0.140884  0.328729  2.337017  2.773481  0.314917  0.726519  0.392265  0.088398  0.063536  0.265193  0.035912  0.331492  0.030387  0.734807  0.994475  0.000000  
0.000000  0.372727  0.239394  0.006061  0.000000  0.009091  0.006061  0.000000  0.130303  0.142424  0.133333  0.045455  0.054545  0.533333  0.021212  0.081818  0.057576  0.115152  0.160606  0.666667  0.142424  0.003030  0.033333  0.809091  0.087879  0.087879  0.245455  0.078788  0.045455  0.115152  0.030303  0.224242  1.000000  0.181818  0.048485  0.145455  0.154545  0.027273  0.009091  0.021212  0.090909  0.012121  0.757576  0.930303  0.778788  0.724242  0.290909  0.139394  0.066667  0.569697  0.584848  2.209091  0.100000  8.687879  3.433333  0.000000  
0.183417  0.042714  0.050251  0.115578  0.000000  0.010050  0.000000  0.002513  0.158291  0.118090  0.045226  0.005025  0.070352  1.861809  0.150754  0.163317  0.097990  0.082915  0.464824  1.417085  1.492462  0.017588  0.052764  1.796482  0.829146  0.010050  0.791457  0.042714  0.185930  1.630653  0.190955  0.288945  0.090452  1.000000  0.716080  0.130653  0.356784  0.000000  0.052764  0.000000  0.090452  0.090452  0.758794  2.208543  2.256281  0.587940  0.211055  0.012563  0.047739  0.201005  0.010050  0.065327  0.000000  0.836683  0.326633  0.000000  
0.000000  0.008168  0.011669  0.007001  0.000000  0.000000  0.000000  0.000000  0.004667  0.002334  0.000000  0.000000  0.003501  0.000000  0.002334  0.017503  0.012835  0.000000  0.017503  0.093349  0.046674  0.001167  0.003501  0.017503  0.029172  0.000000  0.015169  0.000000  0.003501  0.078180  0.010502  0.012835  0.002334  0.011669  1.000000  0.032672  0.052509  0.000000  0.000000  0.000000  0.000000  0.000000  0.000000  0.717620  0.004667  0.002334  0.000000  0.004667  0.003501  0.030338  0.002334  0.015169  0.001167  0.056009  0.157526  0.000000  
0.022380  0.006241  0.004304  0.000000  0.000000  0.000000  0.000000  0.000215  0.002152  0.003443  0.002367  0.001076  0.001722  0.058102  0.000430  0.129116  0.002367  0.016570  0.006456  0.007532  0.128900  0.000861  0.004519  0.039811  0.002152  0.001937  0.022595  0.003443  0.000646  0.119217  0.010544  0.018076  0.010114  0.106736  0.030988  1.000000  1.081773  0.001506  0.000861  0.000430  0.005380  0.000646  0.009253  0.358511  0.004089  0.013988  0.015279  0.001937  0.004304  0.009253  0.005595  0.003658  0.010544  0.016570  0.093824  0.000000  
0.112360  0.112360  0.123596  0.280899  0.000000  0.000000  0.011236  0.000000  0.247191  0.056180  0.044944  0.044944  0.033708  0.808989  0.000000  0.000000  0.000000  0.000000  0.000000  0.000000  0.056180  0.000000  0.011236  0.157303  0.089888  0.089888  0.179775  0.056180  0.067416  0.101124  0.000000  0.000000  0.000000  0.235955  0.067416  0.348315  1.000000  0.000000  0.000000  0.000000  0.000000  0.033708  0.067416  0.617977  0.707865  1.000000  2.325843  0.247191  0.617977  1.292135  0.235955  0.191011  0.067416  5.000000  4.303371  0.000000  
0.244444  0.022222  0.000000  0.000000  0.000000  0.000000  0.000000  0.000000  0.022222  0.022222  0.000000  0.000000  0.000000  0.044444  0.000000  0.000000  0.000000  0.000000  0.022222  0.066667  0.044444  0.000000  0.000000  0.066667  0.022222  0.000000  0.022222  0.000000  0.000000  0.022222  0.000000  0.022222  0.022222  0.022222  0.000000  0.022222  0.022222  1.000000  0.022222  0.000000  0.022222  0.000000  11.666667  16.133333  0.000000  0.022222  0.022222  0.000000  0.022222  0.022222  0.000000  0.622222  0.000000  1.644444  1.311111  0.000000  
0.385852  0.001608  0.000000  0.000000  0.000000  0.000000  0.000000  0.000000  0.001608  0.001608  0.000000  0.000000  0.000000  0.559486  0.000000  0.000000  0.000000  0.000000  0.001608  0.004823  0.003215  0.000000  0.000000  0.004823  0.001608  0.000000  0.001608  0.000000  0.000000  0.001608  0.000000  0.001608  0.001608  0.001608  0.000000  0.032154  0.001608  0.017685  1.000000  0.001608  0.011254  0.000000  0.688103  0.516077  0.000000  0.001608  0.001608  0.000000  0.001608  0.001608  0.000000  0.070740  0.000000  0.226688  0.157556  0.000000  
0.839286  0.008929  0.000000  0.000000  0.000000  0.000000  0.000000  0.000000  0.008929  0.008929  0.000000  0.000000  0.000000  0.223214  0.000000  0.000000  0.000000  0.000000  0.008929  0.026786  0.017857  0.000000  0.000000  0.026786  0.008929  0.000000  0.008929  0.000000  0.000000  0.008929  0.000000  0.008929  0.008929  0.008929  0.000000  0.008929  0.008929  0.035714  0.000000  1.000000  0.517857  0.000000  3.741071  1.482143  0.000000  0.008929  0.008929  0.000000  0.008929  0.008929  0.000000  0.017857  0.000000  0.883929  0.794643  0.000000  
0.052836  0.004662  0.003108  0.001554  0.000000  0.000000  0.000000  0.000000  0.003885  0.006993  0.002331  0.001554  0.002331  0.012432  0.000777  0.003108  0.000777  0.001554  0.004662  0.024864  0.013986  0.000777  0.001554  0.039627  0.003108  0.003108  0.008547  0.001554  0.002331  0.004662  0.000777  0.002331  0.003885  0.003885  0.002331  0.009324  0.006993  0.000000  0.000000  0.000000  1.000000  0.000777  0.020979  0.142191  0.013986  0.048951  0.048951  0.000000  0.006216  0.010101  0.000777  0.010878  0.003108  3.213675  0.020202  0.000000  
0.000000  0.034826  0.019900  0.009950  0.000000  0.000000  0.000000  0.000000  0.029851  0.054726  0.019900  0.009950  0.019900  0.099502  0.004975  0.024876  0.004975  0.009950  0.034826  0.189055  0.104478  0.004975  0.014925  0.283582  0.024876  0.019900  0.064677  0.014925  0.014925  0.034826  0.009950  0.019900  0.029851  0.024876  0.019900  0.069652  0.054726  0.000000  0.000000  0.000000  0.014925  1.000000  0.089552  0.378109  0.054726  0.726368  0.427861  0.000000  0.034826  0.054726  0.000000  0.084577  0.019900  15.049751  0.014925  0.000000  
0.477366  0.003197  0.002174  0.001023  0.000000  0.000000  0.000256  0.000000  0.002941  0.005499  0.001918  0.001151  0.001918  0.089386  0.000639  0.002302  0.000767  0.001151  0.003453  0.019309  0.010486  0.000767  0.001279  0.018286  0.002430  0.002174  0.006394  0.001279  0.001535  0.003453  0.000767  0.016240  0.002941  0.002685  0.001790  0.007289  0.005371  0.006138  0.052430  0.009974  0.028261  0.002430  1.000000  0.730435  0.006905  0.008056  0.008056  0.000128  0.002941  0.004348  0.000639  0.060742  0.002046  0.475959  0.094246  0.000000  
0.136949  0.024884  0.020851  0.023082  0.000086  0.000858  0.000772  0.000172  0.049339  0.024798  0.004805  0.004290  0.016046  0.107603  0.001802  0.016732  0.008581  0.005921  0.020937  0.209370  0.096276  0.001802  0.006693  0.159173  0.037584  0.019135  0.085121  0.003089  0.010812  0.063154  0.007294  0.007980  0.012185  0.015531  0.017247  0.037927  0.035696  0.004033  0.016303  0.002832  0.019221  0.002917  0.397803  1.000000  0.286511  0.054059  0.061953  0.014416  0.003175  0.052772  0.006521  0.048224  0.200446  0.328986  0.158830  0.000000  
0.086895  0.034188  0.029915  0.042023  0.000237  0.004748  0.002374  0.000712  0.031814  0.020180  0.005935  0.002374  0.004748  0.019943  0.004748  0.003799  0.003086  0.004274  0.017806  0.020180  0.072175  0.000000  0.002374  0.020180  0.004748  0.004748  0.008784  0.001425  0.002849  0.005461  0.000950  0.002137  0.004986  0.003324  0.002374  0.009022  0.004274  0.000475  0.000712  0.000950  0.004511  0.001662  0.008784  0.057455  1.000000  0.130579  0.103039  0.064340  0.009497  0.052944  0.051519  0.028490  1.349240  0.213675  1.396961  0.000000  
0.492308  0.114685  0.101632  0.139860  0.000932  0.019580  0.004662  0.000000  0.282051  0.373427  0.080653  0.093240  0.230769  1.564103  0.846154  0.134266  0.111422  0.100699  0.208392  1.344056  0.541259  0.006527  0.060140  0.931469  0.152448  0.125874  0.546387  0.025175  0.118881  0.370163  0.074592  0.152448  0.166900  0.158042  0.119814  0.488578  0.268998  0.032634  0.082984  0.041026  0.112821  0.048951  1.063869  1.748718  1.122145  1.000000  6.178555  0.088112  0.029837  0.252214  0.015385  0.161305  0.016317  0.546853  1.575291  0.000000  
0.186876  0.017832  0.015692  0.007133  0.000000  0.002140  0.000000  0.000000  0.028531  0.009986  0.004993  0.000000  0.000000  0.074893  0.007133  0.009272  0.004993  0.005706  0.007846  0.146220  0.079886  0.000000  0.004280  0.081312  0.002140  0.002140  0.014979  0.001427  0.002853  0.012839  0.005706  0.009272  0.005706  0.010699  0.009272  0.032810  0.019971  0.001427  0.003566  0.003566  0.009986  0.004280  0.064907  0.939372  0.246790  0.226106  1.000000  0.016405  0.008559  0.342368  0.002853  0.360913  0.005706  0.834522  2.074893  0.000000  
6.238095  10.523809  2.761905  8.476191  0.333333  0.523810  0.238095  0.142857  7.476191  31.142857  1.523810  2.714286  1.952381  16.428572  14.142858  1.285714  2.047619  2.333333  2.857143  11.523809  8.047619  0.190476  0.714286  7.857143  0.809524  2.380952  5.095238  0.523810  1.142857  3.190476  0.380952  2.190476  2.333333  2.238095  0.666667  3.380952  1.380952  0.428571  1.619048  1.047619  1.238095  0.666667  9.285714  15.857142  17.047619  71.476189  20.904762  1.000000  1.761905  93.904762  13.761905  2.428571  0.523810  12.333333  39.809525  0.000000  
0.033285  0.018813  0.007236  0.028944  0.005789  0.007236  0.005789  0.002894  0.063676  0.115774  0.005789  0.013025  0.014472  0.221418  0.232996  0.008683  0.017366  0.020260  0.015919  0.047757  0.047757  0.000000  0.023155  0.033285  0.002894  0.005789  0.020260  0.004342  0.007236  0.013025  0.002894  0.015919  0.014472  0.010130  0.005789  0.026049  0.007236  0.007236  0.010130  0.005789  0.004342  0.004342  0.053546  0.073806  0.109986  0.379161  0.076700  0.010130  1.000000  2.189580  0.004342  0.017366  0.002894  0.033285  0.160637  0.000000  
0.055169  0.031343  0.010779  0.040420  0.001276  0.011488  0.002411  0.001702  0.275564  0.106226  0.006524  0.015884  0.030634  0.143242  0.135016  0.012906  0.028223  0.029641  0.014324  0.077010  0.065239  0.001276  0.004255  0.061126  0.007942  0.012622  0.068217  0.007658  0.013899  0.048787  0.007517  0.029925  0.023543  0.018153  0.004822  0.034889  0.010353  0.004397  0.013899  0.008084  0.012622  0.004680  0.144093  0.156006  0.277691  0.651822  0.182527  0.051624  0.029074  1.000000  0.019997  0.014892  0.004255  0.071054  0.209190  0.000000  
147.000000  97.000000  32.000000  44.000000  1.000000  3.000000  4.000000  1.000000  95.000000  99.000000  20.000000  21.000000  51.000000  484.000000  81.000000  61.000000  24.000000  20.000000  63.000000  525.000000  120.000000  7.000000  14.000000  534.000000  83.000000  40.000000  129.000000  6.000000  26.000000  51.000000  21.000000  57.000000  234.000000  109.000000  41.000000  130.000000  119.000000  14.000000  20.000000  9.000000  36.000000  36.000000  198.000000  836.000000  360.000000  2422.000000  1656.000000  41.000000  120.000000  480.000000  0.000000  802.000000  26.000000  2075.000000  1764.000000  0.000000  
0.351708  0.036524  0.017585  0.029253  0.000169  0.001353  0.006087  0.000169  0.018262  0.043794  0.007440  0.007271  0.010991  0.051234  0.011160  0.007102  0.003720  0.006933  0.010991  0.097396  0.112445  0.001860  0.003720  0.052249  0.007271  0.007102  0.017585  0.003720  0.006425  0.014542  0.002875  0.007440  0.010991  0.007271  0.010653  0.043794  0.021982  0.002029  0.003720  0.002198  0.021982  0.007609  0.141190  0.218465  0.095874  0.262597  0.185492  0.124281  0.026885  0.122760  0.075076  1.000000  0.484275  0.158438  0.605681  0.000000  
0.000000  0.000000  0.000000  0.000000  0.000000  0.000000  0.000000  0.000000  0.000000  0.000000  0.000000  0.000000  0.000000  0.000000  0.000000  0.000000  0.000000  0.000000  0.000000  0.000000  0.000000  0.000000  0.000000  0.000000  0.000000  0.000000  0.000000  0.000000  0.000000  0.000000  0.000000  0.000000  0.000000  0.000000  0.000000  0.000000  0.000000  0.000000  0.000000  0.000000  0.000000  0.000000  0.000000  0.000000  0.000000  0.000000  0.000000  0.000000  0.000000  0.000000  0.000000  0.000000  0.000000  68.000000  0.000000  0.000000  
0.017981  0.028570  0.022310  0.025173  0.000133  0.001132  0.000999  0.000200  0.043287  0.045085  0.010189  0.012520  0.026172  0.310868  0.038559  0.022909  0.003330  0.003396  0.024307  0.137187  0.076851  0.001665  0.004795  0.161761  0.016116  0.014651  0.047749  0.002797  0.011321  0.019779  0.002397  0.017448  0.047150  0.029702  0.011521  0.045551  0.043620  0.004129  0.007592  0.006859  0.012054  0.021777  0.072523  0.209710  0.046817  0.134390  0.162160  0.012653  0.005128  0.061201  0.011188  0.267914  0.137187  1.000000  1.692728  0.000000  
0.004884  0.001166  0.000453  0.001029  0.000027  0.000178  0.000220  0.000069  0.001043  0.001235  0.000233  0.000329  0.000261  0.002250  0.000837  0.000384  0.000192  0.000233  0.000398  0.002812  0.001811  0.000082  0.000316  0.002181  0.000233  0.000384  0.001701  0.000137  0.000261  0.000631  0.000178  0.000412  0.000562  0.000535  0.000247  0.000974  0.000727  0.000220  0.000412  0.000220  0.000398  0.000357  0.006626  0.003773  0.006297  0.004418  0.006215  0.001152  0.001770  0.003073  0.000151  0.002154  0.028234  0.014282  1.000000  0.000000  
0.000000  0.000000  0.000000  0.000000  0.000000  0.000000  0.000000  0.000000  0.000000  0.000000  0.000000  0.000000  0.000000  0.000000  0.000000  0.000000  0.000000  0.000000  0.000000  0.000000  0.000000  0.000000  0.000000  0.000000  0.000000  0.000000  0.000000  0.000000  0.000000  0.000000  0.000000  0.000000  0.000000  0.000000  0.000000  0.000000  0.000000  0.000000  0.000000  0.000000  0.000000  0.000000  0.000000  0.000000  0.000000  0.000000  0.000000  0.000000  0.000000  0.000000  0.000000  0.000000  0.000000  0.000000  0.000000  0.000000  
0.001359  0.000384  0.000869  0.001486  0.007651  0.003109  0.003050  0.006726  0.000494  0.000414  0.003307  0.002080  0.000549  0.000265  0.000415  0.001418  0.001742  0.001621  0.001179  0.000282  0.000407  0.003325  0.003008  0.000296  0.001721  0.002127  0.000753  0.007887  0.001200  0.000930  0.014109  0.001658  0.001737  0.001581  0.001078  0.000463  0.003344  0.004703  0.001265  0.002981  0.000879  0.002225  0.000357  0.000292  0.000486  0.000681  0.000843  0.006884  0.001200  0.000376  0.031548  0.000410  0.031548  0.000257  0.000117  0.031548  