1.000000  0.064748  0.043165  0.266187  0.000000  0.000000  0.007194  0.000000  0.086331  0.143885  0.057554  0.035971  0.035971  1.079137  0.014388  0.043165  6.539568  1.294964  0.086331  0.402878  0.158273  0.007194  0.050360  0.309353  0.064748  0.050360  0.158273  0.035971  0.035971  1.539568  0.021583  0.043165  0.064748  0.028777  1.107914  0.395683  0.122302  10.266187  0.352518  5.812950  2.971223  0.611511  45.820145  46.201439  0.582734  1.230216  0.280576  0.050360  0.057554  0.050360  0.000000  3.194245  0.079137  2.136691  1.460432  0.000000  
0.237217  1.000000  0.002515  0.165130  0.019279  0.009220  0.025147  0.007544  0.192791  0.275775  0.052808  0.041073  0.134116  0.419111  0.045264  0.031852  0.025985  0.057837  0.031852  0.181056  0.058676  0.000838  0.034367  0.144174  0.021794  0.046940  0.080469  0.021794  0.042749  0.029338  0.003353  0.012573  0.036044  0.018441  0.017603  0.160939  0.024308  0.021794  0.010059  0.002515  0.046940  0.005029  0.108969  0.255658  0.068734  0.046940  0.076278  0.082146  0.022632  0.068734  0.009220  0.015926  0.067058  0.116513  0.240570  0.000000  
0.108808  1.445596  1.000000  1.056995  0.005181  0.010363  0.005181  0.015544  0.108808  2.274611  0.212435  0.202073  0.217617  1.782383  0.435233  0.015544  0.005181  0.031088  0.103627  0.279793  0.238342  0.000000  0.031088  0.202073  0.031088  0.227979  0.274611  0.077720  0.279793  0.010363  0.005181  0.010363  0.031088  0.015544  0.010363  0.098446  0.020725  0.000000  0.005181  0.005181  0.082902  0.000000  0.160622  0.901554  0.331606  0.243523  0.274611  0.129534  0.051813  0.170984  0.020725  0.098446  2.217617  0.481865  0.968912  0.000000  
0.246851  3.146096  2.319899  1.000000  0.093199  0.095718  0.010076  0.007557  0.710327  3.332494  0.209068  0.022670  0.161209  2.178841  0.153652  0.052897  0.030227  0.322418  0.025189  0.151134  0.075567  0.002519  0.007557  0.088161  0.010076  0.025189  0.050378  0.055416  0.073048  0.022670  0.005038  0.020151  0.012594  0.010076  0.037783  0.287154  0.022670  0.015113  0.032746  0.171285  0.103275  0.007557  0.156171  0.362720  0.020151  0.050378  0.105793  1.418136  0.224181  0.065491  0.032746  0.030227  0.010076  0.151134  0.501259  0.000000  
0.000000  0.000000  0.000000  11.500000  1.000000  0.000000  0.000000  0.000000  0.000000  144.000000  7.500000  2.500000  5.000000  3.500000  0.000000  0.000000  0.000000  0.000000  0.000000  0.000000  0.000000  0.000000  0.000000  0.000000  0.000000  0.000000  0.000000  0.000000  0.000000  0.000000  0.000000  0.000000  0.000000  0.000000  0.000000  0.000000  0.000000  0.000000  0.000000  0.000000  0.000000  0.000000  0.000000  0.000000  0.000000  0.000000  0.000000  0.000000  0.000000  0.000000  0.000000  0.000000  0.000000  0.000000  0.500000  0.000000  
25.666666  0.333333  0.000000  0.500000  0.000000  1.000000  0.000000  0.166667  0.166667  0.333333  0.000000  0.000000  0.000000  19.833334  0.333333  0.000000  0.000000  0.000000  0.000000  0.000000  0.000000  0.000000  0.000000  0.000000  0.000000  0.000000  0.000000  0.000000  0.000000  0.000000  0.000000  0.000000  0.000000  0.000000  0.000000  0.000000  0.000000  0.000000  0.166667  0.000000  0.333333  0.000000  1.500000  0.333333  0.166667  0.666667  0.000000  0.166667  0.000000  0.166667  0.000000  0.500000  0.000000  0.666667  3.166667  0.000000  
0.037383  0.084112  0.018692  0.028037  0.000000  0.000000  1.000000  0.000000  0.084112  0.065421  0.009346  0.000000  0.018692  0.299065  4.943925  0.000000  0.009346  0.018692  0.000000  0.037383  0.102804  0.000000  0.000000  0.018692  0.000000  0.009346  0.018692  0.000000  0.018692  0.009346  0.000000  0.000000  0.009346  0.000000  0.000000  0.028037  0.009346  0.000000  0.000000  0.000000  0.018692  0.000000  0.046729  0.140187  0.149533  0.158879  0.168224  0.056075  0.224299  0.411215  0.018692  0.018692  0.000000  0.158879  0.130841  0.000000  
0.000000  2.000000  0.000000  20.500000  1.000000  0.000000  0.000000  1.000000  1.500000  3.000000  0.000000  0.000000  0.000000  16.000000  0.000000  0.000000  0.000000  0.000000  0.000000  0.000000  0.000000  0.000000  0.000000  0.000000  0.000000  0.000000  0.000000  0.000000  0.000000  0.000000  0.000000  0.000000  0.000000  0.000000  0.000000  0.000000  0.000000  0.000000  0.000000  0.000000  0.000000  0.000000  0.000000  0.000000  0.000000  0.500000  0.000000  0.000000  0.000000  0.000000  0.000000  0.000000  0.000000  0.000000  0.500000  0.000000  
0.088921  0.049563  0.021866  0.185131  0.011662  0.002915  0.004373  0.002915  1.000000  0.422741  0.055394  0.020408  0.013120  0.157434  0.005831  0.008746  0.000000  0.064140  0.002915  0.011662  0.005831  0.000000  0.008746  0.043732  0.001458  0.002915  0.040816  0.100583  0.078717  0.005831  0.005831  0.020408  0.002915  0.000000  0.000000  0.004373  0.004373  0.000000  0.000000  0.000000  0.002915  0.000000  0.018950  0.587464  4.855685  0.128280  0.000000  0.067055  0.000000  0.053936  0.005831  0.000000  0.008746  0.043732  0.075802  0.000000  
0.016063  0.020545  0.001494  0.075084  0.003362  0.002615  0.006350  0.001494  0.009712  1.000000  0.118416  0.412402  0.021666  0.041838  0.003736  0.000000  0.000000  0.000000  0.369070  0.549869  0.298468  0.001494  0.124767  0.254389  0.013448  0.173702  0.356369  0.000747  0.000374  0.001121  0.002988  0.000000  0.000000  0.000000  0.000000  0.000000  0.001121  0.000000  0.001121  0.000000  0.000000  0.000000  0.004856  0.169219  0.323496  0.006724  0.000000  0.118790  0.003362  0.005230  0.001494  0.000000  0.000000  0.000000  0.002241  0.000000  
0.000000  0.047059  0.035294  0.670588  0.011765  0.023529  0.011765  0.000000  0.082353  0.682353  1.000000  0.047059  0.035294  0.329412  0.047059  0.058824  0.000000  0.000000  2.764706  13.588235  3.952941  0.023529  0.341176  2.270588  0.223529  0.223529  1.270588  0.023529  0.000000  0.035294  0.023529  0.000000  0.000000  0.000000  0.000000  0.000000  0.000000  0.000000  0.000000  0.000000  0.000000  0.000000  0.047059  1.835294  4.658823  0.223529  0.000000  0.294118  0.000000  0.035294  0.023529  0.000000  0.000000  0.000000  0.047059  0.000000  
0.119565  0.081522  0.038043  0.364130  0.010870  0.016304  0.027174  0.010870  0.048913  0.565217  0.070652  1.000000  0.190217  0.130435  0.038043  0.048913  0.005435  0.114130  0.456522  1.423913  0.956522  0.005435  0.668478  0.864130  0.081522  0.994565  2.010870  0.021739  0.038043  0.271739  0.048913  0.043478  0.000000  0.000000  0.070652  0.000000  0.097826  0.000000  0.000000  0.000000  0.000000  0.000000  0.081522  0.630435  0.472826  0.048913  0.000000  0.266304  0.010870  0.021739  0.010870  0.016304  0.000000  0.000000  0.021739  0.000000  
0.000000  0.020690  0.009655  0.074483  0.002759  0.000000  0.000000  0.000000  0.006897  0.143448  0.049655  0.033103  1.000000  0.386207  0.002759  0.000000  0.000000  0.001379  0.030345  0.386207  0.224828  0.005517  0.049655  1.093793  0.088276  0.102069  0.406897  0.006897  0.004138  0.001379  0.064828  0.000000  0.011034  0.000000  0.000000  0.000000  0.000000  0.000000  0.000000  0.000000  0.000000  0.000000  0.012414  0.125517  0.093793  0.020690  0.000000  0.053793  0.004138  0.005517  0.001379  0.000000  0.000000  0.020690  0.012414  0.000000  
0.255903  0.005424  0.001276  0.055839  0.006382  0.008296  0.017549  0.000957  0.008296  0.037971  0.023293  0.007658  0.025207  1.000000  0.104020  0.079132  0.015635  0.035737  0.009892  0.082961  0.097320  0.001276  0.014678  0.151244  0.005105  0.005105  0.064135  0.014997  0.021698  0.048181  0.019783  0.025526  0.050096  0.115507  0.051372  0.427888  0.004148  0.001276  0.002553  0.001276  0.001914  0.010530  0.026803  0.120613  0.178685  0.021059  0.011487  0.008934  0.004148  0.003510  0.003829  0.013720  0.001276  0.199107  0.305680  0.000000  
0.398455  0.145695  0.055188  0.039735  0.002208  0.002208  0.059603  0.001104  0.098234  0.112583  0.012141  0.004415  0.020971  0.260486  1.000000  0.006623  0.018764  0.029801  0.008830  0.058499  0.129139  0.001104  0.003311  0.035320  0.007726  0.011038  0.034216  0.006623  0.024283  0.026490  0.003311  0.011038  0.014349  0.006623  0.013245  0.080574  0.014349  0.006623  0.009934  0.005519  0.023179  0.009934  0.067329  0.204194  0.320088  0.301325  0.279249  0.080574  0.266004  0.450331  0.037528  0.023179  0.006623  0.282561  0.314570  0.000000  
0.686747  0.180723  0.084337  0.060241  0.000000  0.000000  0.000000  0.000000  0.084337  0.156627  0.084337  0.024096  0.024096  0.349398  0.108434  1.000000  0.000000  0.012048  0.566265  3.096385  6.759036  0.048193  0.132530  0.783133  0.012048  0.012048  0.301205  0.024096  0.024096  0.144578  0.024096  0.024096  0.036145  0.048193  1.421687  0.060241  0.481928  0.000000  0.000000  0.000000  0.084337  0.000000  0.493976  3.915663  0.662651  0.493976  0.361446  0.048193  0.060241  0.469880  0.024096  0.060241  0.024096  1.602410  0.542169  0.000000  
0.442308  0.134615  0.076923  3.769231  0.115385  0.038462  0.134615  0.076923  0.634615  0.076923  0.000000  0.057692  0.000000  0.346154  0.000000  0.000000  1.000000  2.442308  0.326923  1.019231  0.634615  0.019231  0.326923  0.096154  0.019231  0.192308  0.288462  0.000000  0.057692  7.788462  0.634615  0.096154  0.076923  0.000000  0.057692  0.000000  0.000000  0.000000  0.019231  0.000000  0.000000  0.019231  0.057692  6.557693  11.865385  0.461538  0.057692  1.480769  0.096154  0.307692  0.038462  0.000000  0.000000  0.365385  0.384615  0.000000  
0.043614  0.024922  0.015576  0.071651  0.000000  0.000000  0.000000  0.000000  0.024922  0.021807  0.006231  0.003115  0.003115  0.289720  0.000000  0.015576  0.009346  1.000000  0.015576  0.052960  0.043614  0.000000  0.009346  0.105919  0.009346  0.009346  0.034268  0.021807  0.006231  0.046729  0.003115  2.629283  2.389408  0.006231  0.012461  0.037383  0.062305  0.018692  0.018692  0.015576  0.031153  0.109034  0.199377  1.146417  0.080997  0.186916  0.180685  0.043614  0.006231  0.037383  0.015576  0.043614  0.000000  0.457944  0.052960  0.000000  
0.063492  0.164021  0.074074  0.248677  0.000000  0.000000  0.000000  0.000000  0.021164  0.497355  0.074074  0.021164  0.047619  0.047619  0.000000  0.000000  0.000000  0.000000  1.000000  4.629630  0.095238  0.000000  0.100529  0.148148  0.052910  0.015873  0.042328  0.000000  0.000000  0.000000  0.000000  0.000000  0.000000  0.000000  0.000000  0.000000  0.000000  0.000000  0.000000  0.000000  0.000000  0.000000  0.000000  0.497355  0.656085  0.042328  0.068783  0.222222  0.095238  0.185185  0.084656  0.031746  0.000000  0.095238  0.883598  0.000000  
0.073067  0.026133  0.036533  0.102667  0.000800  0.000267  0.001867  0.001067  0.014133  0.049333  0.014667  0.004533  0.023467  0.032000  0.009067  0.002933  0.001867  0.004267  0.068800  1.000000  0.103467  0.000800  0.058133  0.109867  0.023733  0.019467  0.028267  0.000800  0.000800  0.006133  0.001067  0.001867  0.002400  0.001867  0.003467  0.026133  0.004267  0.001067  0.001067  0.002133  0.002667  0.001067  0.008533  0.105600  0.058400  0.045333  0.021867  0.012800  0.004800  0.015200  0.002667  0.026933  0.003200  0.080533  0.071467  0.000000  
0.046332  0.006178  0.000772  0.000772  0.000000  0.000000  0.000000  0.000000  0.006178  0.016988  0.005405  0.000000  0.005405  0.005405  0.000772  0.001544  0.003089  0.001544  0.000772  0.006178  1.000000  0.000000  0.000000  0.003089  0.000772  0.001544  0.003861  0.000000  0.000000  0.003861  0.000000  0.001544  0.001544  0.000000  0.001544  0.004633  0.002317  0.002317  0.002317  0.000000  0.005405  0.001544  0.012355  0.076448  0.049421  0.119691  0.144402  0.004633  0.000772  0.125869  0.003861  0.001544  0.000000  0.037838  0.400772  0.000000  
0.000000  0.000000  0.000000  0.000000  0.000000  0.000000  0.000000  0.000000  0.000000  0.000000  0.000000  0.000000  0.000000  0.000000  0.000000  0.000000  0.000000  0.000000  0.000000  0.000000  0.000000  1.000000  0.000000  0.000000  0.000000  0.000000  0.000000  0.000000  0.000000  0.000000  0.000000  0.000000  0.000000  0.000000  0.000000  0.000000  0.000000  0.000000  0.000000  0.000000  0.000000  0.000000  0.000000  0.000000  0.000000  0.000000  0.000000  0.000000  0.000000  0.357143  0.000000  0.000000  0.000000  0.000000  0.928571  0.000000  
0.156250  0.000000  0.000000  0.000000  0.000000  0.000000  0.000000  0.000000  0.000000  0.437500  0.078125  0.000000  0.265625  0.000000  0.000000  0.031250  0.000000  0.000000  0.078125  0.156250  0.000000  0.000000  1.000000  0.000000  0.000000  0.000000  0.000000  0.000000  0.000000  0.000000  0.000000  0.000000  0.000000  0.000000  0.000000  0.000000  0.000000  0.000000  0.000000  0.000000  0.000000  0.000000  0.000000  0.093750  0.000000  0.000000  0.000000  0.031250  0.968750  0.000000  0.000000  0.000000  0.000000  0.000000  3.625000  0.000000  
0.008003  0.065478  0.007639  0.092761  0.001819  0.001819  0.002910  0.000000  0.006184  0.022917  0.001819  0.002910  0.025828  0.025464  0.001455  0.003274  0.001091  0.002546  0.034194  0.358676  0.154602  0.003638  0.053110  1.000000  0.040742  0.006184  0.036741  0.005820  0.004001  0.014551  0.004365  0.002910  0.002546  0.003638  0.002183  0.009822  0.015278  0.000364  0.001091  0.001091  0.002183  0.001455  0.014187  0.091670  0.104765  0.032739  0.019644  0.013823  0.003274  0.025464  0.012732  0.013823  0.008730  0.144780  0.229902  0.000000  
0.025641  0.147436  0.070513  0.070513  0.000000  0.000000  0.000000  0.000000  0.006410  0.025641  0.012821  0.012821  0.025641  0.070513  0.051282  0.006410  0.000000  0.006410  0.038462  0.141026  0.967949  0.006410  0.051282  0.121795  1.000000  0.012821  0.025641  0.000000  0.000000  0.006410  0.006410  0.006410  0.006410  0.006410  0.000000  0.006410  0.000000  0.000000  0.000000  0.000000  0.000000  0.000000  0.000000  0.121795  0.012821  0.012821  0.012821  0.025641  0.019231  0.019231  0.025641  0.038462  0.000000  0.185897  1.019231  0.000000  
0.459184  0.367347  0.173469  3.948980  0.051020  0.020408  0.377551  0.020408  0.193878  0.775510  0.163265  0.061224  0.061224  0.510204  0.061224  0.040816  0.020408  0.020408  0.755102  3.163265  4.653061  0.051020  0.285714  2.734694  0.193878  1.000000  1.714286  0.030612  0.010204  0.316327  0.112245  0.061224  0.061224  0.010204  0.091837  0.030612  0.163265  0.000000  0.010204  0.010204  0.040816  0.020408  0.153061  1.204082  0.979592  0.102041  0.030612  0.571429  0.071429  0.224490  0.051020  0.091837  0.132653  0.255102  0.826531  0.000000  
0.202643  0.140969  0.096916  0.348018  0.004405  0.004405  0.039648  0.004405  0.061674  0.559471  0.149780  0.105727  0.145374  0.881057  0.118943  0.048458  0.013216  0.030837  0.546256  0.894273  1.973568  0.013216  0.132159  0.982379  0.066079  0.220264  1.000000  0.039648  0.140969  0.920705  0.079295  0.092511  0.149780  0.057269  0.180617  0.088106  0.255507  0.008811  0.061674  0.017621  0.070485  0.048458  0.629956  0.594714  0.691630  0.057269  0.127753  0.171806  0.030837  0.114537  0.013216  0.096916  0.118943  0.572687  1.678414  0.000000  
0.119048  0.142857  0.095238  0.023810  0.000000  0.000000  0.000000  0.000000  0.357143  0.595238  0.000000  0.000000  0.119048  0.309524  0.000000  0.000000  0.000000  0.000000  0.000000  0.404762  0.285714  0.000000  0.190476  2.047619  0.023810  0.095238  0.023810  1.000000  1.166667  0.619048  0.000000  0.023810  0.023810  0.047619  0.190476  0.000000  0.000000  0.023810  0.000000  0.000000  0.095238  0.000000  0.642857  0.761905  5.261905  0.142857  0.119048  0.095238  0.023810  0.047619  0.047619  0.119048  0.000000  1.642857  0.238095  0.000000  
0.123077  0.030769  0.030769  0.000000  0.000000  0.000000  0.000000  0.000000  0.123077  0.107692  0.015385  0.000000  0.000000  1.261539  0.000000  0.000000  0.000000  0.046154  0.046154  0.107692  1.261539  0.000000  0.123077  1.215385  0.153846  0.000000  0.353846  0.061538  1.000000  2.815385  0.092308  0.000000  0.000000  0.046154  0.000000  0.000000  0.076923  0.000000  0.015385  0.000000  0.600000  0.046154  1.569231  0.800000  2.000000  0.061538  0.015385  0.061538  0.030769  0.046154  0.015385  0.107692  0.000000  1.584615  0.246154  0.000000  
0.161137  0.123223  0.056872  0.071090  0.000000  0.014218  0.000000  0.009479  0.085308  0.018957  0.023697  0.009479  0.009479  0.184834  0.004739  0.023697  0.018957  0.037915  0.009479  0.085308  0.213270  0.000000  0.023697  1.450237  0.090047  0.009479  0.194313  0.061611  0.061611  1.000000  0.018957  0.042654  0.033175  0.009479  0.066351  0.075829  0.094787  0.018957  0.047393  0.014218  0.052133  0.042654  0.227488  1.857820  0.829384  0.222749  0.227488  0.099526  0.023697  0.042654  0.014218  0.194313  0.014218  0.720379  0.554502  0.000000  
0.000000  0.000000  0.000000  0.000000  0.000000  0.000000  0.000000  0.000000  0.000000  0.000000  0.000000  0.000000  0.000000  0.000000  0.000000  0.000000  0.000000  0.000000  0.000000  0.025000  0.000000  0.000000  0.000000  0.250000  0.275000  0.000000  0.000000  0.025000  0.050000  0.000000  1.000000  0.000000  0.000000  0.000000  0.000000  0.025000  0.000000  0.000000  0.000000  0.000000  0.000000  0.000000  0.000000  0.650000  0.000000  0.075000  0.325000  0.025000  0.000000  0.000000  0.000000  0.000000  0.000000  0.550000  0.175000  0.000000  
0.346939  0.346939  0.163265  0.204082  0.000000  0.040816  0.020408  0.000000  2.510204  0.857143  0.061224  0.040816  0.122449  4.530612  0.040816  0.632653  0.020408  0.551020  0.061224  0.306122  0.346939  0.000000  0.020408  1.244898  0.224490  0.061224  0.530612  0.122449  0.367347  0.102041  0.693878  1.000000  1.102041  0.081633  0.530612  2.142857  1.183674  0.448980  0.081633  0.285714  0.122449  0.755102  3.693877  2.122449  0.571429  2.755102  4.306122  0.204082  0.224490  0.285714  0.183673  1.000000  0.224490  3.040816  2.102041  0.000000  
0.138298  0.680851  0.329787  0.255319  0.000000  0.010638  0.010638  0.000000  0.095745  0.329787  0.138298  0.074468  0.063830  0.414894  0.010638  0.095745  0.031915  0.489362  0.148936  0.702128  0.159574  0.000000  0.053191  0.457447  0.106383  0.085106  0.234043  0.095745  0.031915  0.170213  0.031915  0.500000  1.000000  0.053191  0.106383  0.361702  0.265957  0.202128  0.031915  0.053191  0.095745  0.095745  1.382979  0.840426  0.500000  1.063830  1.265957  0.159574  0.148936  0.957447  0.287234  2.648936  0.404255  15.414893  2.904255  0.000000  
4.000000  1.000000  1.000000  0.666667  0.000000  0.000000  0.000000  0.000000  1.000000  2.000000  0.000000  0.333333  0.000000  7.666667  1.333333  3.000000  0.333333  0.333333  2.333333  9.333333  37.000000  0.333333  1.000000  48.333332  8.000000  0.666667  7.666667  1.000000  1.000000  0.000000  2.333333  5.666667  1.666667  1.000000  17.666666  3.666667  13.000000  0.333333  0.000000  0.000000  0.666667  0.333333  5.000000  11.000000  8.666667  1.000000  2.666667  1.000000  0.666667  1.000000  1.000000  0.333333  0.000000  8.333333  6.333333  0.000000  
0.006865  0.002288  0.002288  0.002288  0.000000  0.000000  0.000000  0.000000  0.001144  0.002288  0.000000  0.000000  0.001144  0.002288  0.001144  0.001144  0.001144  0.000000  0.002288  0.017162  0.017162  0.000000  0.002288  0.005721  0.021739  0.000000  0.005721  0.000000  0.000000  0.006865  0.005721  0.001144  0.001144  0.000000  1.000000  0.020595  0.038902  0.000000  0.000000  0.000000  0.000000  0.000000  0.000000  0.180778  0.002288  0.010297  0.021739  0.005721  0.002288  0.010297  0.001144  0.003432  0.001144  0.026316  0.041190  0.000000  
0.019225  0.002913  0.001165  0.002039  0.000000  0.000000  0.000000  0.000291  0.001165  0.009321  0.000874  0.000000  0.000291  0.025925  0.001456  0.062627  0.000291  0.006408  0.000874  0.002330  0.058549  0.000291  0.005243  0.020973  0.000583  0.000583  0.001748  0.000291  0.000291  0.039324  0.004661  0.004952  0.001165  0.007865  0.033790  1.000000  0.852024  0.000291  0.000291  0.000291  0.001165  0.000291  0.002622  0.351879  0.004078  0.018643  0.016021  0.004078  0.004661  0.007282  0.002913  0.001165  0.000874  0.029420  0.028546  0.000000  
0.057269  0.013216  0.013216  0.026432  0.000000  0.000000  0.000000  0.000000  0.039648  0.039648  0.013216  0.004405  0.004405  0.101322  0.000000  0.004405  0.000000  0.004405  0.013216  0.017621  0.017621  0.000000  0.004405  0.039648  0.004405  0.004405  0.022026  0.008811  0.008811  0.004405  0.000000  0.004405  0.004405  0.004405  0.004405  0.079295  1.000000  0.000000  0.000000  0.000000  0.000000  0.004405  0.008811  0.392070  0.088106  0.127753  0.422908  0.044053  0.052863  0.061674  0.013216  0.013216  0.026432  0.969163  0.361233  0.000000  
3.500000  0.038462  0.000000  0.038462  0.000000  0.000000  0.000000  0.000000  0.038462  0.076923  0.038462  0.000000  0.000000  0.076923  0.000000  0.038462  0.000000  0.000000  0.038462  0.153846  0.076923  0.000000  0.038462  0.153846  0.038462  0.038462  0.076923  0.000000  0.000000  0.038462  0.000000  0.000000  0.038462  0.000000  0.038462  0.115385  0.038462  1.000000  0.000000  0.000000  0.000000  0.000000  19.192308  26.846153  0.000000  0.346154  0.538462  0.000000  0.038462  0.038462  0.000000  0.384615  0.000000  2.538461  0.615385  0.000000  
0.256250  0.000000  0.000000  0.002083  0.000000  0.000000  0.000000  0.000000  0.000000  0.002083  0.000000  0.000000  0.000000  0.172917  0.000000  0.000000  0.000000  0.000000  0.000000  0.004167  0.002083  0.000000  0.000000  0.002083  0.000000  0.000000  0.002083  0.002083  0.000000  0.000000  0.000000  0.000000  0.000000  0.000000  0.000000  0.002083  0.002083  0.000000  1.000000  0.000000  0.000000  0.000000  0.483333  0.043750  0.002083  0.018750  0.031250  0.000000  0.000000  0.000000  0.000000  0.027083  0.000000  0.227083  0.029167  0.000000  
0.370629  0.013986  0.000000  0.006993  0.000000  0.000000  0.000000  0.000000  0.006993  0.006993  0.000000  0.000000  0.000000  0.104895  0.000000  0.000000  0.000000  0.000000  0.006993  0.020979  0.006993  0.000000  0.000000  0.013986  0.006993  0.000000  0.006993  0.000000  0.000000  0.006993  0.000000  0.000000  0.006993  0.000000  0.006993  0.013986  0.006993  0.006993  0.000000  1.000000  0.160839  0.000000  1.650350  0.391608  0.000000  0.090909  0.153846  0.000000  0.000000  0.000000  0.000000  0.006993  0.000000  0.860140  0.153846  0.000000  
0.035225  0.001957  0.001957  0.005871  0.000000  0.000000  0.000000  0.000000  0.003914  0.005871  0.003914  0.001957  0.001957  0.009785  0.000000  0.001957  0.001957  0.001957  0.003914  0.019569  0.007828  0.000000  0.001957  0.019569  0.001957  0.001957  0.007828  0.001957  0.001957  0.003914  0.001957  0.001957  0.001957  0.001957  0.003914  0.011742  0.007828  0.000000  0.000000  0.000000  1.000000  0.001957  0.058708  0.084149  0.005871  0.023483  0.080235  0.000000  0.001957  0.001957  0.000000  0.001957  0.000000  2.307241  0.058708  0.000000  
0.000000  0.002457  0.000000  0.002457  0.000000  0.000000  0.000000  0.000000  0.002457  0.004914  0.002457  0.002457  0.002457  0.007371  0.000000  0.002457  0.000000  0.002457  0.002457  0.019656  0.004914  0.000000  0.002457  0.017199  0.002457  0.002457  0.007371  0.002457  0.002457  0.004914  0.000000  0.002457  0.002457  0.000000  0.002457  0.012285  0.007371  0.000000  0.000000  0.000000  0.000000  1.000000  0.051597  0.049140  0.004914  0.036855  0.105651  0.000000  0.002457  0.002457  0.000000  0.002457  0.002457  1.100737  0.004914  0.000000  
0.701243  0.006214  0.005736  0.011472  0.000000  0.000478  0.000478  0.000478  0.010516  0.017208  0.007170  0.003346  0.003824  0.059751  0.001912  0.004780  0.002868  0.004302  0.011472  0.049235  0.016730  0.000478  0.006214  0.044933  0.008126  0.005258  0.019120  0.005258  0.004780  0.010994  0.002868  0.004780  0.008126  0.002868  0.010516  0.034895  0.019120  0.012428  0.084608  0.011950  0.009082  0.002868  1.000000  1.034417  0.012428  0.064532  0.111377  0.000000  0.008126  0.006214  0.000478  0.035851  0.005736  0.473709  0.077438  0.000000  
0.238927  0.012130  0.005697  0.028120  0.000551  0.000184  0.000551  0.000000  0.011763  0.014519  0.004962  0.002941  0.006433  0.071494  0.006616  0.005697  0.005330  0.005697  0.012130  0.081419  0.047050  0.000551  0.004043  0.079213  0.028487  0.006249  0.043191  0.002573  0.005881  0.037309  0.007352  0.003492  0.007719  0.004043  0.015806  0.019849  0.018011  0.002022  0.004411  0.002205  0.006984  0.003308  0.092998  1.000000  0.133064  0.099982  0.138761  0.007719  0.004962  0.031796  0.003308  0.025914  0.044661  0.357655  0.131410  0.000000  
0.286207  0.060920  0.027586  0.096552  0.001149  0.003448  0.004598  0.001149  0.011494  0.052874  0.013793  0.006897  0.013793  0.036782  0.004598  0.003448  0.004598  0.010345  0.005747  0.034483  0.020690  0.000000  0.004598  0.021839  0.004598  0.004598  0.014943  0.003448  0.004598  0.006897  0.001149  0.003448  0.006897  0.001149  0.004598  0.034483  0.005747  0.003448  0.001149  0.003448  0.006897  0.003448  0.020690  0.121839  1.000000  0.094253  0.119540  0.066667  0.017241  0.024138  0.062069  0.071264  2.174713  0.225287  2.800000  0.000000  
0.399657  0.091767  0.054889  0.156947  0.006003  0.001715  0.024871  0.000858  0.195540  0.403087  0.096055  0.109777  0.141509  0.674100  0.204974  0.090909  0.068611  0.106346  0.186964  0.588336  0.324185  0.001715  0.051458  0.468268  0.090909  0.090051  0.253859  0.041166  0.059177  0.168954  0.044597  0.052316  0.070326  0.037736  0.229846  0.557461  0.168954  0.094340  0.094340  0.056604  0.074614  0.056604  0.684391  1.352487  0.659520  1.000000  4.253860  0.067753  0.066895  0.175815  0.030017  0.062607  0.026587  0.616638  0.889365  0.000000  
0.884615  0.134615  0.076923  0.307692  0.000000  0.000000  0.000000  0.000000  0.230769  0.211538  0.076923  0.019231  0.057692  0.211538  0.019231  0.076923  0.019231  0.038462  0.115385  0.519231  0.615385  0.000000  0.057692  0.403846  0.134615  0.076923  0.596154  0.057692  0.038462  0.423077  0.115385  0.134615  0.365385  0.153846  0.134615  0.192308  0.173077  0.115385  0.173077  0.115385  0.134615  0.173077  0.788462  10.903846  1.307692  1.057692  1.000000  0.153846  0.076923  1.596154  0.038462  1.961538  0.346154  6.538462  11.673077  0.000000  
48.000000  69.500000  41.000000  128.500000  7.000000  1.000000  6.500000  0.500000  44.000000  182.500000  20.000000  7.000000  14.000000  189.500000  82.500000  11.000000  38.500000  16.500000  28.000000  70.000000  39.500000  0.500000  4.000000  56.500000  7.500000  15.500000  26.000000  1.500000  6.500000  24.000000  2.500000  4.500000  5.000000  8.500000  6.000000  20.000000  11.500000  6.000000  7.500000  30.500000  5.000000  3.500000  49.500000  78.500000  57.500000  228.500000  63.000000  1.000000  12.500000  281.000000  86.000000  9.500000  0.500000  29.500000  141.500000  0.000000  
0.045852  0.072052  0.048035  0.240175  0.019651  0.004367  0.026201  0.010917  0.074236  0.251092  0.024017  0.030568  0.050218  0.292576  0.277293  0.021834  0.037118  0.039301  0.034934  0.072052  0.054585  0.000000  0.041485  0.069869  0.006550  0.013100  0.037118  0.002183  0.010917  0.021834  0.000000  0.021834  0.019651  0.013100  0.006550  0.034934  0.017467  0.093886  0.063319  0.015284  0.006550  0.013100  0.124454  0.100437  0.152838  0.574236  0.056769  0.019651  1.000000  1.351528  0.019651  0.024017  0.000000  0.013100  0.052402  0.000000  
0.141580  0.029806  0.017884  0.160954  0.010432  0.002981  0.023845  0.001490  0.690015  0.260805  0.022355  0.025335  0.029806  0.363636  0.244411  0.038748  0.105812  0.029806  0.067064  0.159463  0.108793  0.001490  0.013413  0.202683  0.029806  0.038748  0.134128  0.029806  0.055142  0.083458  0.016393  0.064083  0.065574  0.020864  0.032787  0.073025  0.049180  0.040238  0.076006  0.061103  0.052161  0.017884  0.233979  0.484352  0.538003  1.672131  0.287630  0.014903  0.092399  1.000000  0.026826  0.037258  0.001490  0.084948  0.469449  0.000000  
73.000000  31.000000  18.000000  58.000000  2.000000  3.000000  6.000000  1.000000  26.000000  67.000000  12.000000  15.000000  23.000000  82.000000  26.000000  11.000000  12.000000  16.000000  23.000000  103.000000  25.000000  0.000000  11.000000  85.000000  15.000000  14.000000  35.000000  6.000000  6.000000  17.000000  4.000000  9.000000  13.000000  4.000000  19.000000  73.000000  29.000000  12.000000  11.000000  7.000000  16.000000  19.000000  79.000000  187.000000  122.000000  733.000000  270.000000  13.000000  53.000000  104.000000  0.000000  205.000000  5.000000  527.000000  358.000000  0.000000  
0.865989  0.050832  0.018484  0.061922  0.003697  0.004621  0.006470  0.001848  0.030499  0.075786  0.014787  0.008318  0.020333  0.071165  0.017560  0.007394  0.010166  0.010166  0.019409  0.109057  0.064695  0.000000  0.006470  0.052680  0.008318  0.007394  0.030499  0.004621  0.004621  0.017560  0.003697  0.011091  0.018484  0.004621  0.013863  0.063771  0.023105  0.005545  0.004621  0.005545  0.030499  0.012015  0.179298  0.272643  0.076710  0.319778  0.233826  0.071165  0.033272  0.078558  0.034196  1.000000  0.891867  0.371534  0.966728  0.000000  
0.000000  0.000000  0.000000  0.000000  0.000000  0.000000  0.000000  0.000000  0.000000  0.000000  0.000000  0.000000  0.000000  0.000000  0.000000  0.000000  0.000000  0.000000  0.000000  0.000000  0.000000  0.000000  0.000000  0.000000  0.000000  0.000000  0.000000  0.000000  0.000000  0.000000  0.000000  0.000000  0.000000  0.000000  0.000000  0.000000  0.000000  0.000000  0.000000  0.000000  0.000000  0.000000  0.000000  0.000000  0.000000  0.000000  0.000000  0.000000  0.000000  0.000000  0.000000  0.000000  0.000000  26.000000  0.000000  0.000000  
0.022310  0.014715  0.007753  0.024525  0.000791  0.000316  0.002057  0.000000  0.008861  0.020253  0.006171  0.006329  0.007437  0.049209  0.012025  0.004747  0.002057  0.005222  0.013924  0.063291  0.036709  0.000316  0.005380  0.041139  0.005854  0.004905  0.017247  0.002373  0.003956  0.009177  0.002057  0.008070  0.014715  0.001741  0.006804  0.020253  0.013133  0.005854  0.004114  0.004905  0.006329  0.002690  0.027532  0.125316  0.016614  0.161709  0.146994  0.008544  0.007753  0.018987  0.003006  0.167247  0.085127  1.000000  0.849209  0.000000  
0.156111  0.022302  0.011597  0.024978  0.003568  0.003568  0.011597  0.000892  0.016057  0.029438  0.005352  0.007136  0.005352  0.050847  0.016949  0.010705  0.005352  0.006244  0.008029  0.048171  0.035682  0.000000  0.010705  0.038359  0.004460  0.007136  0.032114  0.003568  0.004460  0.008029  0.004460  0.007136  0.011597  0.005352  0.005352  0.017841  0.016949  0.011597  0.011597  0.009813  0.018733  0.009813  0.088314  0.135593  0.094558  0.076717  0.103479  0.028546  0.092774  0.059768  0.031222  0.029438  0.338983  0.272079  1.000000  0.000000  
0.000000  0.000000  0.000000  0.000000  0.000000  0.000000  0.000000  0.000000  0.000000  0.000000  0.000000  0.000000  0.000000  0.000000  0.000000  0.000000  0.000000  0.000000  0.000000  0.000000  0.000000  0.000000  0.000000  0.000000  0.000000  0.000000  0.000000  0.000000  0.000000  0.000000  0.000000  0.000000  0.000000  0.000000  0.000000  0.000000  0.000000  0.000000  0.000000  0.000000  0.000000  0.000000  0.000000  0.000000  0.000000  0.000000  0.000000  0.000000  0.000000  0.000000  0.000000  0.000000  0.000000  0.000000  0.000000  0.000000  
0.002676  0.000913  0.002271  0.001583  0.022308  0.012879  0.003050  0.022308  0.001205  0.000610  0.003422  0.002326  0.001172  0.000564  0.001048  0.003463  0.004375  0.001761  0.002295  0.000515  0.000877  0.008432  0.003943  0.000602  0.002526  0.003187  0.002094  0.004868  0.003913  0.002172  0.004988  0.004507  0.003254  0.018214  0.001067  0.000538  0.002094  0.006187  0.001440  0.002638  0.001396  0.001564  0.000690  0.000428  0.001070  0.000924  0.004375  0.022308  0.001474  0.001218  0.031548  0.000959  0.031548  0.000397  0.000942  0.031548  