1.000000  0.085714  0.045714  0.188571  0.000000  0.000000  0.000000  0.000000  0.068571  0.177143  0.045714  0.028571  0.040000  1.148571  0.017143  0.045714  5.988572  1.342857  0.074286  0.405714  0.177143  0.011429  0.028571  0.365714  0.051429  0.045714  0.131429  0.034286  0.034286  2.200000  0.040000  0.085714  0.080000  0.034286  0.845714  0.280000  0.125714  6.205714  0.531429  3.925714  2.360000  0.274286  47.062859  40.400002  0.691429  0.960000  0.314286  0.062857  0.068571  0.062857  0.000000  2.765714  0.125714  2.034286  1.611429  0.000000  
0.182625  1.000000  0.002802  0.094348  0.007473  0.014946  0.014012  0.004671  0.184960  0.237739  0.051845  0.028491  0.111630  0.347501  0.053246  0.029426  0.022887  0.041102  0.022887  0.161607  0.074731  0.002802  0.018216  0.133582  0.014479  0.042036  0.078001  0.022419  0.041569  0.028024  0.004671  0.016348  0.028024  0.025222  0.012144  0.123307  0.018683  0.013078  0.006539  0.002335  0.033162  0.005138  0.079402  0.249416  0.085941  0.046707  0.078935  0.061653  0.017282  0.091079  0.007940  0.015413  0.055582  0.139187  0.219524  0.000000  
0.106122  1.453061  1.000000  0.616327  0.004082  0.024490  0.004082  0.012245  0.102041  1.673469  0.175510  0.163265  0.187755  1.053061  0.220408  0.020408  0.004082  0.028571  0.073469  0.244898  0.257143  0.008163  0.032653  0.191837  0.024490  0.175510  0.191837  0.097959  0.248980  0.008163  0.004082  0.016327  0.032653  0.024490  0.024490  0.089796  0.012245  0.004082  0.012245  0.004082  0.073469  0.004082  0.163265  0.718367  0.257143  0.187755  0.224490  0.102041  0.040816  0.134694  0.012245  0.077551  1.881633  0.432653  1.004082  0.000000  
0.593137  9.073529  4.470588  1.000000  0.053922  0.102941  0.004902  0.004902  1.107843  6.112745  0.372549  0.039216  0.274510  3.504902  0.264706  0.102941  0.049020  0.446078  0.034314  0.171569  0.186275  0.019608  0.014706  0.107843  0.009804  0.029412  0.063725  0.102941  0.044118  0.044118  0.004902  0.044118  0.014706  0.029412  0.063725  0.372549  0.019608  0.009804  0.039216  0.166667  0.176471  0.019608  0.215686  0.333333  0.019608  0.044118  0.078431  2.078431  0.254902  0.068627  0.024510  0.034314  0.004902  0.132353  0.887255  0.000000  
0.000000  0.000000  0.000000  5.000000  0.000000  0.000000  0.000000  0.000000  0.000000  214.000000  9.000000  6.000000  5.000000  5.000000  0.000000  0.000000  0.000000  0.000000  0.000000  0.000000  0.000000  0.000000  0.000000  0.000000  0.000000  0.000000  0.000000  0.000000  0.000000  0.000000  0.000000  0.000000  0.000000  0.000000  0.000000  0.000000  0.000000  0.000000  0.000000  0.000000  0.000000  0.000000  0.000000  0.000000  0.000000  0.000000  0.000000  0.000000  0.000000  0.000000  0.000000  0.000000  0.000000  0.000000  1.000000  0.000000  
7.593750  0.125000  0.000000  0.093750  0.000000  1.000000  0.031250  0.031250  0.093750  0.156250  0.000000  0.000000  0.000000  5.781250  0.218750  0.000000  0.000000  0.000000  0.000000  0.000000  0.000000  0.000000  0.000000  0.000000  0.000000  0.000000  0.000000  0.000000  0.000000  0.000000  0.000000  0.000000  0.000000  0.000000  0.000000  0.000000  0.000000  0.000000  0.031250  0.000000  0.093750  0.000000  0.625000  0.093750  0.093750  0.187500  0.031250  0.062500  0.000000  0.125000  0.000000  0.312500  0.000000  0.437500  0.750000  0.000000  
0.063830  0.101064  0.446809  0.026596  0.000000  0.005319  1.000000  0.000000  0.090426  0.063830  0.005319  0.000000  0.015957  0.218085  3.930851  0.005319  0.015957  0.026596  0.005319  0.037234  0.069149  0.000000  0.000000  0.015957  0.000000  0.005319  0.021277  0.005319  0.021277  0.010638  0.000000  0.005319  0.005319  0.005319  0.005319  0.026596  0.005319  0.000000  0.005319  0.005319  0.015957  0.000000  0.047872  0.101064  0.196809  0.117021  0.138298  0.053191  0.117021  0.292553  0.015957  0.010638  0.000000  0.106383  0.127660  0.000000  
0.750000  1.500000  0.000000  5.250000  0.000000  0.000000  0.000000  1.000000  1.250000  2.000000  0.000000  0.000000  0.000000  16.750000  0.000000  0.000000  0.000000  0.000000  0.000000  0.000000  0.000000  0.000000  0.000000  0.000000  0.000000  0.000000  0.000000  0.000000  0.000000  0.000000  0.000000  0.000000  0.000000  0.000000  0.000000  0.000000  0.000000  0.000000  0.000000  0.000000  0.000000  0.000000  0.000000  0.000000  0.250000  0.000000  0.000000  0.000000  0.000000  0.000000  0.000000  0.000000  0.000000  0.000000  0.750000  0.000000  
0.054714  0.044613  0.019360  0.095118  0.003367  0.007576  0.002525  0.001684  1.000000  0.320707  0.045455  0.011785  0.006734  0.157407  0.006734  0.008418  0.000842  0.035354  0.002525  0.010101  0.005892  0.000842  0.005892  0.040404  0.000842  0.003367  0.028620  0.065657  0.063131  0.004209  0.003367  0.011785  0.001684  0.000842  0.000842  0.003367  0.002525  0.000000  0.000000  0.000000  0.000842  0.000000  0.010101  0.319024  4.629630  0.080808  0.000842  0.062290  0.000842  0.031145  0.005892  0.000000  0.010943  0.022727  0.075758  0.000000  
0.020397  0.017483  0.001854  0.049801  0.001589  0.004503  0.004503  0.000795  0.011391  1.000000  0.169007  0.362649  0.014305  0.044238  0.005298  0.000000  0.000000  0.000000  0.340662  0.454834  0.322119  0.001854  0.087152  0.138808  0.012185  0.240265  0.358411  0.000795  0.000530  0.001060  0.001854  0.000000  0.000000  0.000265  0.000000  0.000265  0.001060  0.000000  0.001060  0.000000  0.000000  0.000000  0.005033  0.152318  0.354437  0.004503  0.000000  0.081854  0.002649  0.003974  0.002119  0.000000  0.000530  0.000000  0.003974  0.000000  
0.019417  0.048544  0.058252  0.446602  0.019417  0.067961  0.019417  0.000000  0.106796  0.669903  1.000000  0.019417  0.009709  0.349515  0.077670  0.067961  0.000000  0.000000  2.029126  14.844660  5.106796  0.029126  0.213592  2.592233  0.194175  0.174757  1.135922  0.019417  0.000000  0.038835  0.009709  0.000000  0.000000  0.000000  0.000000  0.000000  0.000000  0.000000  0.000000  0.000000  0.000000  0.000000  0.048544  1.427184  6.689321  0.058252  0.000000  0.689320  0.000000  0.029126  0.038835  0.000000  0.000000  0.000000  0.077670  0.000000  
0.161491  0.397516  0.080745  0.403727  0.012422  0.055901  0.031056  0.006211  0.086957  0.677019  0.099379  1.000000  0.136646  0.198758  0.093168  0.074534  0.000000  0.130435  0.565217  1.813665  1.763975  0.012422  0.683230  1.540373  0.105590  1.378882  2.534162  0.024845  0.062112  0.291925  0.062112  0.049689  0.000000  0.000000  0.086957  0.000000  0.130435  0.000000  0.000000  0.000000  0.000000  0.000000  0.105590  0.677019  0.757764  0.018634  0.000000  0.496894  0.012422  0.018634  0.024845  0.018634  0.000000  0.000000  0.062112  0.000000  
0.000000  0.103079  0.017403  0.060241  0.001339  0.000000  0.000000  0.000000  0.010710  0.113788  0.068273  0.042838  1.000000  0.386881  0.006693  0.000000  0.000000  0.001339  0.037483  0.511379  0.397590  0.013387  0.056225  1.448460  0.107095  0.120482  0.495315  0.006693  0.006693  0.001339  0.042838  0.000000  0.010710  0.000000  0.000000  0.000000  0.000000  0.000000  0.000000  0.000000  0.000000  0.000000  0.012048  0.124498  0.299866  0.018742  0.000000  0.108434  0.004016  0.006693  0.002677  0.000000  0.001339  0.022758  0.021419  0.000000  
0.212829  0.007325  0.001782  0.024748  0.002376  0.010097  0.009899  0.000792  0.007127  0.043754  0.026925  0.005939  0.022768  1.000000  0.087111  0.108889  0.016432  0.032271  0.006929  0.079390  0.112057  0.001188  0.012869  0.133835  0.003366  0.006335  0.078796  0.012275  0.019600  0.037220  0.022768  0.026529  0.046723  0.185904  0.039002  0.335973  0.004356  0.000594  0.001584  0.000792  0.001782  0.011285  0.021580  0.090081  0.199168  0.010493  0.009107  0.006533  0.002772  0.004356  0.002772  0.015047  0.000990  0.165314  0.277965  0.000000  
0.197861  0.118029  0.070283  0.033231  0.001146  0.003820  0.029030  0.001146  0.089763  0.068755  0.006494  0.002674  0.013369  0.193277  1.000000  0.009167  0.009931  0.026356  0.004966  0.033995  0.083652  0.001146  0.001528  0.019862  0.003056  0.004966  0.014133  0.004202  0.020244  0.014133  0.001146  0.009167  0.006494  0.004966  0.004966  0.029794  0.005730  0.002292  0.004966  0.005730  0.017953  0.003056  0.053858  0.103514  0.212376  0.127578  0.161574  0.053858  0.102368  0.228801  0.018717  0.011459  0.003056  0.125668  0.184874  0.000000  
0.429412  0.123529  0.070588  0.041176  0.000000  0.000000  0.000000  0.000000  0.076471  0.129412  0.082353  0.011765  0.005882  0.264706  0.088235  1.000000  0.000000  0.011765  0.388235  3.123529  5.194118  0.029412  0.076471  0.629412  0.011765  0.017647  0.258824  0.023529  0.023529  0.088235  0.011765  0.017647  0.029412  0.070588  0.794118  0.058824  0.382353  0.000000  0.000000  0.000000  0.047059  0.000000  0.317647  2.417647  0.523529  0.270588  0.323529  0.064706  0.047059  0.311765  0.023529  0.052941  0.047059  0.994118  0.652941  0.000000  
1.560000  0.560000  0.280000  5.080000  0.120000  0.280000  0.240000  0.120000  1.680000  0.200000  0.000000  0.120000  0.000000  0.880000  0.000000  0.000000  1.000000  4.720000  0.640000  3.080000  1.840000  0.120000  0.560000  0.280000  0.040000  0.400000  0.720000  0.000000  0.160000  16.160000  1.120000  0.200000  0.120000  0.000000  0.080000  0.000000  0.000000  0.000000  0.040000  0.000000  0.000000  0.000000  0.120000  12.400000  39.160000  0.600000  0.120000  3.120000  0.240000  0.600000  0.160000  0.000000  0.080000  0.640000  2.200000  0.000000  
0.045977  0.031609  0.025862  0.060345  0.000000  0.000000  0.000000  0.000000  0.048851  0.031609  0.005747  0.002874  0.002874  0.318966  0.000000  0.022989  0.005747  1.000000  0.014368  0.086207  0.066092  0.002874  0.011494  0.149425  0.014368  0.014368  0.043103  0.022989  0.008621  0.054598  0.011494  2.916667  2.683908  0.011494  0.008621  0.048851  0.074713  0.014368  0.022989  0.005747  0.031609  0.057471  0.198276  1.140805  0.094828  0.183908  0.241379  0.080460  0.008621  0.034483  0.022989  0.066092  0.000000  0.419540  0.117816  0.000000  
0.081731  0.216346  0.105769  0.182692  0.000000  0.000000  0.000000  0.000000  0.028846  0.605769  0.105769  0.014423  0.048077  0.062500  0.000000  0.000000  0.000000  0.000000  1.000000  5.927885  0.120192  0.004808  0.086538  0.245192  0.067308  0.028846  0.052885  0.000000  0.000000  0.000000  0.000000  0.000000  0.000000  0.004808  0.000000  0.000000  0.000000  0.000000  0.000000  0.000000  0.000000  0.000000  0.000000  0.495192  1.110577  0.043269  0.091346  0.504808  0.110577  0.192308  0.105769  0.038462  0.000000  0.086538  1.201923  0.000000  
0.071850  0.026810  0.034138  0.051296  0.000536  0.000715  0.000894  0.000536  0.015550  0.036461  0.013584  0.002681  0.008043  0.030563  0.011618  0.002681  0.001072  0.002502  0.048257  1.000000  0.107060  0.001787  0.031457  0.102770  0.017516  0.015550  0.025380  0.000715  0.000894  0.005719  0.000715  0.001072  0.001430  0.003217  0.002324  0.020912  0.003038  0.000536  0.000894  0.000715  0.001966  0.000536  0.007328  0.089366  0.066309  0.033780  0.019839  0.021448  0.003038  0.009115  0.003396  0.022341  0.002860  0.062556  0.071671  0.000000  
0.050712  0.005338  0.000445  0.000890  0.000000  0.000000  0.000000  0.000000  0.006228  0.012456  0.004893  0.000000  0.005338  0.005783  0.000890  0.001335  0.002224  0.001335  0.000890  0.007117  1.000000  0.000000  0.000000  0.003114  0.000890  0.001779  0.003559  0.000445  0.000445  0.004004  0.000000  0.000890  0.002224  0.000000  0.000890  0.004004  0.001335  0.001779  0.001779  0.000000  0.004893  0.001779  0.010676  0.080961  0.056050  0.078737  0.104982  0.003559  0.000445  0.170819  0.003114  0.001335  0.000000  0.036922  0.419929  0.000000  
0.000000  0.000000  0.000000  0.000000  0.000000  0.000000  0.000000  0.000000  0.000000  0.000000  0.000000  0.000000  0.000000  0.000000  0.000000  0.000000  0.000000  0.000000  0.000000  0.043011  0.000000  1.000000  0.000000  0.000000  0.000000  0.000000  0.043011  0.000000  0.000000  0.000000  0.000000  0.000000  0.000000  0.000000  0.000000  0.000000  0.000000  0.000000  0.000000  0.000000  0.000000  0.000000  0.000000  0.043011  0.000000  0.000000  0.000000  0.000000  0.000000  0.182796  0.000000  0.000000  0.000000  0.000000  6.268817  0.000000  
0.500000  0.000000  0.000000  0.000000  0.000000  0.000000  0.000000  0.000000  0.000000  0.650000  0.150000  0.033333  0.283333  0.000000  0.000000  0.100000  0.000000  0.000000  0.250000  0.783333  0.000000  0.000000  1.000000  0.083333  0.000000  0.000000  0.000000  0.000000  0.000000  0.000000  0.000000  0.000000  0.000000  0.066667  0.000000  0.000000  0.000000  0.000000  0.000000  0.000000  0.000000  0.000000  0.000000  0.233333  0.050000  0.000000  0.000000  0.166667  2.766667  0.000000  0.000000  0.000000  0.000000  0.000000  5.733333  0.000000  
0.005384  0.047168  0.008830  0.051045  0.000646  0.002585  0.002154  0.000000  0.006892  0.015723  0.001723  0.002154  0.014861  0.024553  0.001938  0.002800  0.000646  0.001938  0.024768  0.330821  0.169718  0.014000  0.030153  1.000000  0.031230  0.006246  0.034891  0.004523  0.004092  0.011415  0.003446  0.002154  0.001292  0.005169  0.001292  0.008615  0.012061  0.000215  0.000646  0.000646  0.001723  0.000862  0.011415  0.081628  0.116519  0.018307  0.016584  0.029507  0.003015  0.018307  0.020030  0.014000  0.007107  0.094336  0.294852  0.000000  
0.183673  0.591837  0.326531  0.142857  0.000000  0.000000  0.000000  0.000000  0.020408  0.040816  0.020408  0.020408  0.020408  0.265306  0.204082  0.000000  0.000000  0.000000  0.061224  0.265306  4.857143  0.102041  0.061224  0.122449  1.000000  0.020408  0.040816  0.000000  0.000000  0.000000  0.000000  0.000000  0.000000  0.000000  0.000000  0.000000  0.000000  0.000000  0.000000  0.000000  0.000000  0.000000  0.000000  0.142857  0.020408  0.000000  0.020408  0.244898  0.020408  0.020408  0.224490  0.142857  0.040816  0.244898  4.877551  0.000000  
0.490196  0.539216  0.245098  3.107843  0.029412  0.049020  0.264706  0.009804  0.284314  0.794118  0.176471  0.058824  0.039216  0.725490  0.147059  0.049020  0.009804  0.019608  0.764706  4.382353  7.627451  0.235294  0.245098  3.637255  0.196078  1.000000  1.676471  0.029412  0.009804  0.372549  0.088235  0.058824  0.058824  0.009804  0.078431  0.039216  0.147059  0.000000  0.019608  0.000000  0.029412  0.009804  0.176471  1.264706  0.990196  0.088235  0.039216  1.117647  0.078431  0.264706  0.049020  0.117647  0.186275  0.274510  1.637255  0.000000  
0.144621  0.105820  0.061728  0.151675  0.003527  0.017637  0.017637  0.001764  0.059965  0.400353  0.153439  0.082892  0.056437  0.582011  0.074074  0.038801  0.007055  0.022928  0.301587  0.703704  1.292769  0.040564  0.054674  0.839506  0.088183  0.218695  1.000000  0.028219  0.082892  0.716049  0.047619  0.075838  0.123457  0.051146  0.104056  0.042328  0.208113  0.007055  0.031746  0.014109  0.061728  0.017637  0.460317  0.356261  0.560847  0.068783  0.081129  0.162257  0.019400  0.123457  0.017637  0.054674  0.072310  0.488536  0.841270  0.000000  
0.242424  0.303030  0.212121  0.060606  0.000000  0.000000  0.000000  0.000000  0.636364  0.727273  0.000000  0.000000  0.090909  0.515152  0.030303  0.000000  0.000000  0.000000  0.000000  0.636364  0.575758  0.000000  0.151515  2.818182  0.030303  0.090909  0.030303  1.000000  1.606061  0.666667  0.000000  0.030303  0.030303  0.090909  0.151515  0.000000  0.000000  0.030303  0.000000  0.000000  0.090909  0.000000  0.727273  0.818182  8.969697  0.121212  0.151515  0.363636  0.060606  0.030303  0.121212  0.212121  0.000000  1.727273  0.696970  0.000000  
0.100719  0.028777  0.021583  0.007194  0.000000  0.000000  0.000000  0.000000  0.115108  0.100719  0.014388  0.000000  0.000000  0.856115  0.007194  0.000000  0.000000  0.028777  0.035971  0.122302  0.978417  0.007194  0.071942  1.359712  0.129496  0.007194  0.316547  0.050360  1.000000  1.690647  0.064748  0.000000  0.000000  0.093525  0.000000  0.000000  0.071942  0.000000  0.014388  0.000000  0.345324  0.014388  1.064748  0.489209  1.402878  0.050360  0.014388  0.093525  0.028777  0.028777  0.021583  0.100719  0.007194  0.805755  0.179856  0.000000  
0.145215  0.079208  0.066007  0.046205  0.000000  0.056106  0.000000  0.006601  0.105611  0.023102  0.036304  0.003300  0.003300  0.158416  0.009901  0.039604  0.019802  0.033003  0.009901  0.089109  0.148515  0.013201  0.019802  1.735974  0.105611  0.013201  0.237624  0.062706  0.089109  1.000000  0.019802  0.042904  0.033003  0.029703  0.046205  0.095710  0.108911  0.013201  0.036304  0.009901  0.036304  0.026403  0.204620  1.706271  1.095710  0.184818  0.283828  0.201320  0.026403  0.042904  0.019802  0.161716  0.036304  0.584158  0.646865  0.000000  
0.000000  0.000000  0.000000  0.000000  0.000000  0.000000  0.000000  0.000000  0.000000  0.000000  0.000000  0.000000  0.000000  0.000000  0.000000  0.000000  0.000000  0.000000  0.000000  0.074074  0.000000  0.000000  0.000000  0.296296  0.259259  0.000000  0.000000  0.037037  0.092593  0.000000  1.000000  0.000000  0.000000  0.000000  0.000000  0.037037  0.000000  0.000000  0.000000  0.000000  0.000000  0.000000  0.000000  0.592593  0.000000  0.111111  0.296296  0.037037  0.000000  0.000000  0.000000  0.000000  0.000000  0.629630  0.185185  0.000000  
0.179104  0.283582  0.208955  0.119403  0.000000  0.149254  0.014925  0.000000  3.298507  0.910448  0.074627  0.029851  0.074627  3.880597  0.089552  0.865672  0.000000  0.507463  0.074627  0.358209  0.477612  0.000000  0.014925  1.940299  0.268657  0.104478  0.671642  0.134328  0.522388  0.119403  0.626866  1.000000  1.134328  0.208955  0.358209  2.776119  1.373134  0.373134  0.089552  0.149254  0.119403  0.477612  3.358209  1.985075  0.880597  2.328358  5.567164  0.462687  0.238806  0.283582  0.238806  0.671642  0.283582  2.895522  2.552239  0.000000  
0.172727  0.618182  0.418182  0.181818  0.000000  0.045455  0.009091  0.000000  0.172727  0.318182  0.172727  0.054545  0.018182  0.454545  0.036364  0.136364  0.036364  0.436364  0.163636  0.909091  0.181818  0.000000  0.036364  0.700000  0.136364  0.081818  0.263636  0.100000  0.054545  0.172727  0.036364  0.490909  1.000000  0.127273  0.072727  0.400000  0.300000  0.190909  0.045455  0.018182  0.090909  0.054545  1.272727  0.772727  0.736364  0.863636  1.590909  0.390909  0.145455  0.927273  0.436364  2.227273  0.472727  11.900000  3.545455  0.000000  
1.346154  0.307692  0.269231  0.230769  0.000000  0.000000  0.000000  0.000000  1.000000  1.500000  0.000000  0.076923  0.000000  2.923077  0.769231  2.115385  0.076923  0.153846  1.307692  4.576923  8.269231  0.230769  0.346154  12.307693  2.307692  0.576923  4.884615  0.692308  0.615385  0.000000  1.038462  3.192308  0.961538  1.000000  4.423077  2.500000  8.000000  0.153846  0.000000  0.000000  0.230769  0.038462  1.423077  5.269231  2.423077  0.653846  1.846154  0.423077  0.384615  0.423077  0.384615  0.192308  0.038462  3.846154  1.923077  0.000000  
0.004242  0.004242  0.004242  0.004242  0.000000  0.000000  0.000000  0.000000  0.003181  0.006363  0.000000  0.000000  0.001060  0.003181  0.003181  0.002121  0.001060  0.000000  0.004242  0.023330  0.023330  0.000000  0.003181  0.011665  0.027572  0.001060  0.009544  0.000000  0.000000  0.009544  0.006363  0.002121  0.002121  0.001060  1.000000  0.042418  0.067869  0.000000  0.000000  0.000000  0.000000  0.000000  0.000000  0.242842  0.003181  0.011665  0.019088  0.008484  0.004242  0.010604  0.003181  0.004242  0.006363  0.032874  0.093319  0.000000  
0.017614  0.004270  0.002135  0.001601  0.000000  0.000000  0.000000  0.000267  0.001601  0.008540  0.000801  0.000000  0.000267  0.027756  0.002135  0.061116  0.000267  0.004537  0.000801  0.002669  0.073926  0.000534  0.003736  0.021884  0.000534  0.000534  0.001601  0.000267  0.000267  0.035228  0.002936  0.004003  0.000801  0.009608  0.021884  1.000000  0.806779  0.000267  0.000000  0.000000  0.000801  0.000000  0.002135  0.265279  0.004270  0.016547  0.016013  0.003469  0.004003  0.006939  0.004270  0.001334  0.002402  0.034428  0.082199  0.000000  
0.040189  0.011820  0.011820  0.018913  0.000000  0.000000  0.000000  0.000000  0.030733  0.033097  0.014184  0.007092  0.002364  0.063830  0.000000  0.009456  0.000000  0.007092  0.009456  0.047281  0.016548  0.000000  0.004728  0.035461  0.011820  0.007092  0.023641  0.011820  0.011820  0.007092  0.000000  0.009456  0.007092  0.018913  0.004728  0.078014  1.000000  0.000000  0.000000  0.000000  0.000000  0.004728  0.009456  0.687943  0.101655  0.113475  0.460993  0.073286  0.108747  0.113475  0.018913  0.009456  0.030733  0.836879  0.621749  0.000000  
0.413333  0.026667  0.000000  0.013333  0.000000  0.000000  0.000000  0.000000  0.013333  0.026667  0.013333  0.000000  0.013333  0.026667  0.000000  0.000000  0.000000  0.000000  0.013333  0.053333  0.026667  0.000000  0.013333  0.053333  0.013333  0.013333  0.013333  0.000000  0.000000  0.000000  0.000000  0.013333  0.013333  0.000000  0.013333  0.026667  0.013333  1.000000  0.000000  0.000000  0.000000  0.000000  8.306666  9.720000  0.000000  0.120000  0.226667  0.000000  0.013333  0.013333  0.000000  0.200000  0.000000  1.080000  0.346667  0.000000  
0.513784  0.000000  0.000000  0.000000  0.000000  0.000000  0.000000  0.000000  0.000000  0.002506  0.000000  0.000000  0.000000  0.388471  0.000000  0.000000  0.000000  0.000000  0.000000  0.005013  0.002506  0.000000  0.000000  0.005013  0.000000  0.000000  0.002506  0.000000  0.000000  0.000000  0.000000  0.000000  0.000000  0.000000  0.000000  0.002506  0.002506  0.000000  1.000000  0.000000  0.000000  0.000000  0.588972  0.050125  0.000000  0.015038  0.012531  0.000000  0.000000  0.000000  0.000000  0.055138  0.000000  0.273183  0.095238  0.000000  
1.949153  0.050847  0.000000  0.000000  0.000000  0.000000  0.000000  0.000000  0.016949  0.016949  0.000000  0.000000  0.000000  0.288136  0.000000  0.000000  0.000000  0.000000  0.016949  0.050847  0.016949  0.000000  0.000000  0.033898  0.000000  0.000000  0.016949  0.000000  0.000000  0.016949  0.000000  0.000000  0.016949  0.000000  0.000000  0.016949  0.016949  0.000000  0.000000  1.000000  0.440678  0.000000  5.067797  1.067797  0.000000  0.084746  0.135593  0.000000  0.000000  0.000000  0.000000  0.016949  0.000000  2.203390  0.542373  0.000000  
0.053140  0.004831  0.002415  0.003623  0.000000  0.000000  0.000000  0.000000  0.003623  0.009662  0.002415  0.001208  0.002415  0.010870  0.001208  0.002415  0.001208  0.001208  0.003623  0.021739  0.009662  0.001208  0.001208  0.019324  0.002415  0.002415  0.007246  0.001208  0.001208  0.003623  0.001208  0.002415  0.003623  0.001208  0.003623  0.010870  0.006039  0.000000  0.000000  0.000000  1.000000  0.001208  0.049517  0.061594  0.006039  0.018116  0.073671  0.000000  0.002415  0.003623  0.000000  0.004831  0.001208  1.804348  0.021739  0.000000  
0.000000  0.003419  0.001709  0.001709  0.000000  0.000000  0.000000  0.000000  0.003419  0.006838  0.001709  0.001709  0.001709  0.008547  0.000000  0.001709  0.001709  0.001709  0.003419  0.018803  0.006838  0.000000  0.001709  0.015385  0.001709  0.001709  0.005128  0.001709  0.001709  0.003419  0.000000  0.001709  0.003419  0.001709  0.003419  0.010256  0.005128  0.000000  0.000000  0.000000  0.001709  1.000000  0.049573  0.039316  0.005128  0.027350  0.080342  0.000000  0.003419  0.003419  0.000000  0.003419  0.001709  1.717949  0.006838  0.000000  
0.616151  0.008345  0.004038  0.005653  0.000000  0.000538  0.000269  0.000000  0.006729  0.016958  0.004576  0.002692  0.004038  0.051952  0.001615  0.004307  0.001884  0.002961  0.007268  0.039569  0.018573  0.001077  0.002961  0.035262  0.005114  0.004307  0.012651  0.002961  0.002961  0.006460  0.001615  0.004038  0.006729  0.003230  0.005653  0.019919  0.012113  0.006191  0.048452  0.005384  0.009421  0.001884  1.000000  0.681023  0.009960  0.037147  0.085330  0.000000  0.005384  0.004845  0.000269  0.036070  0.003499  0.331359  0.078600  0.000000  
0.269174  0.020114  0.008667  0.019460  0.000327  0.000654  0.000654  0.000000  0.020769  0.013573  0.005397  0.002126  0.003271  0.106296  0.009158  0.007686  0.002289  0.005070  0.011284  0.112510  0.039738  0.003434  0.002944  0.111693  0.026656  0.005724  0.044481  0.002453  0.006051  0.035487  0.006541  0.003107  0.006705  0.005560  0.013900  0.025020  0.019460  0.001472  0.003598  0.000818  0.006868  0.001145  0.078659  1.000000  0.228618  0.095176  0.137694  0.016517  0.004742  0.031889  0.006214  0.029926  0.085037  0.337694  0.199509  0.000000  
0.246813  0.049826  0.025492  0.073001  0.001159  0.003476  0.003476  0.001159  0.010429  0.042874  0.012746  0.004635  0.011587  0.030127  0.005794  0.003476  0.003476  0.005794  0.004635  0.026651  0.024334  0.000000  0.003476  0.019699  0.003476  0.003476  0.012746  0.002317  0.003476  0.005794  0.001159  0.002317  0.006952  0.002317  0.003476  0.022016  0.003476  0.001159  0.001159  0.001159  0.004635  0.002317  0.017381  0.093859  1.000000  0.052144  0.079954  0.040556  0.017381  0.034762  0.049826  0.046350  1.640788  0.161066  3.170336  0.000000  
0.455814  0.146512  0.075194  0.127132  0.005426  0.005426  0.021705  0.000775  0.355814  0.478295  0.142636  0.096124  0.059690  1.000000  0.587597  0.155039  0.065116  0.100000  0.199225  0.906977  0.444186  0.017829  0.039535  0.745736  0.111628  0.117054  0.337985  0.042636  0.086822  0.180620  0.043411  0.053488  0.079070  0.055814  0.182946  0.745736  0.194574  0.079845  0.092248  0.025581  0.060465  0.024806  0.718605  1.255039  1.184496  1.000000  5.573643  0.109302  0.068992  0.204651  0.034884  0.083721  0.049612  0.508527  1.393798  0.000000  
0.882353  0.127451  0.058824  0.117647  0.000000  0.000000  0.000000  0.000000  0.274510  0.215686  0.098039  0.019608  0.019608  0.215686  0.058824  0.107843  0.019608  0.039216  0.107843  0.568627  0.450980  0.019608  0.058824  0.470588  0.127451  0.078431  0.401961  0.088235  0.068627  0.441176  0.098039  0.147059  0.431373  0.225490  0.098039  0.205882  0.147059  0.107843  0.137255  0.078431  0.107843  0.058824  0.460784  11.598040  1.539216  1.009804  1.000000  0.156863  0.068627  1.637255  0.039216  1.421569  0.529412  5.617647  10.392157  0.000000  
18.000000  35.599998  13.800000  31.200001  1.800000  1.400000  3.200000  0.600000  17.600000  70.599998  9.600000  2.800000  6.400000  66.400002  41.599998  4.600000  9.600000  6.600000  10.200000  26.799999  17.000000  0.600000  1.200000  24.600000  3.200000  5.800000  12.000000  1.200000  2.800000  8.600000  1.000000  1.800000  2.200000  4.400000  2.000000  7.800000  4.000000  1.800000  2.800000  7.600000  2.600000  1.800000  22.200001  30.799999  39.400002  78.000000  23.400000  1.000000  4.600000  338.799988  35.599998  4.000000  0.200000  13.000000  81.800003  0.000000  
0.043478  0.051760  0.033126  0.120083  0.010352  0.008282  0.022774  0.014493  0.076605  0.198758  0.035197  0.024845  0.041408  0.260870  0.327122  0.022774  0.026915  0.026915  0.031056  0.095238  0.062112  0.002070  0.053830  0.064182  0.006211  0.016563  0.039337  0.004141  0.012422  0.026915  0.002070  0.022774  0.020704  0.018634  0.010352  0.035197  0.018634  0.045549  0.049689  0.012422  0.012422  0.012422  0.111801  0.122153  0.246377  0.308489  0.060041  0.020704  1.000000  2.494824  0.020704  0.041408  0.002070  0.024845  0.165631  0.000000  
0.054168  0.017672  0.007299  0.047253  0.003842  0.003458  0.019209  0.001537  0.272378  0.126777  0.014599  0.008836  0.012294  0.182866  0.263158  0.020745  0.032655  0.018824  0.033423  0.078371  0.064925  0.002305  0.003073  0.083365  0.012678  0.018440  0.057242  0.011525  0.026508  0.039570  0.003842  0.025740  0.028429  0.021129  0.012294  0.029197  0.016904  0.010373  0.023819  0.016519  0.021514  0.007683  0.096043  0.203995  0.342297  0.580868  0.120246  0.005378  0.036496  1.000000  0.011141  0.016904  0.001153  0.052247  0.207453  0.000000  
83.000000  44.000000  28.000000  51.000000  2.000000  4.000000  5.000000  1.000000  37.000000  100.000000  15.000000  18.000000  38.000000  126.000000  57.000000  17.000000  15.000000  21.000000  27.000000  144.000000  38.000000  4.000000  11.000000  108.000000  17.000000  21.000000  46.000000  6.000000  7.000000  21.000000  5.000000  12.000000  17.000000  7.000000  21.000000  82.000000  33.000000  12.000000  13.000000  8.000000  20.000000  24.000000  101.000000  235.000000  185.000000  891.000000  355.000000  16.000000  59.000000  138.000000  0.000000  227.000000  8.000000  605.000000  589.000000  0.000000  
0.526911  0.039828  0.015070  0.038751  0.001076  0.002153  0.004844  0.000538  0.023681  0.056512  0.010226  0.005920  0.014532  0.047901  0.012917  0.006997  0.006997  0.007535  0.013455  0.078579  0.084499  0.001076  0.004306  0.042519  0.006459  0.006997  0.020452  0.002691  0.003767  0.013994  0.001615  0.009150  0.014532  0.004306  0.008611  0.041442  0.016146  0.003767  0.003767  0.003767  0.020990  0.010764  0.135091  0.186760  0.078041  0.217976  0.158773  0.057051  0.027987  0.077503  0.034984  1.000000  0.622713  0.186760  0.832616  0.000000  
0.000000  0.000000  0.000000  0.000000  0.000000  0.000000  0.000000  0.000000  0.000000  0.000000  0.000000  0.000000  0.000000  0.000000  0.000000  0.000000  0.000000  0.000000  0.000000  0.000000  0.000000  0.000000  0.000000  0.000000  0.000000  0.000000  0.000000  0.000000  0.000000  0.000000  0.000000  0.000000  0.000000  0.000000  0.000000  0.000000  0.000000  0.000000  0.000000  0.000000  0.000000  0.000000  0.000000  0.000000  0.000000  0.000000  0.000000  0.000000  0.000000  0.000000  0.000000  0.000000  0.000000  25.000000  0.000000  0.000000  
0.025964  0.023787  0.012749  0.019279  0.000622  0.001399  0.002177  0.000000  0.020056  0.029851  0.011816  0.005752  0.004664  0.090796  0.020211  0.007618  0.002177  0.005752  0.017568  0.099813  0.061101  0.003420  0.005131  0.076959  0.008240  0.008551  0.025342  0.002799  0.006063  0.011816  0.002332  0.010106  0.018657  0.005286  0.006374  0.031405  0.017257  0.005597  0.004664  0.003109  0.005908  0.001555  0.029851  0.129042  0.037002  0.164801  0.229789  0.023787  0.009639  0.021300  0.007929  0.214708  0.179104  1.000000  1.172108  0.000000  
0.154545  0.025874  0.009091  0.026573  0.001399  0.005594  0.010490  0.001399  0.018182  0.025175  0.005594  0.007692  0.005594  0.063636  0.018182  0.010490  0.004895  0.006294  0.007692  0.052448  0.039860  0.002098  0.009790  0.038462  0.005594  0.009091  0.037762  0.003497  0.003497  0.009790  0.004196  0.009091  0.011888  0.007692  0.006294  0.021678  0.015385  0.009790  0.009091  0.006294  0.018182  0.007692  0.093007  0.134965  0.105594  0.090909  0.119580  0.032168  0.091608  0.055245  0.034965  0.038462  0.334965  0.280420  1.000000  0.000000  
0.000000  0.000000  0.000000  0.000000  0.000000  0.000000  0.000000  0.000000  0.000000  0.000000  0.000000  0.000000  0.000000  0.000000  0.000000  0.000000  0.000000  0.000000  0.000000  0.000000  0.000000  0.000000  0.000000  0.000000  0.000000  0.000000  0.000000  0.000000  0.000000  0.000000  0.000000  0.000000  0.000000  0.000000  0.000000  0.000000  0.000000  0.000000  0.000000  0.000000  0.000000  0.000000  0.000000  0.000000  0.000000  0.000000  0.000000  0.000000  0.000000  0.000000  0.000000  0.000000  0.000000  0.000000  0.000000  0.000000  
0.002385  0.000682  0.002016  0.002209  0.031548  0.005577  0.002301  0.015774  0.000915  0.000513  0.003109  0.002486  0.001154  0.000444  0.000617  0.002420  0.006310  0.001691  0.002187  0.000422  0.000665  0.003271  0.004073  0.000463  0.004507  0.003124  0.001325  0.005492  0.002676  0.001812  0.004293  0.003854  0.003008  0.006187  0.001027  0.000515  0.001534  0.003643  0.001579  0.004107  0.001096  0.001304  0.000518  0.000403  0.001074  0.000878  0.003124  0.014109  0.001435  0.000618  0.031548  0.000732  0.031548  0.000393  0.000834  0.031548  