1.000000  0.103448  0.039409  0.349754  0.000000  0.000000  0.000000  0.000000  0.098522  0.049261  0.014778  0.009852  0.019704  1.315271  0.004926  0.039409  3.325123  0.605911  0.029557  0.182266  0.093596  0.009852  0.009852  0.167488  0.034483  0.014778  0.059113  0.014778  0.019704  0.748768  0.024631  0.019704  0.029557  0.093596  0.374384  0.211823  0.014778  6.610837  0.349754  4.965517  2.339901  0.216749  52.556652  46.458130  0.438424  0.640394  0.192118  0.064039  0.014778  0.009852  0.004926  3.443350  0.832512  3.241379  1.788177  0.000000  
0.134881  1.000000  0.002470  0.043972  0.003211  0.004200  0.003706  0.000988  0.104002  0.122777  0.028656  0.018281  0.061759  0.243824  0.033103  0.020504  0.012846  0.016798  0.013093  0.097085  0.055830  0.001976  0.007164  0.073370  0.009140  0.020998  0.046443  0.011117  0.021245  0.016798  0.003953  0.011364  0.017787  0.022974  0.007164  0.061512  0.012599  0.006670  0.004941  0.001482  0.018528  0.003953  0.057559  0.166749  0.051630  0.044466  0.084980  0.051877  0.009881  0.068676  0.006917  0.019516  0.078063  0.111166  0.199111  0.000000  
0.059655  0.436421  1.000000  0.125589  0.006279  0.015699  0.001570  0.001570  0.072214  0.529042  0.059655  0.054945  0.075353  0.177394  0.042386  0.007849  0.003140  0.009419  0.032967  0.172684  0.145997  0.003140  0.023548  0.127159  0.010989  0.062794  0.087912  0.059655  0.089482  0.009419  0.004710  0.012559  0.017268  0.014129  0.014129  0.050235  0.004710  0.001570  0.006279  0.004710  0.025118  0.003140  0.042386  0.166405  0.051805  0.018838  0.025118  0.045526  0.018838  0.042386  0.006279  0.056515  1.808477  0.053375  0.530612  0.000000  
0.629893  7.017794  3.277580  1.000000  0.046263  0.042705  0.000000  0.007117  0.594306  3.832740  0.241993  0.021352  0.149466  2.074733  0.281139  0.049822  0.024911  0.199288  0.017794  0.533808  0.096085  0.007117  0.007117  0.064057  0.010676  0.010676  0.046263  0.028470  0.035587  0.035587  0.003559  0.049822  0.010676  0.010676  0.032028  0.192171  0.007117  0.010676  0.017794  0.131673  0.099644  0.000000  0.092527  0.213523  0.007117  0.017794  0.021352  0.644128  0.099644  0.024911  0.017794  0.017794  0.010676  0.064057  0.775801  0.000000  
0.000000  0.000000  0.000000  0.210526  1.000000  0.000000  0.000000  0.000000  0.000000  7.578948  0.157895  0.000000  0.000000  0.000000  0.000000  0.000000  0.000000  0.000000  0.000000  0.000000  0.000000  0.000000  0.000000  0.000000  0.000000  0.000000  0.000000  0.000000  0.000000  0.000000  0.000000  0.000000  0.000000  0.000000  0.000000  0.000000  0.000000  0.000000  0.000000  0.000000  0.000000  0.000000  0.000000  0.000000  0.000000  0.000000  0.000000  0.000000  0.000000  0.000000  0.000000  0.000000  0.000000  0.000000  0.000000  0.000000  
2.585106  0.042553  0.255319  0.255319  0.000000  1.000000  0.000000  0.000000  0.000000  0.000000  0.000000  0.000000  0.000000  3.648936  0.382979  0.000000  0.000000  0.000000  0.000000  0.000000  0.000000  0.000000  0.000000  0.000000  0.000000  0.000000  0.000000  0.000000  0.000000  0.000000  0.000000  0.000000  0.000000  0.000000  0.000000  0.000000  0.000000  0.000000  0.010638  0.000000  0.010638  0.000000  0.191489  0.148936  0.000000  0.000000  0.000000  0.031915  0.000000  0.000000  0.010638  0.265957  0.053191  0.159574  0.340426  0.000000  
2.000000  3.333333  15.166667  10.000000  0.000000  0.000000  1.000000  0.000000  0.000000  0.000000  0.000000  0.000000  0.000000  9.833333  15.500000  0.000000  0.000000  0.500000  0.000000  0.000000  0.000000  0.000000  0.000000  0.000000  0.000000  0.000000  0.166667  0.000000  0.000000  0.000000  0.000000  0.000000  0.000000  0.000000  0.000000  0.333333  0.000000  0.000000  0.000000  0.000000  0.333333  0.000000  0.833333  1.000000  0.000000  0.000000  0.000000  0.000000  0.000000  0.000000  0.000000  0.166667  0.000000  0.666667  4.166667  0.000000  
0.666667  0.111111  0.000000  0.666667  0.000000  0.222222  0.000000  1.000000  1.222222  0.222222  0.333333  0.000000  0.000000  3.000000  1.333333  0.000000  0.000000  0.000000  0.000000  0.222222  0.000000  0.000000  0.000000  2.000000  0.111111  0.000000  0.111111  0.000000  0.000000  0.111111  0.000000  0.000000  0.000000  0.000000  0.000000  0.000000  0.000000  0.000000  0.000000  0.000000  0.000000  0.000000  0.111111  0.444444  0.000000  0.000000  0.000000  0.000000  0.000000  0.000000  0.000000  0.000000  0.000000  0.000000  0.222222  0.000000  
0.056052  0.031604  0.022063  0.025641  0.000596  0.001193  0.001193  0.000000  1.000000  0.266547  0.014908  0.010733  0.002982  0.090638  0.002385  0.000000  0.009541  0.031604  0.035182  0.007156  0.001789  0.000000  0.000596  0.001789  0.002385  0.001193  0.001193  0.045915  0.025641  0.010733  0.000000  0.002982  0.005367  0.002385  0.000000  0.001789  0.000000  0.000000  0.000000  0.000000  0.002385  0.000000  0.007752  0.218247  4.206917  0.000000  0.000000  0.041145  0.000596  0.017889  0.004174  0.000000  0.064401  0.033393  0.063208  0.000000  
0.020423  0.010091  0.001682  0.023066  0.000721  0.000961  0.000481  0.000240  0.047573  1.000000  0.079529  0.386353  0.019462  0.012494  0.006728  0.003844  0.000000  0.000721  0.264536  0.412302  0.284479  0.006487  0.080010  0.137434  0.015858  0.222970  0.302018  0.000000  0.000721  0.007689  0.006247  0.000240  0.000000  0.007929  0.000000  0.000240  0.001201  0.000000  0.001442  0.000000  0.000000  0.000000  0.006247  0.132148  0.272465  0.000240  0.000000  0.058385  0.003123  0.005046  0.001201  0.000000  0.000000  0.000000  0.006247  0.000000  
0.000000  0.096774  0.064516  0.548387  0.016129  0.129032  0.080645  0.000000  0.370968  1.048387  1.000000  0.145161  0.000000  0.048387  0.161290  0.209677  0.000000  0.000000  3.419355  17.854839  8.967742  0.080645  0.451613  2.596774  0.403226  0.532258  1.193548  0.032258  0.048387  0.016129  0.193548  0.000000  0.000000  0.145161  0.000000  0.000000  0.000000  0.000000  0.000000  0.000000  0.000000  0.000000  0.064516  2.774194  10.016129  0.000000  0.000000  0.419355  0.000000  0.096774  0.032258  0.000000  0.000000  0.000000  0.080645  0.000000  
0.195767  0.137566  0.116402  0.227513  0.005291  0.010582  0.015873  0.005291  0.063492  0.380952  0.058201  1.000000  0.216931  0.000000  0.015873  0.439153  0.010582  0.095238  0.619048  1.767196  1.407407  0.000000  0.238095  1.873016  0.010582  0.619048  4.486773  0.031746  0.015873  0.714286  0.042328  0.063492  0.005291  0.005291  0.010582  0.005291  0.126984  0.000000  0.000000  0.000000  0.005291  0.000000  0.105820  0.825397  0.920635  0.005291  0.000000  0.137566  0.021164  0.037037  0.010582  0.031746  0.000000  0.000000  0.026455  0.000000  
0.000000  0.059975  0.010732  0.006944  0.000000  0.000631  0.000631  0.000000  0.006944  0.075758  0.029040  0.018939  1.000000  0.206439  0.000000  0.001894  0.000000  0.000000  0.054924  0.323864  0.211490  0.005051  0.042298  0.818813  0.058081  0.079545  0.225379  0.006313  0.013258  0.001894  0.024621  0.011995  0.011364  0.020202  0.001263  0.000631  0.000000  0.000000  0.000000  0.000000  0.000000  0.000000  0.005682  0.083333  0.234848  0.001263  0.000000  0.017045  0.002525  0.005682  0.001894  0.000000  0.000000  0.012626  0.015152  0.000000  
0.166850  0.010283  0.004162  0.024972  0.000490  0.005019  0.001591  0.000490  0.018485  0.019953  0.007345  0.005509  0.004407  1.000000  0.018362  0.074183  0.014445  0.039050  0.007222  0.060962  0.089362  0.002326  0.007345  0.110540  0.009181  0.006610  0.068674  0.010038  0.026441  0.034521  0.018729  0.035500  0.048721  0.160240  0.035133  0.285225  0.001224  0.001591  0.004529  0.001224  0.002571  0.007100  0.044191  0.066226  0.083609  0.004162  0.003795  0.003550  0.002081  0.002448  0.002816  0.016526  0.000734  0.080059  0.306647  0.000000  
0.221259  0.119673  0.058226  0.021308  0.000496  0.066898  0.009167  0.000248  0.124133  0.055748  0.004708  0.002478  0.009663  0.219277  1.000000  0.007185  0.006194  0.023538  0.005203  0.059465  0.072349  0.003717  0.002725  0.027502  0.005451  0.004708  0.014123  0.004955  0.020069  0.011150  0.001239  0.009415  0.005451  0.005203  0.005203  0.025768  0.008672  0.001487  0.004460  0.007433  0.013875  0.002230  0.047324  0.097374  0.172696  0.059465  0.080773  0.051784  0.056244  0.244549  0.016105  0.011150  0.023786  0.105055  0.184589  0.000000  
0.525974  0.071429  0.097403  0.142857  0.000000  0.006494  0.000000  0.000000  0.116883  0.090909  0.045455  0.000000  0.071429  0.422078  0.064935  1.000000  0.012987  0.025974  0.090909  3.350649  5.214286  0.045455  0.058442  1.149351  0.058442  0.006494  0.519481  0.071429  0.025974  0.181818  0.097403  0.155844  0.038961  0.305195  0.487013  0.246753  0.233766  0.000000  0.000000  0.000000  0.110390  0.000000  0.162338  3.240260  0.642857  0.292208  0.422078  0.077922  0.058442  1.766234  0.051948  0.103896  0.006494  1.285714  0.746753  0.000000  
0.341772  0.151899  0.151899  0.531646  0.000000  0.012658  0.012658  0.025316  0.291139  0.177215  0.037975  0.012658  0.025316  0.911392  0.000000  0.012658  1.000000  0.189873  0.291139  0.936709  0.493671  0.037975  0.189873  0.873418  0.164557  0.037975  0.810127  0.101266  0.113924  6.050633  0.253165  0.075949  0.012658  0.088608  0.075949  0.012658  0.000000  0.000000  0.037975  0.000000  0.000000  0.012658  0.088608  4.797468  13.430380  0.025316  0.012658  0.468354  0.113924  0.278481  0.025316  0.000000  0.012658  0.240506  0.759494  0.000000  
0.053908  0.013477  0.000000  0.021563  0.000000  0.000000  0.000000  0.002695  0.051213  0.002695  0.010782  0.021563  0.013477  1.064690  0.000000  0.024259  0.070081  1.000000  0.053908  0.212938  0.032345  0.000000  0.000000  0.355795  0.010782  0.029650  0.183288  0.091644  0.078167  0.072776  0.051213  2.444744  2.269542  0.207547  0.078167  0.097035  0.026954  0.048518  0.159030  0.024259  0.051213  0.180593  0.323450  0.676550  0.264151  0.067385  0.026954  0.037736  0.010782  0.048518  0.032345  0.102426  0.002695  0.288410  0.097035  0.000000  
0.061135  0.205240  0.257642  0.174672  0.000000  0.000000  0.000000  0.000000  0.030568  0.676856  0.096070  0.008734  0.074236  0.000000  0.000000  0.000000  0.000000  0.000000  1.000000  1.314410  0.013100  0.000000  0.279476  0.052402  0.000000  0.000000  0.026201  0.000000  0.000000  0.030568  0.000000  0.000000  0.000000  0.000000  0.000000  0.000000  0.000000  0.000000  0.000000  0.000000  0.000000  0.000000  0.000000  3.432314  6.248909  0.034934  0.043668  0.842795  0.135371  0.340611  0.122271  0.061135  0.017467  0.131004  1.165939  0.000000  
0.094007  0.022119  0.036915  0.053804  0.000598  0.002989  0.001046  0.000747  0.017187  0.037513  0.016141  0.010013  0.017636  0.035421  0.005380  0.002989  0.003587  0.001046  0.082798  1.000000  0.113585  0.000149  0.060081  0.054103  0.005978  0.014049  0.021073  0.001644  0.003886  0.005081  0.001495  0.002242  0.001345  0.006576  0.002690  0.003736  0.001644  0.000149  0.000299  0.001345  0.003437  0.001046  0.010163  0.120759  0.103572  0.019728  0.018532  0.015394  0.003288  0.009864  0.005081  0.030339  0.001644  0.076222  0.062920  0.000000  
0.068090  0.004029  0.001612  0.000403  0.000000  0.000000  0.000403  0.000000  0.013699  0.010073  0.001612  0.002015  0.010475  0.008058  0.000403  0.001612  0.001209  0.001209  0.000403  0.130137  1.000000  0.000000  0.001209  0.007252  0.000403  0.002015  0.008864  0.000403  0.000403  0.002015  0.002015  0.001612  0.003626  0.002820  0.000403  0.002015  0.000806  0.000403  0.000806  0.001209  0.006044  0.002820  0.010878  0.168010  0.024980  0.084609  0.059629  0.007655  0.001612  0.253828  0.008461  0.003626  0.002015  0.050766  0.393231  0.000000  
0.000000  0.000000  0.000000  0.000000  0.000000  0.000000  0.000000  0.000000  0.000000  0.000000  0.000000  0.000000  0.000000  0.000000  0.000000  0.000000  0.000000  0.000000  0.000000  0.023810  0.000000  1.000000  0.000000  0.000000  0.000000  0.000000  0.000000  0.000000  0.000000  0.000000  0.000000  0.000000  0.000000  0.000000  0.000000  0.000000  0.000000  0.000000  0.000000  0.000000  0.000000  0.000000  0.000000  0.035714  0.000000  0.000000  0.000000  0.000000  0.000000  0.511905  0.000000  0.000000  0.000000  0.000000  7.726191  0.000000  
0.121495  0.000000  0.000000  0.000000  0.000000  0.000000  0.000000  0.000000  0.000000  0.168224  0.037383  0.000000  0.093458  0.000000  0.000000  0.000000  0.000000  0.000000  0.046729  0.289720  0.000000  0.000000  1.000000  0.000000  0.000000  0.000000  0.000000  0.000000  0.000000  0.000000  0.000000  0.000000  0.000000  0.000000  0.000000  0.000000  0.000000  0.000000  0.000000  0.000000  0.000000  0.000000  0.000000  0.000000  0.037383  0.000000  0.000000  0.018692  2.663551  0.000000  0.000000  0.000000  0.000000  0.000000  4.102804  0.000000  
0.005439  0.044960  0.014141  0.024293  0.000181  0.001088  0.000544  0.000000  0.006345  0.010515  0.002719  0.001813  0.036077  0.035714  0.001450  0.002538  0.001813  0.001994  0.016679  0.395033  0.159536  0.017585  0.030276  1.000000  0.034445  0.004714  0.046229  0.001088  0.001269  0.014866  0.004895  0.001450  0.002901  0.005983  0.000181  0.003626  0.000000  0.000181  0.000181  0.000725  0.002357  0.000725  0.008339  0.114213  0.139413  0.012690  0.011240  0.019036  0.002901  0.017766  0.051487  0.020486  0.017585  0.083756  0.247099  0.000000  
0.082707  0.225564  0.195489  0.037594  0.000000  0.000000  0.000000  0.000000  0.015038  0.037594  0.022556  0.007519  0.045113  0.150376  0.037594  0.022556  0.000000  0.015038  0.022556  0.518797  1.842105  0.060150  0.187970  0.669173  1.000000  0.022556  0.157895  0.000000  0.000000  0.000000  0.090226  0.015038  0.030075  0.052632  0.000000  0.007519  0.000000  0.000000  0.000000  0.000000  0.000000  0.000000  0.000000  0.233083  0.015038  0.000000  0.000000  0.075188  0.060150  0.090226  0.120301  0.105263  0.030075  0.691729  2.977444  0.000000  
0.626016  0.422764  0.390244  1.422764  0.008130  0.016260  0.089431  0.008130  0.227642  0.300813  0.032520  0.138211  0.048780  0.308943  0.089431  0.008130  0.024390  0.008130  0.821138  3.804878  7.146341  0.252033  0.235772  3.715447  0.471545  1.000000  1.853659  0.000000  0.008130  0.016260  0.073171  0.000000  0.000000  0.008130  0.056911  0.008130  0.000000  0.000000  0.000000  0.000000  0.000000  0.000000  0.000000  1.414634  0.707317  0.032520  0.016260  0.154472  0.073171  0.260163  0.032520  0.162602  0.235772  0.162602  1.764228  0.000000  
0.126551  0.085608  0.065757  0.039702  0.001241  0.003722  0.007444  0.001241  0.049628  0.140199  0.079404  0.022333  0.110422  0.791563  0.062035  0.220844  0.014888  0.024814  0.013648  0.096774  1.132754  0.008685  0.034739  0.632754  0.054591  0.028536  1.000000  0.018610  0.090571  0.401985  0.028536  0.079404  0.037221  0.111663  0.133995  0.127792  0.131514  0.001241  0.043424  0.013648  0.088089  0.045906  0.583127  0.532258  0.739454  0.033499  0.022333  0.032258  0.027295  0.111663  0.016129  0.069479  0.013648  0.545906  0.445409  0.000000  
0.916667  1.000000  0.916667  0.083333  0.000000  0.000000  0.000000  0.000000  3.166667  2.083333  0.416667  0.000000  0.833333  2.166667  0.000000  0.000000  0.000000  0.000000  0.666667  2.083333  2.333333  0.000000  0.000000  5.666667  0.166667  0.500000  0.333333  1.000000  4.000000  0.666667  0.000000  0.916667  0.000000  0.083333  0.500000  0.083333  0.083333  0.000000  0.000000  0.000000  0.500000  0.000000  3.083333  3.250000  27.083334  0.000000  0.000000  0.250000  0.416667  0.250000  0.250000  1.083333  0.500000  3.416667  0.666667  0.000000  
0.059748  0.015723  0.003145  0.000000  0.000000  0.000000  0.000000  0.000000  0.025157  0.028302  0.009434  0.000000  0.003145  0.559748  0.000000  0.000000  0.000000  0.000000  0.066038  0.078616  0.619497  0.006289  0.003145  0.613208  0.204403  0.000000  0.154088  0.056604  1.000000  0.157233  0.003145  0.015723  0.000000  0.003145  0.000000  0.015723  0.000000  0.000000  0.009434  0.000000  0.213836  0.000000  1.125786  0.716981  0.874214  0.000000  0.000000  0.009434  0.015723  0.028302  0.012579  0.078616  0.018868  0.367925  0.166667  0.000000  
0.210526  0.016447  0.009868  0.029605  0.000000  0.016447  0.000000  0.006579  0.082237  0.013158  0.026316  0.016447  0.026316  0.292763  0.000000  0.046053  0.016447  0.036184  0.049342  0.338816  0.118421  0.009868  0.013158  0.766447  0.023026  0.026316  0.223684  0.006579  0.085526  1.000000  0.052632  0.019737  0.019737  0.059211  0.049342  0.108553  0.223684  0.003289  0.000000  0.016447  0.019737  0.023026  0.062500  2.378289  2.203947  0.032895  0.000000  0.088816  0.046053  0.065789  0.026316  0.296053  0.125000  1.009868  0.842105  0.000000  
0.000000  0.000000  0.000000  0.000000  0.000000  0.000000  0.000000  0.000000  0.000000  0.000000  0.000000  0.000000  0.000000  0.000000  0.000000  0.000000  0.000000  0.000000  0.000000  0.333333  0.000000  0.000000  0.000000  0.333333  2.666667  0.000000  4.666667  0.000000  0.000000  0.333333  1.000000  0.333333  0.000000  0.000000  0.333333  0.333333  0.333333  0.000000  0.000000  0.000000  0.000000  0.000000  0.666667  0.666667  0.000000  0.000000  0.000000  0.333333  0.333333  0.000000  0.000000  0.000000  0.000000  3.333333  4.000000  0.000000  
0.049689  0.049689  0.031056  0.049689  0.000000  0.024845  0.006211  0.012422  0.608696  0.074534  0.049689  0.049689  0.043478  3.863354  0.062112  0.335404  0.037267  0.279503  0.055901  0.298137  0.173913  0.000000  0.012422  0.987578  0.211180  0.074534  0.720497  0.198758  0.459627  0.254658  0.161491  1.000000  0.316770  0.478261  0.198758  0.931677  0.521739  0.291925  0.267081  0.136646  0.161491  0.565217  3.540373  3.465838  0.490683  0.652174  0.403727  0.118012  0.136646  0.236025  0.198758  0.422360  0.043478  1.422360  1.360248  0.000000  
0.000000  0.423423  0.279279  0.009009  0.000000  0.018018  0.009009  0.000000  0.162162  0.315315  0.162162  0.081081  0.108108  0.900901  0.036036  0.117117  0.081081  0.180180  0.252252  1.036036  0.261261  0.018018  0.063063  0.639640  0.162162  0.108108  0.378378  0.144144  0.063063  0.144144  0.054054  0.270270  1.000000  0.198198  0.090090  0.297297  0.288288  0.090090  0.018018  0.054054  0.171171  0.027027  1.468468  1.072072  1.342342  0.720721  0.207207  0.261261  0.189189  0.918919  0.603604  3.450450  0.216216  18.090090  6.693694  0.000000  
0.643678  0.137931  0.126437  0.229885  0.000000  0.011494  0.000000  0.011494  0.206897  0.275862  0.057471  0.011494  0.183908  4.482759  0.137931  0.206897  0.126437  0.137931  0.712644  2.241379  3.206897  0.057471  0.183908  3.839081  1.620690  0.011494  1.574713  0.080460  0.344828  1.965517  0.367816  0.528736  0.160920  1.000000  1.413793  0.275862  0.586207  0.000000  0.183908  0.000000  0.206897  0.206897  2.034483  3.988506  4.551724  0.022989  0.068966  0.034483  0.206897  0.390805  0.091954  0.126437  0.000000  1.816092  1.034483  0.000000  
0.006859  0.006859  0.008230  0.006859  0.000000  0.000000  0.000000  0.000000  0.002743  0.002743  0.000000  0.000000  0.002743  0.001372  0.004115  0.010974  0.004115  0.000000  0.010974  0.015089  0.043896  0.002743  0.002743  0.012346  0.028807  0.000000  0.012346  0.000000  0.002743  0.052126  0.010974  0.008230  0.001372  0.006859  1.000000  0.024691  0.043896  0.000000  0.000000  0.000000  0.000000  0.000000  0.000000  0.349794  0.004115  0.001372  0.000000  0.004115  0.008230  0.020576  0.005487  0.009602  0.001372  0.049383  0.108368  0.000000  
0.024003  0.005514  0.003244  0.000000  0.000000  0.000000  0.000000  0.000324  0.001946  0.005514  0.001946  0.001297  0.001622  0.094064  0.000973  0.108012  0.000973  0.018164  0.005190  0.009406  0.095686  0.000973  0.005190  0.035355  0.002919  0.001622  0.024327  0.004541  0.000649  0.081739  0.013947  0.015245  0.009406  0.077846  0.040869  1.000000  1.104119  0.003244  0.000973  0.000649  0.004217  0.000649  0.009082  0.334415  0.004865  0.004217  0.003892  0.003892  0.006487  0.008109  0.003568  0.002919  0.011677  0.024003  0.092767  0.000000  
0.761905  0.333333  0.285714  0.571429  0.000000  0.000000  0.047619  0.000000  0.333333  0.142857  0.047619  0.047619  0.095238  2.380952  0.000000  0.000000  0.000000  0.000000  0.000000  0.428571  0.142857  0.000000  0.047619  0.380952  0.142857  0.095238  0.238095  0.142857  0.095238  0.047619  0.000000  0.000000  0.000000  0.285714  0.047619  0.380952  1.000000  0.000000  0.000000  0.000000  0.000000  0.095238  0.190476  0.714286  1.428571  0.809524  0.952381  0.571429  2.380952  2.952381  0.428571  0.380952  0.095238  9.142858  13.523809  0.000000  
0.371134  0.000000  0.000000  0.000000  0.000000  0.000000  0.000000  0.000000  0.000000  0.010309  0.000000  0.000000  0.000000  0.020619  0.000000  0.000000  0.000000  0.000000  0.000000  0.030928  0.010309  0.000000  0.000000  0.020619  0.000000  0.000000  0.010309  0.000000  0.000000  0.000000  0.000000  0.000000  0.000000  0.000000  0.000000  0.010309  0.000000  1.000000  0.020619  0.000000  0.010309  0.000000  6.701031  7.340206  0.000000  0.000000  0.000000  0.000000  0.010309  0.010309  0.000000  0.350515  0.000000  1.123711  0.463918  0.000000  
0.143158  0.000000  0.000000  0.000000  0.000000  0.000000  0.000000  0.000000  0.000000  0.002105  0.000000  0.000000  0.000000  0.686316  0.000000  0.000000  0.000000  0.000000  0.000000  0.008421  0.006316  0.000000  0.000000  0.008421  0.000000  0.000000  0.002105  0.000000  0.000000  0.000000  0.000000  0.000000  0.000000  0.006316  0.000000  0.042105  0.000000  0.035789  1.000000  0.002105  0.016842  0.000000  1.096842  0.490526  0.000000  0.000000  0.000000  0.000000  0.002105  0.002105  0.000000  0.046316  0.000000  0.303158  0.145263  0.000000  
2.500000  0.046875  0.000000  0.000000  0.000000  0.000000  0.000000  0.000000  0.000000  0.015625  0.000000  0.000000  0.000000  0.359375  0.000000  0.000000  0.000000  0.000000  0.000000  0.031250  0.015625  0.000000  0.000000  0.031250  0.000000  0.000000  0.015625  0.000000  0.000000  0.000000  0.000000  0.000000  0.000000  0.000000  0.000000  0.015625  0.000000  0.093750  0.000000  1.000000  0.593750  0.000000  6.359375  1.843750  0.000000  0.000000  0.000000  0.000000  0.015625  0.015625  0.000000  0.015625  0.000000  1.484375  0.968750  0.000000  
0.101426  0.006339  0.000000  0.006339  0.000000  0.000000  0.000000  0.000000  0.007924  0.015848  0.004754  0.003170  0.004754  0.038035  0.001585  0.007924  0.000000  0.003170  0.007924  0.055468  0.028526  0.003170  0.003170  0.050713  0.007924  0.004754  0.017433  0.004754  0.006339  0.006339  0.001585  0.004754  0.009509  0.006339  0.007924  0.019017  0.014263  0.000000  0.001585  0.001585  1.000000  0.001585  0.028526  0.098257  0.017433  0.007924  0.009509  0.000000  0.007924  0.012678  0.000000  0.017433  0.000000  4.335975  0.026941  0.000000  
0.000000  0.011696  0.000000  0.023392  0.000000  0.000000  0.000000  0.000000  0.035088  0.064327  0.017544  0.011696  0.023392  0.134503  0.005848  0.029240  0.000000  0.011696  0.040936  0.210526  0.105263  0.011696  0.011696  0.222222  0.040936  0.017544  0.111111  0.017544  0.023392  0.052632  0.005848  0.017544  0.035088  0.023392  0.029240  0.076023  0.070175  0.000000  0.005848  0.005848  0.023392  1.000000  0.076023  0.222222  0.046784  0.029240  0.035088  0.000000  0.029240  0.046784  0.000000  0.029240  0.000000  13.245614  0.017544  0.000000  
0.816636  0.003495  0.001398  0.001631  0.000000  0.000000  0.000233  0.000000  0.002097  0.004427  0.001631  0.000699  0.001398  0.086440  0.000699  0.002097  0.000466  0.000932  0.002330  0.027726  0.007456  0.000699  0.001165  0.015144  0.002563  0.001398  0.004893  0.001398  0.001631  0.001864  0.000699  0.016076  0.002563  0.001631  0.001631  0.005825  0.003728  0.011650  0.062209  0.009087  0.028425  0.002330  1.000000  0.680336  0.006990  0.002796  0.003029  0.000000  0.003029  0.004660  0.000000  0.057782  0.000466  0.590168  0.105312  0.000000  
0.267968  0.025052  0.019005  0.028334  0.000173  0.001728  0.000518  0.000173  0.038701  0.032999  0.005874  0.004665  0.015204  0.123877  0.006393  0.016068  0.007084  0.006911  0.018141  0.187802  0.110401  0.006565  0.012094  0.162059  0.040083  0.013649  0.077747  0.004319  0.010366  0.054596  0.008639  0.009848  0.012440  0.012440  0.025397  0.054077  0.049067  0.010712  0.026261  0.004665  0.021596  0.003801  0.120767  1.000000  0.254147  0.055114  0.064789  0.016240  0.006220  0.064098  0.007084  0.053214  0.239807  0.418106  0.214927  0.000000  
0.366446  0.081678  0.072848  0.099338  0.001104  0.011038  0.007726  0.001104  0.017660  0.038631  0.011038  0.005519  0.012141  0.077263  0.011038  0.005519  0.004415  0.007726  0.007726  0.047461  0.044150  0.001104  0.008830  0.035320  0.005519  0.005519  0.017660  0.004415  0.005519  0.009934  0.001104  0.004415  0.011038  0.005519  0.004415  0.027594  0.006623  0.002208  0.002208  0.003311  0.013245  0.005519  0.026490  0.094923  1.000000  0.164459  0.091611  0.151214  0.041943  0.060706  0.096026  0.075055  3.112583  0.458057  3.865342  0.000000  
0.959707  0.102564  0.075092  0.180403  0.000916  0.026557  0.003663  0.000000  0.233516  0.537546  0.092491  0.165751  0.268315  1.211538  1.223443  0.138278  0.108974  0.132784  0.209707  1.351648  0.895604  0.010989  0.090659  0.882784  0.185897  0.141026  0.579670  0.040293  0.118132  0.392857  0.116300  0.177656  0.194139  0.137363  0.185897  0.646520  0.335165  0.084249  0.121795  0.061355  0.141026  0.077839  1.318681  1.758242  1.701465  1.000000  9.004579  0.098901  0.057692  0.256410  0.041209  0.164835  0.020147  0.980769  2.026557  0.000000  
0.324397  0.017426  0.014745  0.008043  0.001340  0.002681  0.000000  0.000000  0.033512  0.020107  0.005362  0.000000  0.006702  0.112601  0.009383  0.010724  0.002681  0.008043  0.008043  0.198391  0.084450  0.000000  0.005362  0.052279  0.004021  0.002681  0.021448  0.002681  0.004021  0.014745  0.009383  0.010724  0.006702  0.010724  0.016086  0.044236  0.029491  0.002681  0.005362  0.005362  0.012064  0.005362  0.079088  0.758713  0.282842  0.210456  1.000000  0.018767  0.013405  0.276139  0.006702  0.349866  0.008043  0.912869  2.144772  0.000000  
7.461538  12.615385  2.923077  10.538462  0.692308  0.846154  0.384615  0.153846  7.384615  30.384615  1.384615  2.384615  2.538461  16.846153  7.923077  1.153846  1.769231  2.615385  2.923077  10.230769  6.461538  0.076923  0.769231  5.461538  1.384615  1.923077  3.769231  0.692308  0.846154  2.153846  0.384615  1.615385  1.846154  1.461538  0.769231  3.461539  1.307692  0.769231  1.230769  1.076923  1.076923  0.923077  8.692307  15.000000  16.692308  59.846153  18.846153  1.000000  2.461539  122.692307  16.384615  2.615385  0.538462  10.076923  42.153847  0.000000  
0.060827  0.043796  0.017032  0.070560  0.012165  0.014599  0.014599  0.004866  0.133820  0.231144  0.021898  0.031630  0.029197  0.141119  0.255474  0.017032  0.026764  0.029197  0.038929  0.087591  0.107056  0.000000  0.060827  0.053528  0.004866  0.012165  0.046229  0.007299  0.009732  0.021898  0.002433  0.026764  0.026764  0.009732  0.009732  0.048662  0.012165  0.012165  0.017032  0.012165  0.007299  0.004866  0.094891  0.128954  0.211679  0.547445  0.121655  0.021898  1.000000  4.464720  0.012165  0.043796  0.002433  0.046229  0.107056  0.000000  
0.054147  0.029954  0.010369  0.049078  0.002304  0.012903  0.004839  0.003226  0.174194  0.119585  0.005760  0.013364  0.020737  0.105069  0.127189  0.009217  0.027189  0.036866  0.014055  0.065207  0.052995  0.000691  0.003687  0.044470  0.006912  0.009908  0.034101  0.008756  0.009677  0.040323  0.005530  0.026498  0.026267  0.011751  0.005991  0.026498  0.010138  0.006452  0.010829  0.008065  0.009677  0.005530  0.102995  0.147465  0.237097  0.578341  0.160138  0.079954  0.045622  1.000000  0.012212  0.018203  0.005069  0.075806  0.214055  0.000000  
110.000000  53.000000  17.000000  29.000000  1.000000  3.000000  1.000000  1.000000  52.000000  63.000000  11.000000  13.000000  27.000000  253.000000  36.000000  27.000000  13.000000  18.000000  32.000000  265.000000  55.000000  3.000000  8.000000  264.000000  49.000000  20.000000  70.000000  3.000000  13.000000  26.000000  13.000000  30.000000  137.000000  43.000000  33.000000  84.000000  74.000000  8.000000  11.000000  6.000000  21.000000  27.000000  109.000000  511.000000  194.000000  1337.000000  985.000000  22.000000  85.000000  256.000000  0.000000  406.000000  15.000000  1194.000000  1088.000000  0.000000  
0.423776  0.044349  0.020942  0.024330  0.000308  0.002156  0.004312  0.000308  0.016631  0.041269  0.007083  0.005544  0.011087  0.046504  0.011703  0.005544  0.003388  0.005544  0.008315  0.053588  0.087157  0.001540  0.003388  0.040653  0.006775  0.006160  0.016631  0.003388  0.004928  0.012627  0.002156  0.008315  0.011703  0.004620  0.008931  0.040037  0.018787  0.002772  0.003388  0.002772  0.018479  0.008931  0.118879  0.194333  0.076378  0.246073  0.170003  0.115183  0.042193  0.048660  0.042809  1.000000  0.514013  0.150909  0.638435  0.000000  
0.000000  0.000000  0.000000  0.000000  0.000000  0.000000  0.000000  0.000000  0.000000  0.000000  0.000000  0.000000  0.000000  0.000000  0.000000  0.000000  0.000000  0.000000  0.000000  0.000000  0.000000  0.000000  0.000000  0.000000  0.000000  0.000000  0.000000  0.000000  0.000000  0.000000  0.000000  0.000000  0.000000  0.000000  0.000000  0.000000  0.000000  0.000000  0.000000  0.000000  0.000000  0.000000  0.000000  0.000000  0.000000  0.000000  0.000000  0.000000  0.000000  0.000000  0.000000  0.000000  0.000000  35.000000  0.000000  0.000000  
0.020778  0.029341  0.019141  0.024934  0.000126  0.001007  0.000882  0.000000  0.032490  0.044705  0.008815  0.017378  0.024304  0.344919  0.034379  0.018512  0.001889  0.002770  0.020526  0.120892  0.092684  0.003652  0.007178  0.150737  0.016874  0.013474  0.043823  0.003778  0.009445  0.015489  0.002896  0.015741  0.040927  0.020904  0.014482  0.049238  0.051631  0.010452  0.010452  0.010200  0.011711  0.038912  0.073794  0.178693  0.046845  0.081728  0.083113  0.013097  0.009193  0.031482  0.012215  0.252991  0.280947  1.000000  1.586954  0.000000  
0.007844  0.001281  0.000480  0.001361  0.000080  0.000427  0.000213  0.000053  0.000987  0.001547  0.000293  0.000400  0.000293  0.002641  0.000934  0.000427  0.000213  0.000293  0.000374  0.002828  0.001734  0.000107  0.000454  0.002081  0.000267  0.000507  0.001948  0.000187  0.000240  0.000587  0.000267  0.000507  0.000614  0.000427  0.000374  0.001201  0.000854  0.000534  0.000534  0.000320  0.000507  0.000480  0.009045  0.003549  0.006110  0.005069  0.006910  0.001494  0.003442  0.003122  0.001547  0.002108  0.031323  0.014168  1.000000  0.000000  
0.000000  0.000000  0.000000  0.000000  0.000000  0.000000  0.000000  0.000000  0.000000  0.000000  0.000000  0.000000  0.000000  0.000000  0.000000  0.000000  0.000000  0.000000  0.000000  0.000000  0.000000  0.000000  0.000000  0.000000  0.000000  0.000000  0.000000  0.000000  0.000000  0.000000  0.000000  0.000000  0.000000  0.000000  0.000000  0.000000  0.000000  0.000000  0.000000  0.000000  0.000000  0.000000  0.000000  0.000000  0.000000  0.000000  0.000000  0.000000  0.000000  0.000000  0.000000  0.000000  0.000000  0.000000  0.000000  0.000000  
0.002214  0.000496  0.001250  0.001882  0.007238  0.003254  0.012879  0.010516  0.000770  0.000489  0.004007  0.002295  0.000793  0.000349  0.000497  0.002542  0.003549  0.001638  0.002085  0.000386  0.000633  0.003442  0.003050  0.000425  0.002736  0.002845  0.001111  0.009107  0.001769  0.001809  0.018214  0.002486  0.002994  0.003382  0.001168  0.000568  0.006884  0.003203  0.001448  0.003943  0.001256  0.002413  0.000482  0.000415  0.001048  0.000955  0.001155  0.008750  0.001556  0.000479  0.031548  0.000554  0.031548  0.000354  0.000163  0.031548  